-1.5 2.0,-1.5 2.5,0.0 1.0,0.0 1.5,0.0 2.0,0.0 2.5,other
0.0123456790123,0.0123456790123,0.0123456790123,0.0123456790123,0.0123456790123,0.0123456790123,0.925925925926
0.0122256120187,0.0122256121988,0.0140509660999,0.0139030915612,0.0139030501424,0.0138998846345,0.919791783344
0.0120956637556,0.0120956641376,0.0159687281181,0.0156332761508,0.0156342898212,0.0156287894486,0.912943588568
0.011955124524,0.0119551251339,0.0181195810058,0.0175495382771,0.0175533164095,0.0175469016074,0.905320413042
0.0118033065242,0.011803307394,0.0205246173998,0.0196647151165,0.0196737863047,0.0196686471742,0.896861620087
0.0116395660799,0.0116395672487,0.0232049850384,0.0219907254667,0.0220086901251,0.0220079993798,0.887508466661
0.0114633298814,0.0114633313975,0.0261813541792,0.0245380384862,0.0245698714827,0.0245780312813,0.877206043292
0.0112741249458,0.0112741268692,0.0294732711967,0.027315068065,0.027367472925,0.027390394367,0.865905541631
0.0110716115825,0.011071613988,0.0330984037165,0.0303275083141,0.0304093211357,0.030454732434,0.853566808829
0.0108556181614,0.0108556211422,0.0370716935283,0.0335776360963,0.0337002726754,0.0337780485422,0.840161109854
0.0106261759323,0.0106261796045,0.0414044467487,0.037063618031,0.0372415518581,0.0373640525719,0.825673975254
0.0103835516039,0.0103835561109,0.0461034053649,0.0407788707482,0.0410301227843,0.0412125270164,0.810107966372
0.0101282749345,0.010128280451,0.0511698587577,0.0447115325148,0.0450581465454,0.045318757783,0.793485149014
0.00986115832578,0.00986116505869,0.0565988657717,0.0488441094727,0.0493125802558,0.0496730831749,0.77584903794
0.00958330545383,0.00958331363668,0.0623786645762,0.0531533582441,0.0537749747451,0.0542606159135,0.757265767431
0.009296106414,0.0092961162881,0.0684903461274,0.0576104566325,0.0584215206489,0.0590611882179,0.737824265671
0.00900121774448,0.00900122951425,0.0749078553021,0.0621814947057,0.0632233772647,0.0640495574326,0.717635268036
0.00870052699541,0.00870054073841,0.0815983609778,0.0668282905027,0.0681472953133,0.0691958895615,0.696829095911
0.0083961030984,0.00839611859914,0.0885230038269,0.0715095008756,0.0731565158203,0.074466511977,0.675552245803
0.00809013544022,0.00809015190236,0.0956379921078,0.0761819633616,0.0782118966305,0.079824897869,0.653962962688
0.00778486596841,0.00778488154212,0.102895977069,0.0808021754963,0.0832731906576,0.0852328182265,0.63222609104
0.00748251956742,0.00748253061075,0.11024760749,0.085327799421,0.088300381045,0.0906515772066,0.610507584659
0.00718523812749,0.007185238106,0.11764314353,0.0897190761116,0.0932549719158,0.0960432376398,0.588969094569
0.006895023111,0.00689500103577,0.12503400735,0.0939400461368,0.0981011408881,0.101371747138,0.56776303434
0.00661369010487,0.00661362842336,0.13237416231,0.0979595001477,0.102806679603,0.106603891128,0.547028448284
0.00634283709646,0.00634270898903,0.139621240731,0.101751616963,0.107343677067,0.111710023826,0.526887895328
0.00608382638341,0.00608359248472,0.146737376125,0.105296283313,0.111688931938,0.116664556708,0.507445433048
0.0058377784893,0.00583738314209,0.153689732309,0.108579120605,0.115824108212,0.121446210938,0.488785666305
0.00560557547699,0.00560494272366,0.160450752362,0.111591265923,0.119735669781,0.126038061208,0.470973732526
0.00538787074353,0.00538690034804,0.166998170941,0.114328965287,0.123414640832,0.130427410936,0.454056040912
0.00518510268431,0.00518366653038,0.173314842566,0.116793037951,0.126856241563,0.13460554266,0.438061566044
0.00499751032883,0.0049954495422,0.179388437835,0.118988264173,0.130059444182,0.138567384465,0.423003509474
0.00482514990544,0.00482227299116,0.185211052117,0.120922739036,0.133026485944,0.142311126033,0.408881173974
0.00466791203188,0.00466399420908,0.190778761104,0.122607224667,0.13576236679,0.145837809475,0.395681931724
0.0045255396783,0.00452032345576,0.196091147765,0.124054524541,0.138274351316,0.149150912496,0.383383200747
0.00439764715719,0.00439084405118,0.201150817839,0.125278897193,0.140571489075,0.152255936118,0.371954368566
0.00428374021971,0.00427503339872,0.20596291656,0.126295522227,0.14266416368,0.155160005995,0.36135861792
0.00418323701368,0.00417228458168,0.21053465729,0.127120028138,0.144563679036,0.157871494912,0.351554619029
0.00409548933282,0.0040819279408,0.214874872005,0.127768088417,0.14628188939,0.160399673316,0.342498059599
0.00401980337408,0.00400325187264,0.218993592992,0.128255089168,0.147830878168,0.16275439392,0.334142990505
0.0039554591706,0.00393552207196,0.222901673983,0.128595868088,0.149222688457,0.164945815159,0.32644297307
0.0039017279751,0.00387799856316,0.22661045693,0.128804521377,0.150469105579,0.166984166427,0.31935202315
0.00385788708088,0.00382995007921,0.230131488078,0.128894272377,0.151581489792,0.168879555911,0.312825356682
0.00382323182391,0.00379066559285,0.233476284145,0.128877393779,0.152570655122,0.170641819723,0.306819949816
0.00379708475251,0.00375946303263,0.236656146865,0.128765174188,0.153446788809,0.172280409249,0.301294933104
0.00377880214584,0.00373569539476,0.239682022111,0.128567919699,0.154219405057,0.1738043124,0.296211843193
0.0037677781923,0.00371875457789,0.242564398441,0.128294981651,0.154897326535,0.175222003735,0.291534756868
0.00376344720729,0.00370807332455,0.245313239232,0.12795480278,0.155488687414,0.176541418246,0.287230331796
0.00376528428488,0.00370312566123,0.247937942456,0.12755497519,0.156000952297,0.177769943832,0.283267776279
0.00377280475812,0.00370342620443,0.250447322434,0.127102304921,0.156440946268,0.17891442792,0.279618767495
0.00378556279953,0.00370852865505,0.252849608504,0.126602879086,0.156814892086,0.179981194367,0.276257334503
0.00380314944067,0.00371802375034,0.255152456213,0.12606213266,0.157128451447,0.180976067387,0.273159719103
0.00382519023509,0.00373153688893,0.25736296739,0.125484912904,0.157386767937,0.181904399926,0.270304224719
0.00385134273819,0.00374872559426,0.259487716178,0.124875540113,0.157594509956,0.182771104486,0.267671060935
0.00388129393273,0.00376927693917,0.261532778711,0.124237863934,0.157755912413,0.183580684867,0.265242189202
0.00391475769231,0.0037929050183,0.263503764686,0.123575314919,0.157874816399,0.184337267768,0.263001173518
0.00395147234509,0.00381934852694,0.265405849523,0.122890951228,0.157954706345,0.185044633449,0.260933038582
0.00399119837751,0.00384836848295,0.267243806186,0.122187500631,0.157998744444,0.185706244978,0.2590241369
0.00403371630052,0.00387974611209,0.269022035998,0.121467398035,0.158009802217,0.186325275744,0.257262025593
0.00407882468833,0.00391328090542,0.270744598039,0.120732818883,0.157990489287,0.186904635068,0.255635353129
0.00412633839113,0.00394878884897,0.272415236861,0.119985708751,0.15794317945,0.187446991867,0.254133755831
0.00417608691695,0.00398610082052,0.274037408373,0.119227809532,0.157870034209,0.187954796376,0.252747763772
0.00422791297436,0.0040250611446,0.275614303874,0.118460682533,0.157773023944,0.188430299995,0.251468715535
0.00428167116528,0.00406552629493,0.277148872219,0.117685728847,0.157653946916,0.188875573359,0.250288681199
0.00433722681608,0.00410736373253,0.278643840198,0.116904207287,0.157514446301,0.189292522745,0.24920039292
0.00439445493482,0.0041504508673,0.280101731212,0.116117250185,0.15735602543,0.189682904933,0.248197182438
0.00445323928258,0.00419467413125,0.28152488233,0.115325877296,0.157180061428,0.190048340659,0.247272924874
0.00451347154745,0.00423992815217,0.282915459865,0.114531008052,0.156987817407,0.190390326759,0.246421988217
0.00457505061035,0.00428611501704,0.284275473554,0.113733472355,0.156780453373,0.190710247158,0.245639187932
0.00463788189271,0.00433314361537,0.285606789479,0.112934020095,0.15655903598,0.191009382774,0.244919746164
0.00470187677692,0.0043809290538,0.286911141817,0.112133329551,0.156324547256,0.191288920477,0.24425925507
0.00476695209126,0.00442939213364,0.28819014353,0.111332014815,0.156077892422,0.191549961169,0.243653643839
0.00483302965188,0.00447845888432,0.289445296097,0.11053063236,0.155819906899,0.191793527094,0.243099149015
0.00490003585527,0.0045280601461,0.290677998365,0.109729686845,0.155551362585,0.19202056844,0.242592287763
0.00496790131515,0.00457813119649,0.291889554604,0.108929636283,0.155272973502,0.192231969318,0.24212983378
0.00503656053858,0.00462861141515,0.293081181853,0.108130896608,0.154985400864,0.19242855317,0.241708795551
0.00510595163667,0.00467944398267,0.294254016602,0.107333845751,0.154689257641,0.192611087675,0.241326396712
0.00517601606572,0.00473057560948,0.295409120902,0.106538827264,0.154385112668,0.192780289193,0.240980058297
0.00524669839513,0.00478195629117,0.296547487929,0.105746153552,0.154073494359,0.192936826812,0.240667382661
0.00531794609891,0.00483353908715,0.297670047077,0.104956108759,0.153754894052,0.193081326014,0.240386138912
0.00538970936796,0.00488527992002,0.298777668609,0.104168951354,0.153429769039,0.193214372017,0.240134249693
0.00546194094066,0.00493713739319,0.299871167922,0.103384916441,0.153098545315,0.193336512823,0.239909779165
0.00553459594951,0.00498907262461,0.300951309448,0.102604217839,0.152761620059,0.193448261994,0.239710922086
0.00560763178198,0.00504104909491,0.302018810236,0.101827049947,0.1524193639,0.193550101185,0.239535993855
0.00568100795391,0.00509303250809,0.303074343244,0.10105358942,0.152072122967,0.19364248247,0.239383421437
0.00575468599391,0.00514499066361,0.304118540358,0.100283996691,0.151720220762,0.19372583046,0.239251735072
0.00582862933748,0.00519689333847,0.305151995179,0.0995184173292,0.151363959867,0.193800544248,0.239139560701
0.00590280322979,0.00524871217816,0.306175265587,0.0987569832838,0.151003623496,0.1938669992,0.239045613026
0.00597717463602,0.00530042059569,0.307188876101,0.0979998139993,0.150639476922,0.193925548591,0.238968689155
0.00605171215854,0.00535199367769,0.308193320066,0.0972470174331,0.150271768781,0.193976525114,0.23890766277
0.00612638595998,0.00540340809691,0.309189061673,0.0964986909769,0.149900732261,0.194020242272,0.238861478761
0.00620116769168,0.00545464203049,0.310176537819,0.0957549222964,0.149526586202,0.194056995657,0.238829148304
0.00627603042686,0.00550567508344,0.311156159844,0.0950157900955,0.149149536098,0.194087064133,0.23880974432
0.00635094859804,0.00555648821672,0.31212831513,0.0942813648137,0.148769775028,0.194110710928,0.238802397286
0.00642589793826,0.00560706367966,0.313093368592,0.0935517092626,0.148387484501,0.194128184646,0.23880629138
0.00650085542564,0.0056573849462,0.314051664058,0.0928268792092,0.148002835251,0.1941397202,0.23882066091
0.00657579923102,0.00570743665465,0.315003525557,0.0921069239086,0.147615987952,0.194145539681,0.238844787015
0.00665070866846,0.00575720455067,0.315949258515,0.0913918865938,0.147227093895,0.194145853163,0.238877994614
0.00672556414808,0.00580667543325,0.31688915087,0.0906818049245,0.146836295606,0.194140859447,0.238919649571
0.00680034713126,0.00585583710337,0.317823474111,0.0899767114002,0.146443727417,0.194130746762,0.238969156074
0.00687504008796,0.0059046783152,0.318752484252,0.0892766337401,0.146049516002,0.194115693404,0.239025954199
0.00694962645586,0.00595318872968,0.319676422731,0.0885815952327,0.145653780863,0.194095868344,0.239089517644
0.00702409060129,0.00600135887021,0.320595517267,0.087891615059,0.145256634797,0.194071431785,0.239159351622
0.00709841778181,0.00604918008042,0.321509982643,0.0872067085905,0.144858184311,0.194042535687,0.239234990906
0.00717259411022,0.00609664448384,0.322420021457,0.086526887664,0.144458530027,0.194009324257,0.239315998001
0.00724660652005,0.00614374494538,0.323325824809,0.0858521608366,0.144057767042,0.193971934404,0.239401961443
0.00732044273233,0.00619047503444,0.324227572961,0.0851825336215,0.143655985275,0.193930496163,0.239492494212
0.00739409122359,0.00623682898972,0.325125435942,0.0845180087062,0.143253269787,0.193885133102,0.23958723225
0.00746754119506,0.00628280168542,0.326019574126,0.0838585861552,0.142849701074,0.193835962687,0.239685833078
0.00754078254291,0.00632838859895,0.326910138769,0.0832042635977,0.14244535535,0.193783096639,0.239787974502
0.00761380582962,0.00637358578004,0.327797272519,0.0825550364022,0.142040304806,0.19372664126,0.239893353403
0.00768660225629,0.00641838982105,0.328681109888,0.081910897839,0.14163461785,0.19366669774,0.240001684605
0.00775916363597,0.00646279782864,0.329561777707,0.0812718392305,0.141228359336,0.193603362447,0.240112699815
0.00783148236784,0.00650680739653,0.330439395542,0.0806378500918,0.140821590774,0.1935367272,0.240226146628
0.00790355141231,0.00655041657948,0.331314076096,0.0800089182615,0.140414370531,0.19346687952,0.240341787601
0.00797536426701,0.00659362386832,0.33218592558,0.0793850300231,0.140006754015,0.193393902875,0.240459399371
0.00804691494355,0.00663642816606,0.333055044071,0.0787661702185,0.139598793852,0.193317876902,0.240578771846
0.00811819794509,0.00667882876498,0.333921525842,0.0781523223539,0.139190540044,0.19323887762,0.24069970743
0.00818920824469,0.00672082532473,0.334785459675,0.0775434686983,0.138782040129,0.193156977627,0.240822020301
0.00825994126441,0.00676241785132,0.335646929162,0.0769395903757,0.138373339317,0.193072246293,0.240945535736
0.00833039285513,0.00680360667707,0.336506012982,0.0763406674511,0.13796448063,0.192984749934,0.241070089471
0.0084005592771,0.00684439244136,0.337362785164,0.0757466790103,0.137555505027,0.192894551978,0.241195527102
0.00847043718111,0.00688477607226,0.338217315342,0.0751576032357,0.137146451523,0.192801713124,0.241321703522
0.00854002359043,0.00692475876897,0.339069668986,0.0745734174757,0.136737357296,0.192706291488,0.241448482394
0.00860931588328,0.00696434198499,0.339919907629,0.0739940983104,0.136328257801,0.192608342747,0.241575735645
0.00867831177604,0.0070035274121,0.340768089074,0.0734196216131,0.135919186858,0.192507920263,0.241703343004
0.00874700930698,0.00704231696501,0.341614267598,0.0728499626073,0.13551017675,0.192405075218,0.241831191555
0.00881540682068,0.00708071276673,0.342458494137,0.0722850959203,0.135101258311,0.19229985672,0.241959175324
0.00888350295294,0.0071187171346,0.343300816467,0.0717249956333,0.134692461004,0.192192311924,0.242087194884
0.0089512966163,0.00715633256697,0.344141279372,0.0711696353288,0.134283812999,0.192082486128,0.242215156988
0.00901878698615,0.00719356173047,0.344979924805,0.0706189881334,0.133875341246,0.191970422878,0.24234297422
0.00908597348726,0.00723040744796,0.345816792037,0.0700730267602,0.133467071543,0.191856164058,0.242470564666
0.00915285578094,0.00726687268695,0.346651917803,0.0695317235461,0.133059028597,0.191739749979,0.242597851606
0.00921943375264,0.00730296054863,0.347485336436,0.0689950504884,0.13265123609,0.191621219463,0.242724763222
0.00928570750007,0.00733867425744,0.348317079997,0.0684629792785,0.132243716728,0.191500609919,0.24285123232
0.00935167732179,0.00737401715112,0.349147178396,0.067935481333,0.131836492302,0.191377957421,0.242977196076
0.00941734370619,0.00740899267126,0.349975659506,0.0674125278237,0.13142958373,0.191253296774,0.243102595788
0.00948270732106,0.00744360435436,0.350802549277,0.066894089705,0.131023011112,0.191126661587,0.243227376644
0.00954776900345,0.00747785582326,0.351627871832,0.0663801377396,0.13061679377,0.190998084327,0.243351487505
0.00961252975002,0.00751175077911,0.352451649573,0.0658706425231,0.130210950289,0.190867596385,0.243474880701
0.00967699070779,0.00754529299365,0.353273903268,0.0653655745065,0.129805498559,0.190735228129,0.243597511836
0.00974115316526,0.00757848630199,0.354094652143,0.064864904017,0.12940045581,0.190601008961,0.243719339602
0.00980501854391,0.00761133459569,0.354913913964,0.0643686012787,0.128995838649,0.190464967359,0.24384032561
0.0098685883901,0.00764384181626,0.355731705115,0.0638766364304,0.128591663089,0.190327130935,0.243960434224
0.00993186436728,0.007676011949,0.356548040676,0.0633889795434,0.128187944586,0.190187526469,0.244079632409
0.00999484824858,0.00770784901715,0.357362934492,0.0629056006374,0.127784698062,0.190046179962,0.244197889581
0.0100575419097,0.00773935707643,0.358176399239,0.0624264696962,0.127381937935,0.189903116667,0.244315177477
0.010119947322,0.00777054020977,0.358988446494,0.0619515566815,0.126979678144,0.189758361133,0.244431470016
0.0101820665464,0.0078014025225,0.359799086787,0.0614808315465,0.126577932175,0.189611937238,0.244546743184
0.0102439017268,0.00783194813764,0.360608329666,0.0610142642479,0.126176713083,0.189463868225,0.244660974913
0.0103054550841,0.00786218119162,0.361416183748,0.060551824758,0.125776033512,0.18931417673,0.244774144975
0.0103667289113,0.00789210583011,0.362222656771,0.0600934830753,0.125375905718,0.189162884819,0.244886234876
0.0104277255671,0.00792172620427,0.363027755642,0.0596392092346,0.124976341584,0.18901001401,0.244997227758
0.0104884474718,0.00795104646703,0.363831486487,0.0591889733165,0.124577352643,0.188855585304,0.245107108311
0.0105488971016,0.00798007076976,0.364633854692,0.0587427454564,0.12417895009,0.188699619211,0.245215862679
0.0106090769845,0.00800880325907,0.365434864943,0.0583004958525,0.123781144804,0.18854213577,0.245323478386
0.0106689896958,0.00803724807383,0.366234521273,0.0578621947735,0.123383947356,0.188383154579,0.245429944249
0.0107286378536,0.00806540934239,0.36703282709,0.057427812566,0.122987368027,0.188222694811,0.24553525031
0.0107880241153,0.00809329117996,0.367829785221,0.0569973196609,0.12259141682,0.188060775236,0.245639387766
0.0108471511735,0.0081208976862,0.36862539794,0.0565706865798,0.122196103477,0.187897414241,0.245742348903
0.0109060217522,0.00814823294294,0.369419667002,0.0561478839406,0.121801437482,0.18773262985,0.24584412703
0.0109646386041,0.00817530101209,0.370212593676,0.0557288824631,0.121407428079,0.187566439738,0.245944716428
0.0110230045066,0.00820210593366,0.371004178767,0.0553136529738,0.121014084282,0.187398861249,0.246044112288
0.0110811222592,0.00822865172396,0.371794422653,0.0549021664108,0.12062141488,0.187229911414,0.246142310659
0.0111389946802,0.00825494237394,0.372583325301,0.0544943938278,0.120229428453,0.187059606961,0.246239308403
0.0111966246045,0.00828098184759,0.373370886299,0.0540903063984,0.119838133375,0.186887964332,0.246335103143
0.0112540148804,0.00830677408054,0.374157104874,0.0536898754194,0.119447537824,0.186714999698,0.246429693223
0.0113111683676,0.00833232297873,0.374941979919,0.0532930723147,0.119057649793,0.186540728965,0.246523077663
0.0113680879345,0.00835763241722,0.375725510009,0.0528998686384,0.11866847709,0.186365167793,0.246615256119
0.0114247764562,0.00838270623906,0.376507693424,0.0525102360772,0.118280027352,0.186188331602,0.246706228849
0.0114812368124,0.0084075482543,0.377288528167,0.0521241464539,0.117892308049,0.186010235587,0.246795996676
0.0115374718852,0.00843216223907,0.378068011982,0.0517415717291,0.117505326489,0.185830894722,0.246884560953
0.0115934845577,0.00845655193475,0.378846142372,0.0513624840042,0.117119089823,0.185650323776,0.246971923533
0.0116492777119,0.0084807210472,0.37962291661,0.0509868555231,0.116733605053,0.185468537317,0.247058086738
0.0117048542269,0.00850467324615,0.380398331762,0.050614658674,0.116348879036,0.185285549722,0.247143053334
0.0117602169779,0.00852841216452,0.381172384693,0.0502458659915,0.115964918489,0.185101375186,0.247226826498
0.0118153688341,0.00855194139798,0.38194507209,0.0498804501582,0.115581729991,0.184916027728,0.247309409801
0.011870312658,0.00857526450441,0.382716390466,0.0495183840059,0.115199319991,0.1847295212,0.247390807175
0.0119250513035,0.00859838500355,0.383486336176,0.0491596405169,0.11481769481,0.184541869291,0.2474710229
0.0119795876148,0.00862130637665,0.384254905432,0.0488041928256,0.114436860644,0.184353085534,0.247550061573
0.0120339244259,0.00864403206616,0.385022094307,0.0484520142191,0.11405682357,0.184163183315,0.247627928097
0.0120880645584,0.00866656547549,0.385787898751,0.0481030781386,0.113677589547,0.183972175875,0.247704627654
0.0121420108217,0.00868890996886,0.386552314599,0.0477573581799,0.11329916442,0.183780076318,0.247780165693
0.0121957660112,0.00871106887109,0.387315337579,0.0474148280943,0.112921553922,0.183586897613,0.247854547909
0.0122493329079,0.00873304546755,0.388076963324,0.0470754617893,0.112544763681,0.183392652601,0.247927780229
0.0123027142773,0.00875484300409,0.388837187378,0.0467392333292,0.112168799215,0.183197354001,0.247999868796
0.012355912869,0.00877646468699,0.389596005203,0.0464061169354,0.111793665942,0.18300101441,0.248070819954
0.0124089314156,0.00879791368295,0.390353412189,0.0460760869871,0.111419369179,0.182803646311,0.248140640235
0.0124617726324,0.00881919311918,0.391109403662,0.0457491180215,0.111045914141,0.182605262074,0.248209336349
0.0125144392165,0.00884030608345,0.391863974887,0.0454251847341,0.110673305952,0.182405873961,0.248276915166
0.0125669338465,0.00886125562417,0.392617121076,0.0451042619788,0.110301549637,0.182205494131,0.248343383707
0.0126192591819,0.00888204475052,0.393368837395,0.0447863247685,0.10993065013,0.182004134639,0.248408749135
0.0126714178625,0.00890267643261,0.39411911897,0.0444713482745,0.109560612274,0.181801807441,0.248473018745
0.0127234125083,0.00892315360164,0.394867960891,0.0441593078272,0.109191440823,0.181598524401,0.248536199948
0.0127752457187,0.00894347915008,0.395615358216,0.0438501789158,0.108823140444,0.181394297285,0.248598300271
0.0128269200723,0.00896365593192,0.39636130598,0.0435439371883,0.108455715716,0.181189137772,0.24865932734
0.0128784381269,0.00898368676284,0.397105799196,0.0432405584514,0.108089171135,0.180983057451,0.248719288877
0.0129298024185,0.0090035744205,0.39784883286,0.0429400186705,0.107723511113,0.180776067827,0.248778192691
0.0129810154618,0.00902332164478,0.398590401958,0.0426422939694,0.10735873998,0.180568180318,0.248836046668
0.0130320797495,0.00904293113807,0.399330501463,0.0423473606302,0.106994861985,0.180359406265,0.24889285877
0.013082997752,0.00906240556553,0.400069126348,0.0420551950929,0.106631881298,0.180149756924,0.24894863702
0.0131337719177,0.0090817475554,0.400806271581,0.0417657739553,0.106269802009,0.179939243477,0.249003389504
0.0131844046724,0.00910095969933,0.401541932135,0.041479073973,0.105908628133,0.179727877027,0.24905712436
0.0132348984194,0.00912004455266,0.402276102985,0.0411950720583,0.105548363607,0.179515668604,0.249109849774
0.0132852555391,0.00913900463476,0.403008779117,0.0409137452806,0.10518901229,0.179302629163,0.249161573975
0.0133354783893,0.0091578424294,0.403739955526,0.0406350708658,0.104830577971,0.179088769589,0.249212305229
0.0133855693047,0.00917656038503,0.40446962722,0.0403590261957,0.104473064363,0.178874100696,0.249262051835
0.0134355305974,0.00919516091518,0.405197789224,0.0400855888079,0.104116475106,0.178658633228,0.249310822122
0.0134853645561,0.00921364639879,0.405924436581,0.0398147363952,0.103760813767,0.178442377861,0.249358624441
0.0135350734466,0.00923201918056,0.406649564355,0.0395464468052,0.103406083843,0.178225345205,0.249405467164
0.0135846595118,0.00925028157134,0.407373167631,0.03928069804,0.103052288761,0.178007545804,0.249451358681
0.0136341249713,0.00926843584847,0.40809524152,0.0390174682553,0.102699431878,0.177788990135,0.249496307393
0.0136834720218,0.00928648425616,0.408815781158,0.0387567357604,0.102347516479,0.177569688614,0.249540321711
0.013732702837,0.00930442900587,0.409534781711,0.0384984790172,0.101996545784,0.177349651592,0.249583410053
0.0137818195675,0.00932227227667,0.410252238374,0.0382426766402,0.101646522944,0.177128889358,0.24962558084
0.013830824341,0.00934001621562,0.410968146372,0.0379893073956,0.101297451042,0.176907412142,0.249666842493
0.0138797192623,0.00935766293814,0.411682500964,0.0377383502008,0.100949333095,0.176685230109,0.249707203432
0.0139285064135,0.00937521452842,0.412395297443,0.037489784124,0.100602172054,0.176462353367,0.24974667207
0.0139771878537,0.00939267303973,0.413106531139,0.0372435883834,0.100255970805,0.176238791965,0.249785256815
0.0140257656194,0.00941004049489,0.413816197416,0.0369997423469,0.0999107321676,0.176014555891,0.249822966065
0.0140742417246,0.00942731888654,0.414524291677,0.0367582255314,0.0995664588992,0.175789655076,0.249859808205
0.0141226181608,0.00944451017763,0.415230809366,0.0365190176021,0.0992231536917,0.175564099393,0.249895791609
0.0141708968969,0.00946161630169,0.415935745964,0.0362820983718,0.0988808191744,0.17533789866,0.249930924631
0.0142190798798,0.0094786391633,0.416639096994,0.0360474478008,0.0985394579135,0.175111062635,0.249965215613
0.0142671690339,0.00949558063837,0.417340858022,0.0358150459957,0.0981990724131,0.174883601023,0.249998672873
0.0143151662617,0.0095124425746,0.418041024656,0.0355848732092,0.0978596651154,0.174655523472,0.250031304712
0.0143630734439,0.00952922679177,0.418739592546,0.0353569098391,0.0975212384014,0.174426839573,0.250063119405
0.0144108924391,0.00954593508218,0.419436557388,0.0351311364281,0.0971837945911,0.174197558866,0.250094125205
0.0144586250845,0.00956256921096,0.420131914923,0.0349075336626,0.0968473359442,0.173967690833,0.250124330342
0.0145062731954,0.00957913091646,0.420825660938,0.0346860823728,0.0965118646605,0.173737244903,0.250153743015
0.014553838566,0.0095956219106,0.421517791263,0.0344667635312,0.09617738288,0.173506230451,0.250182371398
0.0146013229691,0.00961204387924,0.422208301779,0.0342495582526,0.0958438926841,0.1732746568,0.250210223636
0.0146487281564,0.00962839848251,0.422897188412,0.0340344477931,0.0955113960954,0.173042533217,0.250237307843
0.0146960558585,0.00964468735521,0.423584447136,0.0338214135496,0.0951798950782,0.172809868919,0.250263632103
0.0147433077855,0.00966091210711,0.424270073975,0.0336104370592,0.0948493915393,0.172576673067,0.250289204467
0.0147904856263,0.00967707432329,0.424954064998,0.0334014999982,0.0945198873281,0.172342954773,0.250314032954
0.0148375910498,0.00969317556456,0.425636416326,0.0331945841817,0.094191384237,0.172108723093,0.250338125547
0.0148846257042,0.0097092173677,0.42631712413,0.0329896715628,0.0938638840022,0.171873987035,0.250361490198
0.0149315912175,0.00972520124586,0.426996184628,0.0327867442322,0.0935373883036,0.171638755553,0.25038413482
0.0149784891977,0.00974112868888,0.427673594092,0.032585784417,0.0932118987657,0.171403037548,0.250406067291
0.015025321233,0.0097570011636,0.42834934884,0.0323867744805,0.0928874169575,0.171166841872,0.250427295454
0.0150720888917,0.00977282011423,0.429023445244,0.0321896969212,0.0925639443934,0.170930177325,0.25044782711
0.0151187937226,0.0097885869626,0.429695879726,0.0319945343725,0.0922414825335,0.170693052656,0.250467670027
0.015165437255,0.00980430310855,0.430366648758,0.0318012696013,0.0919200327836,0.170455476563,0.25048683193
0.0152120209989,0.00981996993022,0.431035748866,0.0316098855082,0.0915995964961,0.170217457693,0.250505320508
0.0152585464454,0.00983558878433,0.431703176624,0.0314203651261,0.0912801749703,0.169979004643,0.250523143407
0.0153050150665,0.00985116100654,0.432368928662,0.0312326916198,0.0909617694526,0.169740125958,0.250540308235
0.0153514283155,0.00986668791172,0.433033001657,0.0310468482853,0.090644381137,0.169500830135,0.250556822558
0.015397787627,0.00988217079426,0.433695392343,0.030862818549,0.0903280111656,0.169261125618,0.250572693903
0.0154440944171,0.00989761092837,0.434356097502,0.0306805859673,0.0900126606289,0.169021020805,0.250587929752
0.0154903500838,0.00991300956837,0.43501511397,0.0305001342254,0.0896983305663,0.168780524039,0.250602537546
0.0155365560068,0.00992836794897,0.435672438636,0.0303214471369,0.0893850219662,0.168539643618,0.250616524687
0.0155827135479,0.00994368728558,0.436328068441,0.0301445086433,0.0890727357668,0.168298387787,0.250629898529
0.0156288240511,0.00995896877457,0.436982000377,0.0299693028128,0.0887614728562,0.168056764742,0.250642666387
0.0156748888426,0.00997421359355,0.43763423149,0.0297958138401,0.0884512340732,0.16781478263,0.25065483553
0.0157209092314,0.00998942290166,0.438284758879,0.0296240260451,0.088142020207,0.167572449549,0.250666413187
0.015766886509,0.0100045978398,0.438933579694,0.029453923873,0.0878338319983,0.167329773547,0.250677406539
0.0158128219495,0.010019739531,0.439580691138,0.0292854918928,0.0875266701392,0.167086762624,0.250687822725
0.0158587168104,0.0100348490806,0.440226090469,0.0291187147972,0.087220535274,0.166843424728,0.250697668841
0.0159045723321,0.0100499275764,0.440869774993,0.0289535774015,0.0869154279991,0.166599767761,0.250706951936
0.0159503897383,0.0100649760892,0.441511742074,0.028790064643,0.086611348864,0.166355799576,0.250715679016
0.0159961702362,0.0100799956728,0.442151989124,0.0286281615805,0.0863082983711,0.166111527974,0.250723857041
0.0160419150166,0.0100949873644,0.442790513611,0.0284678533933,0.0860062769766,0.16586696071,0.250731492927
0.0160876252541,0.0101099521847,0.443427313054,0.0283091253807,0.0857052850905,0.165622105491,0.250738593545
0.016133302107,0.0101248911384,0.444062385023,0.0281519629612,0.0854053230772,0.165376969973,0.25074516572
0.0161789467179,0.0101398052141,0.444695727144,0.0279963516717,0.0851063912559,0.165131561765,0.250751216232
0.0162245602136,0.0101546953848,0.445327337092,0.0278422771671,0.0848084899008,0.164885888428,0.250756751814
0.0162701437051,0.010169562608,0.445957212598,0.0276897252194,0.0845116192418,0.164639957472,0.250761779156
0.0163156982879,0.0101844078261,0.446585351441,0.0275386817169,0.0842157794645,0.164393776363,0.2507663049
0.0163612250424,0.0101992319662,0.447211751456,0.0273891326636,0.0839209707111,0.164147352515,0.250770335645
0.0164067250336,0.010214035941,0.447836410529,0.0272410641786,0.0836271930802,0.163900693297,0.250773877941
0.0164521993114,0.0102288206484,0.448459326597,0.0270944624954,0.0833344466278,0.163653806027,0.250776938293
0.016497648911,0.010243586972,0.449080497649,0.0269493139608,0.0830427313671,0.163406697978,0.250779523162
0.0165430748526,0.0102583357813,0.449699921729,0.0268056050348,0.0827520472693,0.163159376373,0.25078163896
0.0165884781419,0.0102730679319,0.450317596928,0.0266633222894,0.0824623942639,0.162911848388,0.250783292056
0.0166338597701,0.0102877842655,0.450933521393,0.0265224524084,0.082173772239,0.162664121153,0.250784488771
0.0166792207141,0.0103024856107,0.451547693321,0.026382982186,0.0818861810417,0.162416201747,0.250785235379
0.0167245619363,0.0103171727824,0.45216011096,0.0262448985269,0.0815996204786,0.162168097204,0.250785538111
0.0167698843854,0.0103318465826,0.45277077261,0.0261081884451,0.0813140903161,0.161919814511,0.25078540315
0.016815188996,0.0103465078003,0.453379676622,0.0259728390632,0.0810295902806,0.161671360606,0.250784836633
0.0168604766889,0.0103611572118,0.453986821398,0.025838837612,0.0807461200594,0.16142274238,0.25078384465
0.0169057483711,0.010375795581,0.454592205393,0.0257061714296,0.0804636793006,0.161173966678,0.250782433247
0.0169510049363,0.0103904236592,0.455195827109,0.0255748279607,0.0801822676137,0.160925040298,0.250780608423
0.0169962472645,0.0104050421858,0.455797685104,0.0254447947562,0.0799018845697,0.160675969989,0.250778376131
0.0170414762228,0.0104196518881,0.456397777981,0.0253160594719,0.0796225297022,0.160426762456,0.250775742278
0.0170866926647,0.0104342534815,0.456996104399,0.0251886098685,0.0793442025068,0.160177424355,0.250772712724
0.017131897431,0.0104488476701,0.457592663064,0.0250624338106,0.0790669024422,0.159927962296,0.250769293286
0.0171770913495,0.0104634351463,0.458187452732,0.0249375192659,0.0787906289305,0.159678382843,0.250765489732
0.0172222752351,0.0104780165911,0.458780472212,0.0248138543046,0.0785153813572,0.159428692513,0.250761307787
0.0172674498902,0.0104925926748,0.45937172036,0.024691427099,0.0782411590719,0.159178897776,0.250756753127
0.0173126161046,0.0105071640564,0.459961196084,0.0245702259224,0.0779679613885,0.158929005057,0.250751831386
0.0173577746557,0.0105217313843,0.460548898341,0.0244502391488,0.077695787586,0.158679020734,0.25074654815
0.0174029263086,0.0105362952962,0.461134826136,0.0243314552517,0.0774246369081,0.158428951139,0.250740908961
0.0174480718161,0.0105508564194,0.461718978526,0.0242138628041,0.0771545085643,0.158178802557,0.250734919313
0.0174932119193,0.0105654153709,0.462301354615,0.0240974504773,0.0768854017299,0.157928581229,0.250728584658
0.0175383473468,0.0105799727575,0.462881953558,0.0239822070406,0.0766173155466,0.15767829335,0.2507219104
0.017583478816,0.0105945291759,0.463460774558,0.0238681213602,0.0763502491224,0.157427945067,0.250714901901
0.017628607032,0.0106090852133,0.464037816865,0.0237551823991,0.0760842015327,0.157177542484,0.250707564474
0.0176737326887,0.0106236414468,0.464613079781,0.0236433792158,0.0758191718201,0.156927091658,0.250699903389
0.0177188564684,0.0106381984441,0.465186562654,0.0235327009641,0.0755551589948,0.156676598601,0.250691923873
0.0177639790419,0.0106527567636,0.465758264881,0.0234231368925,0.0752921620354,0.15642606928,0.250683631105
0.0178091010688,0.0106673169543,0.466328185907,0.023314676343,0.0750301798886,0.156175509617,0.250675030221
0.0178542231977,0.0106818795561,0.466896325225,0.023207308751,0.0747692114703,0.155924925488,0.250666126312
0.0178993460658,0.0106964450998,0.467462682375,0.0231010236443,0.0745092556654,0.155674322724,0.250656924425
0.0179444702996,0.0107110141075,0.468027256946,0.0229958106428,0.0742503113284,0.155423707113,0.250647429564
0.0179895965148,0.0107255870925,0.468590048572,0.0228916594573,0.0739923772837,0.155173084395,0.250637646685
0.0180347253161,0.0107401645594,0.469151056936,0.0227885598894,0.0737354523259,0.15492246027,0.250627580703
0.0180798572978,0.0107547470044,0.469710281769,0.0226865018306,0.0734795352203,0.154671840389,0.250617236489
0.0181249930435,0.0107693349154,0.470267722846,0.0225854752617,0.0732246247033,0.15442123036,0.25060661887
0.0181701331265,0.010783928772,0.47082337999,0.022485470252,0.0729707194824,0.154170635749,0.250595732628
0.0182152781096,0.0107985290458,0.47137725307,0.0223864769591,0.072717818237,0.153920062075,0.250584582503
0.0182604285455,0.0108131362002,0.471929342003,0.0222884856276,0.0724659196183,0.153669514814,0.250573173191
0.0183055849768,0.0108277506909,0.47247964675,0.0221914865892,0.0722150222502,0.153418999398,0.250561509345
0.0183507479357,0.0108423729659,0.473028167318,0.0220954702615,0.071965124729,0.153168521215,0.250549595575
0.018395917945,0.0108570034653,0.473574903761,0.0220004271475,0.0717162256244,0.15291808561,0.250537436447
0.0184410955171,0.0108716426221,0.474119856176,0.0219063478352,0.0714683234792,0.152667697884,0.250525036487
0.018486281155,0.0108862908615,0.474663024708,0.0218132229968,0.0712214168101,0.152417363294,0.250512400174
0.0185314753519,0.0109009486017,0.475204409545,0.021721043388,0.0709755041081,0.152167087056,0.250499531949
0.0185766785914,0.0109156162533,0.475744010922,0.0216297998476,0.0707305838384,0.15191687434,0.250486436208
0.0186218913477,0.0109302942203,0.476281829116,0.0215394832966,0.0704866544409,0.151666730273,0.250473117305
0.0186671140855,0.0109449828994,0.476817864449,0.021450084738,0.0702437143309,0.151416659943,0.250459579554
0.0187123472603,0.0109596826806,0.47735211729,0.0213615952556,0.070001761899,0.15116666839,0.250445827225
0.0187575913182,0.0109743939469,0.477884588047,0.021274006014,0.0697607955116,0.150916760615,0.250431864547
0.0188028466964,0.0109891170749,0.478415277177,0.0211873082576,0.0695208135111,0.150666941575,0.250417695708
0.0188481138228,0.0110038524344,0.478944185178,0.02110149331,0.0692818142165,0.150417216184,0.250403324854
0.0188933931165,0.0110186003889,0.47947131259,0.0210165525736,0.0690437959234,0.150167589317,0.250388756091
0.0189386849878,0.0110333612954,0.479996659998,0.0209324775291,0.0688067569048,0.149918065803,0.250373993482
0.018983989838,0.0110481355045,0.48052022803,0.0208492597343,0.0685706954106,0.149668650431,0.250359041052
0.0190293080598,0.0110629233609,0.481042017357,0.0207668908243,0.068335609669,0.149419347947,0.250343902782
0.0190746400372,0.011077725203,0.48156202869,0.0206853625103,0.0681014978858,0.149170163057,0.250328582616
0.0191199861458,0.0110925413632,0.482080262785,0.0206046665792,0.0678683582455,0.148921100425,0.250313084456
0.0191653467525,0.011107372168,0.482596720439,0.0205247948932,0.067636188911,0.148672164672,0.250297412164
0.0192107222161,0.011122217938,0.483111402491,0.020445739389,0.0674049880243,0.14842336038,0.250281569562
0.0192561128868,0.0111370789881,0.48362430982,0.0203674920772,0.0671747537069,0.148174692088,0.250265560433
0.0193015191067,0.0111519556276,0.484135443349,0.020290045042,0.0669454840597,0.147926164296,0.25024938852
0.0193469412099,0.0111668481601,0.48464480404,0.0202133904402,0.0667171771635,0.14767778146,0.250233057526
0.0193923795221,0.0111817568838,0.485152392897,0.0201375205009,0.0664898310794,0.147429548,0.250216571118
0.0194378343612,0.0111966820913,0.485658210964,0.020062427525,0.0662634438492,0.147181468291,0.250199932919
0.0194833060371,0.01121162407,0.486162259325,0.0199881038845,0.0660380134952,0.146933546669,0.250183146518
0.019528794852,0.011226583102,0.486664539107,0.0199145420219,0.0658135380212,0.146685787432,0.250166215464
0.0195743011001,0.0112415594643,0.487165051473,0.0198417344496,0.0655900154122,0.146438194835,0.250149143266
0.0196198250681,0.0112565534286,0.487663797628,0.0197696737497,0.0653674436349,0.146190773095,0.250131933396
0.0196653670348,0.0112715652617,0.488160778815,0.0196983525729,0.0651458206383,0.145943526388,0.250114589289
0.0197109272717,0.0112865952254,0.488655996319,0.0196277636383,0.0649251443533,0.14569645885,0.250097114342
0.0197565060427,0.0113016435767,0.489149451461,0.0195578997329,0.0647054126939,0.14544957458,0.250079511913
0.0198021036042,0.0113167105676,0.489641145601,0.0194887537108,0.0644866235566,0.145202877635,0.250061785324
0.0198477202054,0.0113317964455,0.49013108014,0.0194203184929,0.0642687748212,0.144956372034,0.250043937861
0.0198933560882,0.011346901453,0.490619256515,0.0193525870662,0.0640518643511,0.144710061757,0.250025972769
0.019939011487,0.0113620258281,0.491105676201,0.0192855524832,0.0638358899932,0.144463950746,0.250007893262
0.0199846866294,0.0113771698046,0.491590340711,0.0192192078616,0.0636208495787,0.144218042902,0.249989702512
0.0200303817359,0.0113923336112,0.492073251597,0.0191535463836,0.0634067409229,0.14397234209,0.249971403659
0.0200760970197,0.0114075174727,0.492554410447,0.0190885612954,0.0631935618259,0.143726852134,0.249952999806
0.0201218326873,0.0114227216094,0.493033818884,0.0190242459067,0.0629813100723,0.143481576823,0.249934494017
0.0201675889382,0.0114379462372,0.493511478572,0.0189605935903,0.0627699834323,0.143236519906,0.249915889324
0.0202133659651,0.0114531915679,0.493987391208,0.0188975977811,0.0625595796611,0.142991685093,0.249897188723
0.0202591639541,0.0114684578091,0.494461558527,0.0188352519763,0.0623500964997,0.142747076059,0.249878395174
0.0203049830843,0.0114837451644,0.4949339823,0.0187735497342,0.0621415316752,0.14250269644,0.249859511602
0.0203508235283,0.0114990538332,0.495404664331,0.0187124846743,0.0619338829006,0.142258549835,0.249840540898
0.0203966854524,0.011514384011,0.495873606464,0.0186520504762,0.0617271478757,0.142014639804,0.249821485917
0.0204425690159,0.0115297358893,0.496340810575,0.0185922408796,0.0615213242867,0.141770969873,0.249802349481
0.020488474372,0.0115451096559,0.496806278575,0.0185330496836,0.061316409807,0.14152754353,0.249783134377
0.0205344016674,0.0115605054947,0.497270012411,0.0184744707459,0.0611124020972,0.141284364224,0.24976384336
0.0205803510426,0.0115759235858,0.497732014064,0.0184164979829,0.0609092988052,0.14104143537,0.249744479149
0.0206263226316,0.0115913641056,0.49819228555,0.0183591253688,0.060707097567,0.140798760347,0.24972504443
0.0206723165623,0.0116068272269,0.498650828916,0.0183023469352,0.0605057960063,0.140556342496,0.249705541858
0.0207183329566,0.011622313119,0.499107646245,0.0182461567706,0.0603053917352,0.140314185122,0.249685974051
0.02076437193,0.0116378219475,0.499562739654,0.0181905490198,0.0601058823541,0.140072291496,0.249666343599
