-0.5 0.5,-0.5 1.0,-0.5 1.5,-0.5 2.0,0.0 1.0,0.0 1.5,0.0 2.0,other
0.0123456790123,0.0123456790123,0.0123456790123,0.0123456790123,0.0123456790123,0.0123456790123,0.0123456790123,0.913580246914
0.012736745363,0.0148741265263,0.01407085746,0.0137638808627,0.0138699193666,0.0134657602509,0.0134528376651,0.903765872505
0.0131160933352,0.0179113536021,0.0160375980921,0.0153461365899,0.0155603083544,0.014667963561,0.014640367439,0.892720179026
0.0134799536986,0.0215504579434,0.018275861949,0.0171083022423,0.0174255926052,0.0159507787839,0.0159069268109,0.880302125967
0.0138242331117,0.0258973704819,0.0208179139066,0.0190667188097,0.0194719511687,0.0173102240076,0.0172488783717,0.866362710142
0.0141445410042,0.0310709590984,0.0236980586614,0.0212378966387,0.0217019496941,0.0187392552815,0.0186597547169,0.850747584905
0.014436234035,0.0372023513056,0.026952196173,0.0236380805573,0.0241133276031,0.0202271344601,0.0201296885243,0.833300987342
0.0146944842306,0.044433131851,0.0306171424608,0.0262826670477,0.0266976436266,0.0217587889777,0.0216448360321,0.813871305774
0.0149143790597,0.0529120091623,0.0347296590978,0.0291854469699,0.0294388397702,0.023314221635,0.0231868439752,0.79231860033
0.0150910630064,0.0627895203298,0.0393251432057,0.0323576574759,0.0323118334637,0.0248680597731,0.02473243704,0.768524285705
0.0152199294114,0.074210394864,0.0444359542682,0.035806847205,0.0352813095621,0.0263893672974,0.0262532324154,0.742402964977
0.0152968672256,0.0873033649029,0.0500893979388,0.0395355903506,0.0383009483769,0.0278418711593,0.0277159126205,0.713916047425
0.0153185590913,0.102168530608,0.0563054502727,0.043540126246,0.0413133756347,0.0291847631125,0.0290828965346,0.6830862985
0.0152828149374,0.118862878752,0.063094383926,0.0478090474722,0.0442511312804,0.0303742124172,0.0303136286264,0.650011902589
0.0151889104506,0.137385179598,0.0704545403031,0.0523222036204,0.0470389004267,0.0313656520374,0.0313665464279,0.614878067136
0.015037885239,0.157662152735,0.0783705606373,0.0570500184753,0.0495971117249,0.03211677443,0.0322016815806,0.577963815178
0.0148327456506,0.179538315924,0.0868124200638,0.0619534211731,0.0518467841611,0.0325910043789,0.0327837085541,0.539641600094
0.0145785172073,0.202772072255,0.0957355753078,0.0669845526217,0.0537152213391,0.0327610393211,0.0330851039795,0.500367917969
0.0142821057263,0.227040124619,0.105082420355,0.0720883195356,0.0551418774297,0.0326119173,0.033088962707,0.460664272327
0.013951955172,0.251951142347,0.114785048931,0.0772047366144,0.056083541734,0.0321430502451,0.0327909851151,0.421089539842
0.0135975292609,0.277067901205,0.124769082776,0.0822718483942,0.0565179945386,0.0313687854902,0.0322002397549,0.38220661858
0.0132286823138,0.30193530807,0.134958103735,0.0872288969988,0.0564455127341,0.0303173215138,0.0313385135167,0.344547661118
0.0128550100455,0.32611038752,0.145278097051,0.0920193426886,0.0558880068156,0.0290281360039,0.0302383369727,0.308582682903
0.0124852735312,0.349189930072,0.155661322278,0.0965933754335,0.0548860335058,0.0275483799663,0.0289400304501,0.274695654762
0.0121269684904,0.370832213727,0.166049178699,0.100909670454,0.0534943042871,0.0259288553739,0.027488274658,0.24317053431
0.0117860755079,0.390770715679,0.176393873368,0.104936299777,0.0517764919976,0.0242201858439,0.0259287275008,0.214187630326
0.0114669881949,0.408819456833,0.186658949352,0.10865086151,0.0498001026234,0.0224696401498,0.0243051028528,0.187828898484
0.0111725874184,0.424871014071,0.196818911927,0.112039985627,0.0476319882141,0.0207188534989,0.0226569565364,0.164089702707
0.010904416069,0.438889007249,0.206858261904,0.115098405896,0.0453348289845,0.019002490222,0.0210182556199,0.142894334056
0.0106629088304,0.450897052638,0.216770218108,0.117827769137,0.0429646919788,0.0173477503847,0.0194166819068,0.124112927016
0.0104476395354,0.460965992183,0.226555330071,0.120235315851,0.0405696184173,0.0157745489261,0.0178735488283,0.107578006187
0.0102575593553,0.469200878749,0.236220097431,0.122332534453,0.0381890997853,0.0142961725315,0.0164041811523,0.0930994765421
0.0100912088841,0.475728840247,0.245775654824,0.124133871588,0.035854255497,0.0129202263212,0.0150186030785,0.08047733956
0.00994689507371,0.480688589617,0.255236554626,0.1256555668,0.0335885078653,0.0116497064486,0.0137223921724,0.0695117873975
0.00982282999931,0.48422199895,0.264619672156,0.126914662717,0.0314085566598,0.0104840690387,0.0125175794478,0.0600106310319
0.00971723286141,0.486467837564,0.27394325444,0.127928219277,0.0293254819269,0.0094202054292,0.0114035061014,0.0517942623995
0.00962839956432,0.487557522037,0.283226126415,0.128712735977,0.0273458436302,0.00845327259677,0.0103775800216,0.0446985197587
0.00955474575008,0.487612566769,0.292487057351,0.129283765322,0.0254726910456,0.00757736051023,0.00943590487042,0.0385759083814
0.0094948295216,0.486743357511,0.301744278629,0.129655687327,0.0237064352911,0.00678600172208,0.00857377745396,0.0332956325452
0.0094473596072,0.485048877036,0.311015134975,0.129841609603,0.0220455696475,0.00607254236109,0.00778606390941,0.0287428428599
0.009411193778,0.482617062882,0.320315846431,0.129853358587,0.0204872430235,0.00543039951492,0.00706747278944,0.0248174229946
0.00938533124622,0.479525545543,0.329661357297,0.129701532154,0.0190277032866,0.00485323033235,0.00641274531593,0.0214325548249
0.00936890175218,0.475842583807,0.339065250058,0.129395590116,0.0176626316997,0.00433503544765,0.00581678198234,0.0185132251368
0.00936115319524,0.47162807237,0.348539705517,0.128943965203,0.0163873898883,0.00387021534247,0.00527472197569,0.0159947765079
0.00936143900671,0.466934542394,0.358095494091,0.12835418244,0.0151971986443,0.00345359414228,0.00478198869119,0.0138215605907
0.00936920598664,0.461808108558,0.367741986793,0.127632978992,0.0140872648169,0.00308042167617,0.00433431156143,0.0119457216165
0.00938398299966,0.456289338632,0.377487177531,0.126786419601,0.0130528693623,0.00274636162636,0.00392773180969,0.0103261184376
0.00940537070984,0.450414036122,0.387337710873,0.12582000487,0.0120894267438,0.00244747127115,0.0035585976426,0.00892738176685
0.00943303240143,0.444213935328,0.397298911389,0.124738771083,0.0111925234485,0.00218017659688,0.00322355279263,0.00771909696085
0.00946668585314,0.437717313177,0.407374812186,0.123547381109,0.0103579414386,0.00194124530635,0.0029195211292,0.00667509980118
0.00950609619187,0.43094952464,0.417568181322,0.1222502065,0.00958167084806,0.00172775937044,0.00264368919373,0.00577287193501
0.00955106963226,0.423933469468,0.427880545578,0.120851401148,0.00885991508225,0.00153708816054,0.00239348789965,0.00499302303124
0.00960144800347,0.416689998008,0.438312211651,0.119354967002,0.00818909062251,0.00136686278421,0.00216657420842,0.00431884772015
0.00965710396733,0.409238263342,0.448862285208,0.117764812358,0.00756582320236,0.00121495196967,0.0019608132946,0.00373594665739
0.00971793683913,0.401596026293,0.459528688521,0.116084803238,0.00698694155648,0.00107943966227,0.00177426151059,0.00323190237971
0.00978386893139,0.393779919004,0.470308177602,0.114318808265,0.00644946960557,0.000958604378978,0.00160515032429,0.0027960018887
0.00985484235037,0.385805672004,0.481196359864,0.112470737429,0.00595061769358,0.000850900293782,0.00145187131209,0.00241899905357
0.00993081618455,0.377688308931,0.492187713396,0.110544575014,0.00548777331661,0.000754939983087,0.00131296223019,0.00209291094498
0.0100117640326,0.369442312397,0.503275608991,0.108544406944,0.00505849165365,0.000669478735565,0.0011870941492,0.00181084309719
0.0100976718265,0.361081763942,0.514452336014,0.106474442714,0.00466048611683,0.000593400319083,0.00107305961381,0.00156683945458
0.0101885359119,0.3526204605,0.525709133193,0.104339032051,0.00429161907203,0.000525704093387,0.00096976177549,0.00135575340327
0.0102843613538,0.344072009433,0.537036225311,0.102142676438,0.00394989283215,0.000465493358306,0.000876204439148,0.00117313683417
0.0103851604414,0.335449903855,0.548422866686,0.0998900355895,0.00363344099084,0.000411964831303,0.000791482961924,0.00101514464452
0.0104909513692,0.326767579746,0.559857392171,0.0975859290055,0.00334052013925,0.000364399153997,0.000714775941832,0.000878452472908
0.0106017570756,0.318038456167,0.571327276274,0.0952353327324,0.00306950199026,0.000322152333862,0.00064533763579,0.000760185790767
0.0107176042244,0.309275959765,0.582819200769,0.0928433714876,0.00281886592185,0.000284648034252,0.000582491049,0.000657858749082
0.0108385223148,0.300493534723,0.59431913098,0.0904153063531,0.00258719194172,0.000251370632782,0.000525621640841,0.000569321413234
0.0109645429103,0.29170463927,0.605812400677,0.0879565182869,0.00237315406872,0.00022185897478,0.000474171595855,0.000492714216342
0.0110956989756,0.282922729864,0.617283805282,0.0854724877603,0.0021755141218,0.000195700754861,0.000427634611924,0.000426428629405
0.0112320243153,0.27416123426,0.628717702821,0.082968770884,0.00199311590398,0.000172527465614,0.000385551161215,0.000369073189103
0.0113735531051,0.26543351468,0.640098121811,0.0804509724513,0.00182487976626,0.000152009857904,0.000347504182829,0.000319444145549
0.0115203195117,0.256752822411,0.651408875035,0.0779247163796,0.00166979753492,0.000133853862431,0.0003131151693,0.000276500095896
0.0116723573927,0.248132245229,0.66263367791,0.0753956140866,0.00152692778464,0.000117796926828,0.000282040612113,0.000239340058234
0.0118297000724,0.239584649099,0.673756269992,0.0728692313805,0.00139539143891,0.00010360472693,0.000253968774256,0.00020718451598
0.0119923801883,0.23112261569,0.684760537963,0.0703510544766,0.00127436767927,9.10682147702e-05,0.000228616760437,0.000179359027973
0.0121604296011,0.22275837725,0.695630638349,0.0678464557732,0.00116309014427,8.00009694324e-05,0.000205727858084,0.000155280055215
0.0123338793636,0.214503750413,0.706351118152,0.0653606600247,0.00106084339967,7.02368202122e-05,0.000185069124498,0.000134442703147
0.0125127597429,0.206370070484,0.716907031543,0.0628987115371,0.000966959661063,6.16277144805e-05,0.000166429197634,0.000116410119569
0.0126971002896,0.19836812771,0.727284050822,0.0604654429882,0.000880815751016,5.4041805387e-05,0.000149616309936,0.000100804323822
0.0128869299477,0.190508106929,0.737468569927,0.0580654464266,0.000801830272862,4.73617369941e-05,0.000134456486442,8.72982734208e-05
0.0130822772008,0.182799531906,0.747447798941,0.055703046951,0.000729460984254,4.14831066752e-05,0.000120791910017,7.56090007211e-05
0.0132831702462,0.175251215493,0.757209848209,0.0533822794982,0.000663202354126,3.63130866364e-05,0.000108479438123,6.54916749493e-05
0.0134896371936,0.167871216592,0.766743800928,0.0511068690891,0.000602583287608,3.17691882574e-05,9.73892568924e-05,5.67344645591e-05
0.0137017062811,0.160666804682,0.776039773333,0.0488802147936,0.000547165004335,2.7778154608e-05,8.74036596233e-05,4.91540918422e-05
0.0139194061034,0.153644432509,0.785088961854,0.0467053775853,0.000496539056582,2.42749679911e-05,7.8415937941e-05,4.25919863609e-05
0.0141427658477,0.146809717274,0.79388367695,0.0445850721615,0.000450325474689,2.12019607151e-05,7.0329375006e-05,3.69109564217e-05
0.0143718155319,0.140167430483,0.802417363583,0.0425216627154,0.000408171028278,1.85080185136e-05,6.30563311226e-05,3.19923087412e-05
0.0146065862418,0.133721496387,0.810684608579,0.0405171625632,0.000369747592881,1.61478671198e-05,5.65174130285e-05,2.77333558998e-05
0.0148471103619,0.127474998783,0.818681135383,0.0385732374477,0.000334750612628,1.40814334859e-05,5.06407189785e-05,2.40452593423e-05
0.0150934217988,0.121430195735,0.826403786949,0.0366912122774,0.000302897650703,1.22732740133e-05,4.53611524964e-05,2.08511627415e-05
0.0153455561931,0.115588541675,0.833850497675,0.0348720809995,0.000273927020273,1.06920629474e-05,4.06197983649e-05,1.80845766397e-05
0.0156035511179,0.109950716161,0.841020255496,0.0331165192651,0.000247596489526,9.31013479518e-06,3.63633550516e-05,1.56879805547e-05
0.0158674462621,0.10451665855,0.847913055314,0.0314248995111,0.000223682055322,8.10307525059e-06,3.25436183365e-05,1.36116132962e-05
0.0161372835988,0.0992856077072,0.854529845054,0.0297973080657,0.000201976780736,7.04935567678e-06,2.91170114235e-05,1.18124261801e-05
0.0164131075355,0.0942561458846,0.860872465667,0.0282335638788,0.000182289692497,6.13000669688e-06,2.60441572796e-05,1.02531772356e-05
0.0166949650488,0.0894262458753,0.866943586398,0.0267332384793,0.000164444734878,5.32832689339e-06,2.32894893616e-05,8.90164744775e-06
0.0169829058012,0.084793320556,0.872746636604,0.0252956767792,0.000148279777173,4.62962301883e-06,2.08208972657e-05,7.72996262689e-06
0.0172769822421,0.0803542739756,0.878285735359,0.0239200183619,0.000133645672269,4.02097848003e-06,1.86094041671e-05,6.71400670325e-06
0.0175772496925,0.0761055531913,0.883565619995,0.0226052189222,0.000120405364186,3.49104718108e-06,1.66288732183e-05,5.83291415043e-06
0.0178837664155,0.0720432001195,0.888591574624,0.0213500715569,0.000108433042753,3.02987009894e-06,1.48557403414e-05,5.06863089465e-06
0.0181965936717,0.0681629027421,0.893369359583,0.0201532276411,9.76133437327e-05,2.62871222648e-06,1.32687710906e-05,4.40553449442e-06
0.0185157957633,0.0644600450916,0.897905142628,0.0190132170618,8.78405929164e-05,2.27991775111e-06,1.1848839473e-05,3.83010561228e-06
0.0188414400651,0.0609297555162,0.902205432555,0.0179284676192,7.90180927532e-05,1.97678154859e-06,1.05787268088e-05,3.33064387106e-06
0.0191735970461,0.0575669528176,0.906277015849,0.0168973234412,7.1057450165e-05,1.7134352615e-06,9.44293888486e-06,2.89702211428e-06
0.0195123402812,0.0543663899293,0.910126896791,0.0159180622942,6.38779442088e-05,1.48474640427e-06,8.42753980757e-06,2.52047389279e-06
0.0198577464557,0.0513226948859,0.913762241383,0.0149889117035,5.74059322529e-05,1.28622909178e-06,7.5200011012e-06,2.19340969558e-06
0.020209895362,0.0484304089048,0.917190325323,0.0141080638295,5.15742933179e-05,1.11396512952e-06,6.70906472351e-06,1.90925804423e-06
0.020568869891,0.0456840214687,0.920418486182,0.0132736890703,4.63219072108e-05,9.64534330701e-07,5.98461878253e-06,1.66232809256e-06
0.020934756019,0.0430780023573,0.92345407984,0.0124839483866,4.15931680495e-05,8.34953041169e-07,5.33758484227e-06,1.44769082451e-06
0.0213076427898,0.0406068306258,0.926304441177,0.0117370043643,3.73375307498e-05,7.22619957585e-07,4.75981579768e-06,1.26107633469e-06
0.0216876222953,0.0382650205766,0.928976848937,0.0110310310456,3.35090890183e-05,6.25268418963e-07,4.24400338524e-06,1.0987850149e-06
0.0220747896522,0.0360471448038,0.931478494654,0.0103642225769,3.006618338e-05,5.40924437507e-07,3.78359447271e-06,9.57610763417e-07
0.0224692429785,0.0339478544215,0.933816455476,0.00973480072688,2.6971037753e-05,4.67869812156e-07,3.37271534347e-06,8.34774588145e-07
0.0228710833681,0.0319618966114,0.935997670675,0.00914102134182,2.41894230824e-05,4.04609738352e-07,3.0061032561e-06,7.27867194475e-07
0.0232804148659,0.0300841296405,0.938028921653,0.00858117980596,2.16903465505e-05,3.4984439083e-07,2.67904462003e-06,6.34799339636e-07
0.0236973444419,0.0283095355149,0.939916815175,0.00805361558163,1.94457648944e-05,3.02444013252e-07,2.38731918377e-06,5.53758899876e-07
0.0241219819667,0.0266332304395,0.94166776962,0.00755671590322,1.74303203852e-05,2.61427099907e-07,2.12714968286e-06,4.83173739741e-07
0.0245544401869,0.025050473261,0.943288003976,0.00708891870046,1.56210980542e-05,2.25941300866e-07,1.89515644217e-06,4.21679596104e-07
0.0249948347016,0.023556672069,0.944783529347,0.00664871482459,1.39974027886e-05,1.95246723495e-07,1.68831647013e-06,3.68092296473e-07
0.0254432839408,0.0221473891276,0.946160142716,0.00623464964918,1.25405549635e-05,1.68701340378e-07,1.50392662276e-06,3.21383723487e-07
0.0258999091439,0.0208183443066,0.947423422752,0.00584532411425,1.12337033262e-05,1.45748247018e-07,1.3395704521e-06,2.80661017414e-07
0.0263648343409,0.0195654171726,0.948578727412,0.00547939527888,1.00616539001e-05,1.25904542422e-07,1.19308838751e-06,2.45148577536e-07
0.026838186334,0.0183846478942,0.94963119314,0.00513557644344,9.01071373359e-06,1.08751632216e-07,1.06255092968e-06,2.1417248305e-07
0.0273200946815,0.0172722371056,0.950585735458,0.00481263689847,8.06854837621e-06,9.39267775911e-08,9.46234565904e-07,1.87147005673e-07
0.027810691683,0.0162245448623,0.951447050771,0.00450940135287,7.22405202363e-06,8.11157344276e-08,8.42600141467e-07,1.63562930788e-07
0.028310112366,0.0152380888163,0.952219619202,0.00422474908961,6.46722933366e-06,7.00463456041e-08,7.50273446447e-07,1.42977442459e-07
0.0288184944747,0.0143095417225,0.952907708306,0.00395761289297,5.78908797482e-06,6.04829660997e-08,6.68027799242e-07,1.25005360941e-07
0.0293359784596,0.0134357283849,0.953515377526,0.003706977787,5.18154102801e-06,5.22216151511e-08,5.9476842867e-07,1.09311550076e-07
0.0298627074688,0.0126136221352,0.954046483248,0.00347187962103,4.63731841992e-06,4.50857627172e-08,5.29518475034e-07,9.56043367658e-08
0.030398827341,0.0118403409317,0.954504684348,0.00325140353388,4.14988662271e-06,3.89226689611e-08,4.71406447598e-07,8.36298061865e-08
0.0309444865993,0.0111131431549,0.954893448122,0.00304468232536,3.71337590892e-06,3.36002055735e-08,4.19654991446e-07,7.31668549181e-08
0.0314998364472,0.0104294231686,0.955216056512,0.0028508947596,3.32251450237e-06,2.90040966679e-08,3.73570830876e-07,6.40229001476e-08
0.0320650307642,0.00978670670806,0.955475612535,0.00266926382241,2.97256901568e-06,2.50355248148e-08,3.32535769366e-07,5.60301569293e-08
0.0326402261045,0.00918264614877,0.955675046855,0.00249905495126,2.65929061195e-06,2.16090546725e-08,2.95998637896e-07,4.90424073993e-08
0.0332255816949,0.0086150157022,0.955817124431,0.00233957425451,2.37886637266e-06,1.86508327173e-08,2.63468094055e-07,4.29321961488e-08
0.0338212594346,0.00808170658004,0.955904451185,0.00219016673364,2.12787539587e-06,1.60970268838e-08,2.34506184042e-07,3.75883948504e-08
0.0344274238958,0.00758072216175,0.955939480644,0.00205021452052,1.90324918797e-06,1.38924745703e-08,2.08722588429e-07,3.29140869183e-08
0.0350442423247,0.00711017319551,0.955924520521,0.00191913513953,1.7022359489e-06,1.1989511534e-08,1.85769480517e-07,2.88247296155e-08
0.035671884643,0.00666827305807,0.955861739197,0.0017963798028,1.52236838507e-06,1.03469577592e-08,1.65336933278e-07,2.52465567598e-08
0.0363105234508,0.00625333309471,0.955753172081,0.00168143174529,1.36143471577e-06,8.92923948954e-09,1.47148817369e-07,2.21151901281e-08
0.0369603340288,0.00586375805703,0.955600727817,0.00157380460513,1.21745256849e-06,7.70562933237e-09,1.30959138605e-07,1.9374431945e-08
0.0376214943416,0.00549804165285,0.955406194333,0.00147304085338,1.08864548552e-06,6.64958870867e-09,1.16548768519e-07,1.69752145378e-08
0.0382941850414,0.00515476221968,0.955171244705,0.00137871027635,9.73421789421e-07,5.73819899091e-09,1.03722526443e-07,1.48746864411e-08
0.0389785894709,0.00483257853063,0.954897442836,0.00129040851295,8.70355577825e-07,4.95166946786e-09,9.23065758413e-08,1.30354170004e-08
0.0396748936678,0.00453022573946,0.954586248931,0.0012077556484,7.78169639376e-07,4.27291184321e-09,8.21461014749e-08,1.14247039141e-08
0.0403832863676,0.00424651146943,0.954239024773,0.00113039486533,6.95720101853e-07,3.68717233818e-09,7.31032374824e-08,1.00139702258e-08
0.0411039590076,0.00398031204898,0.953857038793,0.00105799115246,6.21982641322e-07,3.18171365395e-09,6.50552195763e-08,8.77823906766e-09
0.0418371057305,0.00373056889591,0.953441470929,0.000990230070812,5.56040097371e-07,2.74554008039e-09,5.78927373712e-08,7.6956760062e-09
0.0425829233868,0.00349628505026,0.95299341728,0.000926816576803,4.97071354262e-07,2.36915993334e-09,5.1518465386e-08,6.74719018433e-09
0.0433416115384,0.00327652185534,0.952513894557,0.000867473901437,4.44341361282e-07,2.04438028002e-09,4.58457535236e-08,5.916086615e-09
0.0441133724601,0.00307039578523,0.952003844329,0.000811942484339,3.97192177867e-07,1.76412958738e-09,4.07974598698e-08,5.1877629891e-09
0.0448984111421,0.00287707541647,0.951464137068,0.00075997896135,3.55034940168e-07,1.52230451386e-09,3.63049104695e-08,4.54944523229e-09
0.0456969352907,0.00269577854103,0.950895576011,0.000711355204114,3.17342655884e-07,1.31363757274e-09,3.23069723734e-08,3.98995680206e-09
0.046509155329,0.00252576941715,0.950298900818,0.000665857409997,2.83643743315e-07,1.13358283604e-09,2.87492277107e-08,3.49951737177e-09
0.0473352843967,0.00236635615426,0.949674791061,0.000623285240587,2.53516238921e-07,9.78217229278e-10,2.5583237852e-08,3.06956711711e-09
0.0481755383487,0.00221688822788,0.949023869531,0.000583451006933,2.26582605192e-07,8.44155298252e-10,2.27658878964e-08,2.692613314e-09
0.0490301357533,0.00207675412027,0.948346705372,0.00054617889968,2.02505077432e-07,7.28475615294e-10,2.02588027684e-08,2.36209638496e-09
0.0498992978889,0.00194537908219,0.947643817056,0.000511304262183,1.80981494202e-07,6.28657240631e-10,1.80278271438e-08,2.07227290295e-09
0.0507832487396,0.00182222301142,0.946915675199,0.000478672904728,1.6174156175e-07,5.4252486899e-10,1.60425622637e-08,1.8181133844e-09
0.0516822149902,0.00170677844323,0.946162705226,0.000448140457983,1.44543507726e-07,4.68201477472e-10,1.42759534442e-08,1.59521298352e-09
0.0525964260189,0.00159856864827,0.94538528989,0.000419571763804,1.29171084047e-07,4.0406745145e-10,1.27039227585e-08,1.3997134441e-09
0.0535261138898,0.00149714583323,0.944583771663,0.000392840301599,1.15430882818e-07,3.48725304297e-10,1.13050419645e-08,1.22823487624e-09
0.0544715133426,0.00140208943969,0.94375845498,0.000367827648455,1.03149932907e-07,3.00969227031e-10,1.00602412874e-08,1.07781611026e-09
0.0554328617819,0.00131300453672,0.942909608378,0.00034442297131,9.21735480794e-08,2.59758807917e-10,8.95255013898e-09,9.458625398e-10
0.0564103992646,0.00122952030274,0.942037466499,0.000322522549483,8.23634005631e-08,2.24196352013e-10,7.96686628578e-09,8.30100505858e-10
0.0574043684845,0.00115128859249,0.941142231989,0.000302029325954,7.35957966162e-08,1.93507308315e-10,7.08975035229e-09,7.28537394594e-10
0.058415014757,0.00107798258472,0.940224077297,0.000282852485833,6.5760133052e-08,1.67023379341e-10,6.30924288847e-09,6.39426727478e-10
0.0594425859998,0.00100929550686,0.939283146355,0.00026490706051,5.87575158657e-08,1.44167946011e-10,5.61470153013e-09,5.61237614292e-10
0.0604873327132,0.000944939432421,0.938319556185,0.000248113556068,5.24995240409e-08,1.24443490843e-10,4.99665605092e-09,4.92628019629e-10
0.0615495079576,0.000884644147662,0.937333398397,0.000232397604577,4.69071033686e-08,1.07420745755e-10,4.44667934504e-09,4.32421363327e-10
0.0626293673285,0.00082815608369,0.936324740612,0.000217689636958,4.19095766802e-08,9.2729328241e-11,3.95727259355e-09,3.79586036118e-10
0.0637271689297,0.000775237310645,0.935293627805,0.000203924576175,3.74437583064e-08,8.00496619333e-11,3.5217630583e-09,3.33217464821e-10
0.0648431733438,0.000725664590579,0.934240083567,0.000191041549564,3.34531618425e-08,6.91060055343e-11,3.13421311744e-09,2.92522407658e-10
0.0659776436007,0.000679228485857,0.933164111301,0.000178983619176,2.9887291432e-08,5.96604381463e-11,2.78933930837e-09,2.56805200618e-10
0.0671308451424,0.000635732520041,0.932065695348,0.000167697529051,2.6701007805e-08,5.15076698655e-11,2.48244027885e-09,2.25455710973e-10
0.0683030457862,0.000594992388358,0.930944802051,0.000157133468429,2.38539612168e-08,4.44705644554e-11,2.20933266765e-09,1.97938784811e-10
0.0694945156843,0.000556835214977,0.929801380762,0.000147244849918,2.13100842567e-08,3.83962764257e-11,1.96629404308e-09,1.73785002201e-10
0.0707055272811,0.000521098854473,0.92863536479,0.000137988101723,1.90371382282e-08,3.3152918228e-11,1.75001212373e-09,1.52582577087e-10
0.0719363552667,0.000487631234974,0.927446672299,0.000129322473075,1.70063074626e-08,2.86266848338e-11,1.55753959031e-09,1.33970259383e-10
0.0731872765281,0.000456289740627,0.926235207159,0.000121209852049,1.51918365175e-08,2.47193729346e-11,1.38625387391e-09,1.17631114642e-10
0.0744585700963,0.000426940631105,0.925000859748,0.000113614595005,1.35707057425e-08,2.1346240608e-11,1.23382137298e-09,1.03287072261e-10
0.0757505170907,0.000399458496054,0.923743507717,0.00010650336694,1.21223411647e-08,1.84341607251e-11,1.09816561176e-09,9.06941468092e-11
0.0770634006594,0.000373725742429,0.922463016705,9.98449920566e-05,1.0828355077e-08,1.59200277815e-11,9.77438906432e-10,7.9638248986e-11
0.0783975059166,0.000349632112814,0.921159241031,9.36103139321e-05,9.67231408545e-09,1.37493833691e-11,8.69997152735e-10,6.99315131412e-11
0.0797531198756,0.000327074232924,0.91983202434,8.77720646608e-05,8.63953171978e-09,1.18752302766e-11,7.74377391498e-10,6.1409077379e-11
0.0811305313784,0.000305955186552,0.918481200222,8.23047424258e-05,7.71688301022e-09,1.02570093266e-11,6.89277846107e-10,5.39262602458e-11
0.0825300310212,0.000286184116373,0.917106592803,7.71844969559e-05,6.89263871064e-09,8.85971660984e-12,6.13540159724e-10,4.73560849631e-11
0.0839519110758,0.000267675849046,0.915708017301,7.23890223743e-05,6.15631709084e-09,7.65314184638e-12,5.46133589946e-10,4.15871082597e-11
0.0853964654068,0.000250350543196,0.914285280565,6.78974569664e-05,5.49855144004e-09,6.61121124452e-12,4.86140945285e-10,3.65215161921e-11
0.0868639893846,0.000234133358896,0.912838181586,6.36902894289e-05,4.91097161968e-09,5.71142051514e-12,4.32746071573e-10,3.20734540048e-11
0.0883547797942,0.000218954147377,0.911366511983,5.97492711855e-05,4.38609817868e-09,4.93434566568e-12,3.85222717518e-10,2.81675611698e-11
0.0898691347386,0.000204747159746,0.909870056478,5.60573343817e-05,3.91724770146e-09,4.26322089822e-12,3.42924627457e-10,2.47376863152e-11
0.0914073535387,0.000191450773576,0.908348593343,5.25985151952e-05,3.49844819932e-09,3.68357440136e-12,3.05276726053e-10,2.17257598859e-11
0.0929697366277,0.00017900723629,0.906801894836,4.93578821199e-05,3.12436348142e-09,3.18291409031e-12,2.71767274623e-10,1.90808051174e-11
0.0945565854404,0.000167362424323,0.905229727615,4.63214689058e-05,2.79022555388e-09,2.75045644051e-12,2.41940891985e-10,1.67580703047e-11
0.0961682022987,0.00015646561712,0.903631853148,4.34762118525e-05,2.49177419654e-09,2.37689250113e-12,2.15392344566e-10,1.4718267449e-11
0.0978048902902,0.000146269285054,0.902008028102,4.08098911777e-05,2.22520295617e-09,2.05418598673e-12,1.9176102096e-10,1.29269042067e-11
0.0994669531434,0.000136728890432,0.900358004719,3.83110761969e-05,1.9871108761e-09,1.77539904579e-12,1.70726015509e-10,1.13536976776e-11
0.101154695096,0.000127802700788,0.898681531191,3.59690740677e-05,1.77445935384e-09,1.53454190904e-12,1.52001753757e-10,9.97205998143e-12
0.102868420759,0.00011945161372,0.896978352015,3.37738818681e-05,1.58453358263e-09,1.32644314174e-12,1.35334100064e-10,8.75864681153e-12
0.104608434975,0.000111638992555,0.895248208347,3.17161417941e-05,1.41490809076e-09,1.14663767373e-12,1.20496894214e-10,7.69296123816e-12
0.106375042668,0.000104330512198,0.893490838342,2.9787099272e-05,1.2634159437e-09,9.91270169058e-13,1.07288869729e-10,6.75700598473e-12
0.108168548694,9.74940145262e-05,0.891705977497,2.79785637987e-05,1.12812122023e-09,8.5701163152e-13,9.55309118222e-11,5.93497823469e-12
0.109989257679,9.1099372752e-05,0.889893358977,2.62828723311e-05,1.00729441515e-09,7.40987431337e-13,8.50636175351e-11,5.2130017563e-12
0.111837473855,8.51183642048e-05,0.888052713946,2.46928550597e-05,8.99390457639e-10,6.40715187012e-13,7.5745124751e-11,4.5788917736e-12
0.113713500887,7.95245510112e-05,0.886183771884,2.32018034119e-05,8.03029067593e-10,5.54051151469e-13,6.74491804497e-11,4.02194857312e-12
0.115617641698,7.42931681913e-05,0.884286260913,2.18034401383e-05,7.16977201598e-10,4.79143936829e-13,6.00634218249e-11,3.53277632824e-12
0.117550198283,6.94010187128e-05,0.88235990811,2.04918913479e-05,6.40133366474e-10,4.14394572123e-13,5.34878468007e-11,3.10312405476e-12
0.119511471522,6.48263750762e-05,0.88040443982,1.92616603647e-05,5.71513602011e-10,3.58422026189e-13,4.76334530717e-11,2.72574598994e-12
0.121501760981,6.05488870267e-05,0.878419581973,1.81076032872e-05,5.10238955469e-10,3.10033447023e-13,4.24210270868e-11,2.39427901914e-12
0.123521364712,5.65494950162e-05,0.876405060391,1.70249061393e-05,4.555242893e-10,2.68198471536e-13,3.77800664524e-11,2.1031350654e-12
0.12557057904,5.28103490594e-05,0.874360601105,1.6009063509e-05,4.06668280342e-10,2.32027048258e-13,3.36478210467e-11,1.84740661281e-12
0.127649698353,4.93147326512e-05,0.872285930661,1.5055858579e-05,3.63044483823e-10,2.00750291957e-13,2.99684397613e-11,1.62278375844e-12
0.129759014874,4.60469914324e-05,0.870180776438,1.41613444564e-05,3.24093348915e-10,1.73703955094e-13,2.66922112297e-11,1.42548138414e-12
0.131898818437,4.29924663091e-05,0.868044866955,1.33218267182e-05,2.89315084657e-10,1.50314157905e-13,2.3774888182e-11,1.25217521209e-12
0.134069396249,4.01374307508e-05,0.865877932192,1.25338470927e-05,2.58263285777e-10,1.30085068034e-13,2.11770862123e-11,1.09994565896e-12
0.13627103265,3.74690320074e-05,0.863679703899,1.1794168203e-05,2.30539237574e-10,1.12588262937e-13,1.88637487558e-11,9.66228536583e-13
0.138504008863,3.4975236003e-05,0.861449915918,1.10997593026e-05,2.05786827595e-10,9.74535448829e-14,1.68036709821e-11,8.48771763265e-13
0.140768602737,3.26447756771e-05,0.859188304505,1.04477829392e-05,1.83687999546e-10,8.43610098573e-14,1.49690761108e-11,7.4559735208e-13
0.143065088492,3.04671025605e-05,0.856894608645,9.83558248533e-06,1.63958691713e-10,7.30341989227e-14,1.33352383749e-11,6.54968032266e-13
0.145393736442,2.84323413833e-05,0.854568570387,9.26067047981e-06,1.46345208325e-10,6.32341840462e-14,1.18801474912e-11,5.75357938404e-13
0.147754812728,2.65312475279e-05,0.852209935165,8.72071772658e-06,1.30620977749e-10,5.47544606715e-14,1.05842100658e-11,5.05426871187e-13
0.150148579031,2.47551671497e-05,0.849818452132,8.21354310195e-06,1.16583656354e-10,4.74165367965e-14,9.4299838659e-12,4.43997694166e-13
0.152575292288,2.30959997982e-05,0.847393874495,7.73710402367e-06,1.04052541204e-10,4.10661234011e-14,8.40194133659e-12,3.90036484063e-13
0.155035204398,2.15461633853e-05,0.84493595985,7.28948753876e-06,9.28662587031e-11,3.55698440918e-14,7.48625914244e-12,3.42635098916e-13
0.157528561918,2.00985613515e-05,0.842444470529,6.86890198976e-06,8.28806997945e-11,3.08123930645e-14,6.6706308671e-12,3.00995869308e-13
0.160055605763,1.87465518958e-05,0.839919173936,6.47366922156e-06,7.39671754378e-11,2.66940801834e-14,5.94410032051e-12,2.6441815391e-13
0.162616570889,1.74839191385e-05,0.837359842903,6.10221729354e-06,6.6010768902e-11,2.31287103427e-14,5.29691318449e-12,2.3228653211e-13
0.165211685976,1.6304846098e-05,0.83476625604,5.75307366418e-06,5.89088638948e-11,2.00417515022e-14,4.72038497743e-12,2.04060434264e-13
0.16784117311,1.52038893665e-05,0.832138198085,5.42485881719e-06,5.25698297865e-11,1.7368752018e-14,4.20678354128e-12,1.79265034388e-13
0.170505247444,1.41759553802e-05,0.829475460269,5.11628030042e-06,4.69118471839e-11,1.50539732749e-14,3.74922445209e-12,1.57483251516e-13
0.173204116874,1.32162781835e-05,0.826777840675,4.82612715065e-06,4.18618588903e-11,1.30492082668e-14,3.34157793133e-12,1.38348724657e-13
0.175937981695,1.2320398594e-05,0.824045144602,4.55326467911e-06,3.73546328806e-11,1.13127607847e-14,2.97838599233e-12,1.21539642783e-13
0.178707034255,1.14841446806e-05,0.821277184934,4.29662959418e-06,3.33319253472e-11,9.80856332739e-15,2.654788695e-12,1.06773325721e-13
0.181511458615,1.07036134722e-05,0.818473782514,4.05522543941e-06,2.97417331418e-11,8.50541484221e-15,2.36645850679e-12,9.38014644986e-14
0.184351430186,9.97515382159e-06,0.815634766513,3.8281183262e-06,2.65376260783e-11,7.37632197792e-15,2.10954187771e-12,8.24059408689e-14
0.187227115383,9.29535034945e-06,0.812759974808,3.61443294205e-06,2.36781505739e-11,6.39792975998e-15,1.88060723567e-12,7.23951554816e-14
0.190138671256,8.66100840346e-06,0.809849254364,3.41334881635e-06,2.1126297019e-11,5.55002951992e-15,1.6765986959e-12,6.36008027967e-14
0.193086245135,8.06913996725e-06,0.806902461608,3.22409682717e-06,1.88490240728e-11,4.81513356981e-15,1.49479485578e-12,5.58750383523e-14
0.196069974257,7.51695046026e-06,0.803919462818,3.04595593301e-06,1.68168338087e-11,4.17810754544e-15,1.33277211586e-12,4.90879906353e-14
0.199089985406,7.0018263725e-06,0.800900134501,2.87825011533e-06,1.50033922822e-11,3.62585257877e-15,1.18837202916e-12,4.31255756156e-14
0.202146394535,6.52132368178e-06,0.797844363782,2.72034551776e-06,1.338519067e-11,3.14703052841e-15,1.05967223584e-12,3.788757711e-14
0.205239306397,6.07315700439e-06,0.794752048786,2.57164776946e-06,1.19412426497e-11,2.73182641895e-15,9.44960589097e-13,3.32859606298e-14
0.208368814175,5.65518943306e-06,0.791623099024,2.43159948065e-06,1.06528141473e-11,2.37174303653e-15,8.42712121317e-13,2.92433923026e-14
0.211534999107,5.26542301899e-06,0.788457435782,2.29967789897e-06,9.50318199815e-12,2.05942331577e-15,7.51568538408e-13,2.56919379167e-14
0.21473793011,4.9019898576e-06,0.785254992499,2.1753927165e-06,8.47741842905e-12,1.78849674699e-15,6.70319964369e-13,2.25719201754e-14
0.21797766341,4.56314373991e-06,0.782015715154,2.05828401737e-06,7.56219860517e-12,1.55344654576e-15,5.97888688843e-13,1.98309149138e-14
0.221254242171,4.24725233395e-06,0.778739562649,1.94792035718e-06,6.74562877549e-12,1.34949476981e-15,5.33314697564e-13,1.74228693754e-14
0.224567696122,3.95278986297e-06,0.775426507185,1.84389696532e-06,6.01709281569e-12,1.17250295083e-15,4.75742789832e-13,1.53073277002e-14
0.22791804119,3.67833024896e-06,0.77207653464,1.74583406261e-06,5.36711520162e-12,1.01888613953e-15,4.24411108688e-13,1.34487505846e-14
0.231305279138,3.42254069235e-06,0.768689644941,1.65337528651e-06,4.78723865672e-12,8.85538547443e-16,3.78640928634e-13,1.18159176602e-14
0.234729397198,3.1841756603e-06,0.765265852435,1.56618621701e-06,4.2699149042e-12,7.69769215906e-16,3.37827562801e-13,1.03814025308e-14
0.238190367719,2.96207125784e-06,0.761805186253,1.48395299689e-06,3.80840712247e-12,6.69246355568e-16,3.01432266669e-13,9.12111163084e-15
0.241688147811,2.75513995763e-06,0.758307690665,1.40638103987e-06,3.3967028518e-12,5.81949183843e-16,2.68975028926e-13,8.01387914643e-15
0.245222678999,2.56236566584e-06,0.754773425438,1.3331938214e-06,3.02943623429e-12,5.06126246817e-16,2.40028152107e-13,7.04111117917e-15
0.248793886886,2.38279910282e-06,0.75120246618,1.26413174637e-06,2.70181858822e-12,4.40259349482e-16,2.14210536338e-13,6.18647316687e-15
0.252401680814,2.21555347871e-06,0.747594904678,1.1989510891e-06,2.40957642495e-12,3.83032336932e-16,1.91182589038e-13,5.4356153008e-15
0.256045953544,2.05980044528e-06,0.743950849231,1.13742300073e-06,2.14889611172e-12,3.33304071728e-16,1.70641691916e-13,4.7759313199e-15
0.259726580933,1.91476630666e-06,0.740270424966,1.07933257973e-06,1.91637446879e-12,2.90085041325e-16,1.52318164132e-13,4.19634662375e-15
0.263443421635,1.77972847243e-06,0.736553774157,1.02447800154e-06,1.70897466552e-12,2.52517106058e-16,1.35971667218e-13,3.6871321402e-15
0.267196316795,1.65401213783e-06,0.732801056521,9.72669703431e-07,1.52398684788e-12,2.19855964426e-16,1.21388003323e-13,3.23974081618e-15
0.270985089771,1.53698717665e-06,0.729012449511,9.23729621103e-07,1.35899299067e-12,1.91455969631e-16,1.08376263657e-13,2.84666398183e-15
0.274809545852,1.42806523332e-06,0.725188148591,8.77490473636e-07,1.21183552174e-12,1.66756980834e-16,9.67662887708e-14,2.50130517181e-15
0.278669472003,1.32669700165e-06,0.721328367504,8.33795093759e-07,1.08058931403e-12,1.45272975312e-16,8.64064064842e-14,2.19786928186e-15
0.282564636614,1.2323696782e-06,0.71743333852,7.92495800477e-07,9.63536684664e-13,1.26582184735e-16,7.71614170576e-14,1.93126519636e-15
0.286494789267,1.14460457939e-06,0.713503312674,7.53453811359e-07,8.59145078523e-13,1.10318550674e-16,6.89107985196e-14,1.69702024958e-15
0.290459660516,1.06295491183e-06,0.709538559989,7.1653869193e-07,7.6604714872e-13,9.61643221633e-17,6.15471080461e-14,1.4912050822e-15
0.294458961689,9.87003686156e-07,0.705539369679,6.81627839816e-07,6.83022976811e-13,8.38436419618e-17,5.49745579246e-14,1.3103676295e-15
0.298492384695,9.16361765241e-07,0.701506050336,6.48606001392e-07,6.08984203329e-13,7.31169888806e-17,4.91077469946e-14,1.15147513148e-15
0.302559601866,8.50666038286e-07,0.697438930103,6.17364818867e-07,5.42959863701e-13,6.3776361379e-17,4.38705305511e-14,1.01186318982e-15
0.306660265798,7.89577712676e-07,0.693338356822,5.87802405862e-07,4.84083746582e-13,5.56411030955e-17,3.91950135605e-14,8.89191015179e-16
0.310794009226,7.32780716173e-07,0.68920469817,5.59822949652e-07,4.31583111242e-13,4.85542843476e-17,3.50206537023e-14,7.81402112623e-16
0.314960444915,6.79980202395e-07,0.685038341768,5.33336338384e-07,3.84768618126e-13,4.2379565191e-17,3.12934622266e-14,6.86689744191e-16
0.319159165566,6.30901152968e-07,0.680839695275,5.08257811663e-07,3.43025342377e-13,3.69984756324e-17,2.79652919332e-14,6.03466588023e-16
0.323389743753,5.85287070209e-07,0.676609186452,4.84507633027e-07,3.05804754015e-13,3.23080572407e-17,2.499320275e-14,5.30338084098e-16
0.327651731873,5.42898754539e-07,0.672347263217,4.62010782925e-07,2.7261756099e-13,2.82188178866e-17,2.23388964322e-14,4.66079018537e-16
0.331944662129,5.03513161214e-07,0.668054393661,4.40696670867e-07,2.43027322405e-13,2.46529578163e-17,1.99682128306e-14,4.09612952932e-16
0.336268046524,4.66922331297e-07,0.663731066054,4.20498865561e-07,2.16644749177e-13,2.15428308699e-17,1.78506810052e-14,3.59994152962e-16
0.340621376894,4.32932392127e-07,0.659377788819,4.01354841872e-07,1.93122618266e-13,1.88296095035e-17,1.59591191971e-14,3.16391712593e-16
0.34500412495,4.01362622821e-07,0.654995090482,3.83205743541e-07,1.72151234534e-13,1.64621264725e-17,1.42692783238e-14,2.78075607066e-16
0.349415742359,3.72044580644e-07,0.6505835196,3.6599616067e-07,1.53454381355e-13,1.4395869665e-17,1.27595242504e-14,2.44404440297e-16
0.353855660843,3.44821284349e-07,0.646143644662,3.49673921034e-07,1.36785707436e-13,1.25921097185e-17,1.14105546068e-14,2.14814680808e-16
0.358323292306,3.19546450812e-07,0.641676053957,3.34189894342e-07,1.21925502936e-13,1.10171427767e-17,1.02051463822e-14,1.88811205309e-16
0.362818028989,2.96083781557e-07,0.637181355429,3.19497808639e-07,1.08677823003e-13,9.6416330981e-18,9.1279309425e-15,1.65958991051e-16
0.36733924365,2.74306295942e-07,0.63266017649,3.05554078065e-07,9.68679213749e-14,8.44004226958e-18,8.16519348253e-15,1.45875817371e-16
0.371886289771,2.54095708024e-07,0.628113163815,2.92317641275e-07,8.63399606437e-14,7.39013354402e-18,7.3046942494e-15,1.28225853806e-16
0.376458501799,2.35341844266e-07,0.623540983109,2.7974980983e-07,7.69549694443e-14,6.47254135275e-18,6.53550916704e-15,1.1271402706e-16
0.381055195403,2.17942099476e-07,0.618944318841,2.67814125941e-07,6.85890199617e-14,5.67039736709e-18,5.84788774896e-15,9.90810722049e-17
0.385675667768,2.01800928485e-07,0.614323873954,2.56476228979e-07,6.11316020446e-14,4.96900563215e-18,5.23312641776e-15,8.70991849674e-17
0.390319197917,1.86829371285e-07,0.609680369549,2.45703730186e-07,5.44841727515e-14,4.35556028998e-18,4.68345555495e-15,7.65682020949e-17
0.394985047054,1.72944609436e-07,0.605014544535,2.35466095093e-07,4.85588624311e-14,3.8189002708e-18,4.19193878786e-15,6.73122456309e-17
0.39967245894,1.60069551732e-07,0.600327155255,2.25734533146e-07,4.32773204734e-14,3.34929607723e-18,3.752383183e-15,5.91767747476e-17
0.404380660297,1.48132447239e-07,0.595618975088,2.16481894093e-07,3.856968568e-14,2.93826443341e-18,3.35925916056e-15,5.20259956226e-17
0.409108861236,1.37066523908e-07,0.590890794015,2.0768257071e-07,3.43736678229e-14,2.57840713118e-18,3.00762907389e-15,4.5740585866e-17
0.413856255716,1.26809651121e-07,0.586143418162,1.99312407471e-07,3.06337284043e-14,2.26327089151e-18,2.69308351292e-15,4.02156952855e-17
0.418622022025,1.17304024613e-07,0.581377669322,1.91348614781e-07,2.73003499205e-14,1.98722548036e-18,2.41168449289e-15,3.53591894225e-17
0.423405323294,1.08495872306e-07,0.576594384441,1.83769688444e-07,2.43293840861e-14,1.74535768312e-18,2.15991478144e-15,3.10901063707e-17
