-10.0 -10.0 -10.0,-10.0 -10.0 0.0,-10.0 -10.0 10.0,-10.0 0.0 -10.0,-10.0 0.0 0.0,-10.0 0.0 10.0,-10.0 10.0 -10.0,-10.0 10.0 0.0,-10.0 10.0 10.0,0.0 -10.0 -10.0,0.0 -10.0 0.0,0.0 -10.0 10.0,0.0 0.0 -10.0,0.0 0.0 0.0,0.0 0.0 10.0,0.0 10.0 -10.0,0.0 10.0 0.0,0.0 10.0 10.0,10.0 -10.0 -10.0,10.0 -10.0 0.0,10.0 -10.0 10.0,10.0 0.0 -10.0,10.0 0.0 0.0,10.0 0.0 10.0,10.0 10.0 -10.0,10.0 10.0 0.0,10.0 10.0 10.0,other
0.037037037037,0.037037037037,0.037037037037,0.037037037037,0.037037037037,0.037037037037,0.037037037037,0.037037037037,0.037037037037,0.037037037037,0.037037037037,0.037037037037,0.037037037037,0.037037037037,0.037037037037,0.037037037037,0.037037037037,0.037037037037,0.037037037037,0.037037037037,0.037037037037,0.037037037037,0.037037037037,0.037037037037,0.037037037037,0.037037037037,0.037037037037,0.0
0.0361214663416,0.0360735149027,0.0357338577047,0.0367092721564,0.0367506169259,0.03576521473,0.0413407604633,0.0413015126677,0.0360092677021,0.0360772495435,0.036104162581,0.0357352306268,0.03728110543,0.0374976829922,0.0357869647652,0.0431515390833,0.0450692675426,0.0360623723261,0.0357143863785,0.035714380046,0.0357142895304,0.0357143155904,0.0357143159712,0.0357142872601,0.0357143386289,0.0357143403414,0.0357142877681,0.0
0.0351045999002,0.0350099458466,0.0343428852577,0.0362681913048,0.0363497345106,0.034425522102,0.0458121973925,0.0457336815171,0.0350402014427,0.0350173056648,0.0350705148251,0.0343464725576,0.0374033648576,0.0378431306659,0.0344807227147,0.0497914643426,0.0541798207043,0.0351726772194,0.034289844808,0.0342898324493,0.0342896649251,0.0342897067817,0.0342897074036,0.0342896587097,0.0342897447331,0.0342897474975,0.0342896598658,0.0
0.0339971744649,0.0338582406161,0.0328961334354,0.0357111969513,0.0358306086023,0.0330657519155,0.0503154584388,0.0502007588894,0.0342651125839,0.0338689865498,0.0339472208403,0.0329033894854,0.0373871350778,0.0380522836191,0.0331739665067,0.0567801242572,0.0641805552202,0.0345215217871,0.0327828734323,0.0327828555202,0.032782626945,0.0327826743677,0.0327826751256,0.0327826138862,0.0327827211278,0.0327827244631,0.032782615891,0.0
0.0328195725023,0.0326404777694,0.0314512731711,0.0350395806325,0.0351928835916,0.0317706603652,0.0546387472098,0.0544943469519,0.0339156949055,0.0326541858182,0.0327552168452,0.0314645822985,0.03721413453,0.038099481742,0.0319638550939,0.0638050413889,0.0746545418435,0.0343725726122,0.0312283331524,0.0312283103539,0.0312280397958,0.0312280818406,0.0312280826608,0.0312280150212,0.0312281330831,0.0312281366613,0.0312280181592,0.0
0.03160278479,0.0313898597589,0.0300964657535,0.0342592980522,0.0344404458648,0.030668826186,0.0584840215059,0.0583191141858,0.0343491430672,0.0314058736255,0.0315262072673,0.0301192105221,0.0368653056502,0.0379544455179,0.0309959298091,0.0703904598898,0.0848897189204,0.0351367630274,0.0296786941552,0.0296786673381,0.0296783773386,0.0296784015868,0.0296784024227,0.0296783332638,0.0296784544775,0.0296784580932,0.0296783379301,0.0
0.0303824913334,0.0301442709828,0.0289322966922,0.033380284491,0.0335812659319,0.0299060967624,0.0615139134079,0.0613382872321,0.0360253036854,0.0301617225173,0.0302965807415,0.0289678761526,0.0363253959508,0.0375881723452,0.0304338197779,0.0759614060815,0.0939543814362,0.0373582109661,0.028194501459,0.0281944716388,0.028194187205,0.0281941797788,0.0281941806052,0.0281941136103,0.028194232668,0.0281942362075,0.0281941203391,0.0
0.029181687183,0.0289278102623,0.0280166993101,0.0324106664279,0.0326226317094,0.0295677845338,0.0634768841188,0.0632981941317,0.0394110668839,0.0289457638844,0.0290896961061,0.0280658682437,0.0355882656433,0.0369833293154,0.0303746545036,0.0800483239246,0.10102057539,0.04162741663,0.0268161154943,0.0268160837025,0.0268158293004,0.0268157763345,0.0268157771412,0.026815715026,0.0268158284173,0.0268158318274,0.0268157245545,0.0
0.0279933305683,0.0277328420263,0.0273150613752,0.0313461370664,0.031561029081,0.0296106412853,0.0642966777444,0.0641192309006,0.0449225451431,0.0277504954938,0.0278983528403,0.0273728136011,0.0346522645249,0.0361343076189,0.0307777582713,0.0824585659662,0.105682173101,0.0485398311037,0.0255375868326,0.0255375539839,0.025537350351,0.0255372399998,0.0255372407852,0.0255371858461,0.0255372909659,0.0255372942227,0.0255371993012,0.0
0.0267803620355,0.0265207172947,0.0267118855827,0.0301628579535,0.0303743468692,0.0298774644405,0.0640116644898,0.0638373755181,0.0530093408811,0.0265375156047,0.0266850383056,0.0267661998918,0.0335058424705,0.0350313521903,0.0314801888079,0.0832053184235,0.107894260231,0.0588135785247,0.024310771004,0.0243107378627,0.0243106010053,0.0243104243947,0.0243104251616,0.024310380145,0.0243104741573,0.024310477243,0.0243103995115,0.0
0.0254857029675,0.0252327842852,0.0260536310593,0.0288169284644,0.0290204012097,0.0301470545705,0.0626614712614,0.0624915287187,0.0642810012959,0.0252484191016,0.025392239015,0.0260869240015,0.0321168699739,0.0336453147019,0.0322437141937,0.0823286027355,0.107701954305,0.073462846054,0.0230649670343,0.0230649342663,0.0230648761121,0.0230646273865,0.023064628141,0.0230645975581,0.0230646759426,0.0230646788288,0.0230646268159,0.0
0.0240383585727,0.0237969503184,0.0251757862868,0.0272461554798,0.0274382678269,0.0301589418974,0.0602350646039,0.0600711473485,0.0795509582968,0.023811299845,0.023948669585,0.0251690193774,0.0304305064483,0.0319230665049,0.0327704926088,0.079804236497,0.105082935687,0.0938841111202,0.0217184322838,0.0217184005288,0.0217184294046,0.0217181060032,0.0217181067558,0.0217180995305,0.0217181534026,0.0217181560359,0.0217181477504,0.0
0.0223582657058,0.0221325697747,0.0239194226691,0.0253754642114,0.0255535958573,0.0296276117155,0.0566827391081,0.0565275148742,0.0997427623695,0.0221456112519,0.0222741079134,0.023858760969,0.0283755455435,0.0297940660172,0.0327083493058,0.0755589476549,0.0999546211638,0.121752186681,0.0201843748888,0.020184344809,0.0201844647337,0.0201840685621,0.020184069331,0.020184105782,0.0201841149705,0.0201841172502,0.0201841968866,0.0
0.0203718064893,0.0201657991705,0.0221604357916,0.0231350446506,0.0232968027809,0.0282881784617,0.0519712639388,0.0518281749817,0.125600358804,0.0201775130098,0.0202948389026,0.0220446699294,0.0258855418624,0.0271932795516,0.0316998205318,0.0695580886666,0.0922952562111,0.158565150167,0.01838543648,0.0183854087626,0.0183856174563,0.0183851568764,0.0183851576929,0.0183852914631,0.0183852027643,0.0183852044995,0.0183855001035,0.0
0.0180467848956,0.0178642078676,0.019859419253,0.0204992416248,0.0206422455167,0.0259942880445,0.0461691629995,0.046041672731,0.157208706446,0.0178745189183,0.0179785168123,0.0197031802076,0.0229417221495,0.0241063409897,0.0295094636451,0.0619327459355,0.0823209751534,0.204735706474,0.016285649715,0.0162856250116,0.0162859115387,0.0162854031389,0.0162854040514,0.0162858009278,0.0162854496523,0.016285450479,0.0162864058217,0.0
0.0154357951163,0.0152796209741,0.0171073127497,0.0175345514014,0.0176567636394,0.022824358065,0.0395299827918,0.0394207062725,0.193552802253,0.0152884224241,0.0153773855984,0.0169354835701,0.0196252165792,0.0206232410134,0.0261788980151,0.0530829156318,0.0706187051007,0.258561346565,0.0139291796831,0.0139291584946,0.0139295025048,0.0139289707928,0.0139289718642,0.013930222161,0.0139290202953,0.0139290195303,0.0139324469126,0.0
0.0126920898506,0.0125636743926,0.0141223958363,0.0144180039238,0.0145184678028,0.0190979747994,0.032513774041,0.032423867342,0.232466251819,0.0125709079188,0.012644059573,0.0139588452196,0.0161373771841,0.0169584660137,0.0220707451836,0.0436794058425,0.0581301679934,0.315936429352,0.0114532342867,0.0114532168448,0.0114535910879,0.0114530648906,0.0114530661819,0.0114574552137,0.0114531214417,0.0114531178857,0.0114672280792,0.0
0.0100346381108,0.009933110027,0.011188898797,0.011399216542,0.0114786404632,0.0152682817929,0.0257083379179,0.0256372452972,0.271009771885,0.00993882846254,0.00999666392568,0.0110484455594,0.0127586470839,0.0134079133375,0.0177378572388,0.0345420033246,0.0459763360924,0.371361032882,0.00905516743097,0.00905515363536,0.00905552935559,0.00905503587477,0.00905503741627,0.00907122362673,0.00905510503069,0.0090550968774,0.00911678201233,0.0
0.00769323868577,0.00761540032525,0.00858755383206,0.00873942295112,0.00880031384361,0.0117874916328,0.019710248527,0.0196557420659,0.305847226733,0.00761978438783,0.00766412502629,0.00847479779293,0.00978166506207,0.0102794558599,0.0137428774096,0.0264842600224,0.0352531659808,0.419477020334,0.00694230899431,0.00694229841605,0.00694265167534,0.00694221028252,0.00694221204772,0.00699782647577,0.00694229732179,0.00694228256617,0.0071921217485,0.0
0.0058706450033,0.00581124721362,0.00655678239665,0.00666898022181,0.00671544536938,0.00903293979231,0.0150408325631,0.0149992387043,0.333491395179,0.0058145926416,0.00584842860888,0.00646855639975,0.00746430815103,0.00784417205362,0.0105557342592,0.020210429868,0.0269026380894,0.456055858734,0.00529761686187,0.00529760878922,0.00529792649029,0.00529754326863,0.00529754517339,0.00545288160416,0.00529764969208,0.00529762737048,0.00611137550149,0.0
0.00463881470952,0.00459188028609,0.0051824566702,0.00526963641267,0.00530635179494,0.0071548416107,0.0118848620141,0.0118519956247,0.352130403255,0.00459452374443,0.00462125995246,0.00511181997674,0.00589808206741,0.00619824057265,0.0083727205911,0.0159698508217,0.02125807091,0.47997834995,0.00418602435108,0.00418601797216,0.00418630038421,0.00418596742758,0.00418596937881,0.00450929003522,0.00418608943652,0.00418606055494,0.00617411949417,0.0
0.00384711281643,0.0038081886445,0.0042986365712,0.00437027286457,0.00440072205646,0.00594221332606,0.00985649462723,0.00982923747065,0.363638683738,0.00381038094569,0.00383255411184,0.00423962578939,0.00489146245559,0.00514039353504,0.00695964167748,0.0132443488048,0.0176301240309,0.494589951935,0.0034715997344,0.00347159444411,0.0034718483215,0.00347155336368,0.00347155531037,0.00399568461213,0.00347168599643,0.00347165228469,0.00737278053174,0.0
0.0033087524016,0.00327527523229,0.00369744814733,0.00375870207662,0.00378489023904,0.00511549104167,0.00847719329584,0.00845375045578,0.370694062446,0.00327716074514,0.00329623102472,0.00364645965397,0.00420695707125,0.00442105318097,0.00599483142683,0.0113909784146,0.0151630598178,0.503612439255,0.00298578817441,0.0029857836244,0.00298601506529,0.00298574890567,0.00298575083126,0.00371636859545,0.002985889034,0.0029858516965,0.00980806814665,0.0
0.00291365202131,0.00288417238365,0.00325615493113,0.00330987291281,0.00333293392572,0.00450774830189,0.00746492878975,0.00744428526696,0.374748823043,0.00288583274595,0.00290262583048,0.00321110736216,0.00370460150612,0.0038931323419,0.00528487137436,0.0100307912873,0.0133524751823,0.508968019474,0.00262925317192,0.00262924916521,0.00262946234347,0.0026292190861,0.0026292209895,0.00356355914772,0.00262936530173,0.00262932492501,0.0139353171891,0.0
0.00260409557697,0.00257774795776,0.00291036041495,0.00295822060329,0.00297883153243,0.00403099465617,0.00667183109387,0.00665338080724,0.376278369749,0.00257923191733,0.00259424084663,0.00286999777842,0.00331101189164,0.00347951262299,0.00472750371522,0.00896509808697,0.0119338965942,0.511300809967,0.00234991224216,0.00234990866112,0.00235010627979,0.00234988221703,0.00234988410534,0.00348347525495,0.00235003444957,0.00234999109655,0.0206416698817,0.0
0.00234739666803,0.00232364626729,0.00262358001784,0.00266661380199,0.00268519300555,0.0036352314841,0.0060141566208,0.00599752507412,0.375110319273,0.00232498394535,0.00233851336839,0.00258712297039,0.00298462868208,0.00313651949271,0.00426451073084,0.00808137364874,0.0107575413962,0.510438795115,0.00211826947335,0.00211826624531,0.00211844994372,0.00211824284524,0.00211824473378,0.00344590722091,0.00211840250735,0.0021183556303,0.0314082098382,0.0
0.002122474236,0.00210099954692,0.00237227536747,0.00241110468725,0.00242790367035,0.00328811859568,0.00543789499146,0.00542285705143,0.370512879461,0.00210220905149,0.00211444211472,0.0023392568838,0.00269864809224,0.00283598510618,0.00385817053356,0.00730704480549,0.00972680710611,0.505508704813,0.00191530150933,0.00191529859057,0.00191546914242,0.00191527793657,0.00191527985593,0.00342978437275,0.00191544905037,0.00191539699314,0.0485749664351,0.0
0.00191357345985,0.00189421237912,0.00213884980248,0.00217379597757,0.00218894154848,0.00296541674584,0.0049026819552,0.00488912412075,0.361164072394,0.00189530284024,0.00190633188586,0.00210903977301,0.00243303845169,0.00255685837282,0.00348016064844,0.0065878751839,0.00876950084238,0.494877356799,0.00172679134231,0.00172678871081,0.00172694607371,0.0017267708046,0.00172677282542,0.00341590811436,0.00172696400487,0.00172690221798,0.0756500227253,0.0
0.00170744141665,0.00169016593091,0.00190849714323,0.0019396325188,0.00195314659061,0.00264668307918,0.00437456381679,0.0043624665186,0.345154757818,0.0016911389263,0.00170097991215,0.00188186731697,0.00217094916735,0.00228143118092,0.00310655825897,0.00587824501851,0.00782490528137,0.47610039858,0.00154077965463,0.00154077730657,0.00154092060306,0.00154076270579,0.00154076503261,0.00338277019099,0.00154101134125,0.0015409249085,0.117457459781,0.0
0.0014929789431,0.00147787333772,0.00166881525734,0.00169600581133,0.00170782244652,0.00231476749137,0.00382510802412,0.00381453052885,0.320279509639,0.00147872412001,0.00148732903301,0.00164550782045,0.00189826810459,0.00199487331306,0.0027172771012,0.00513996738369,0.00684222769479,0.446182100399,0.00134725066134,0.00134724860813,0.00134737616425,0.00134723996237,0.00134724339301,0.00330506804082,0.0013476875232,0.00134750799312,0.179599691204,0.0
0.00126379532225,0.00125100854274,0.0014126632687,0.00143565616487,0.00144565882788,0.00195979664392,0.0032379687828,0.00322901748442,0.285005407389,0.00125172872161,0.00125901271559,0.00139291841154,0.00160686996898,0.00168864659441,0.00230076359919,0.00435119852513,0.0057926637419,0.402664241587,0.00114043743385,0.00114043569542,0.00114054535989,0.00114045082038,0.00114045994231,0.00315732709917,0.00114208061759,0.00114129448346,0.266307952256,0.0
0.00102639723315,0.0010160123963,0.00114731623068,0.0011659759713,0.00117409946886,0.00159188970249,0.00263012964769,0.00262289453005,0.240822256591,0.00101659727688,0.00102251301194,0.00113127096444,0.00130503040668,0.00137145437745,0.0018689375105,0.00353605206522,0.00471147465661,0.346600526519,0.000926211505107,0.000926210089329,0.000926300310029,0.000926467981677,0.00092652311631,0.00292867982377,0.000941307776783,0.000932900648598,0.374804570188,0.0
0.000862732370262,0.000854003520431,0.000964375789313,0.000980066366657,0.000986892657458,0.00133814955769,0.0022154043585,0.00220991411892,0.206460529789,0.000854494962718,0.000859467470456,0.000950885330731,0.00109696972874,0.00115289305933,0.00157106177141,0.00299649122381,0.00404048156662,0.301622909879,0.000778521373485,0.000778520133852,0.00077859636228,0.00078227610946,0.000782668186358,0.00271884422296,0.00098752337224,0.000855283354267,0.459520043364,0.0
0.00082774161183,0.000819366925035,0.000925262073823,0.000940338969067,0.000946885367321,0.00128388936853,0.00213519158788,0.00213145362127,0.198700627383,0.000819838090231,0.000824609073056,0.00091231824989,0.00105253890744,0.00110636612626,0.00150735962796,0.00292298156052,0.00404330826646,0.29122372628,0.000746945245401,0.000746943948101,0.000747016891335,0.00075900352107,0.000759615065468,0.00266539673212,0.00151627702485,0.000977846140471,0.477957152341,0.0
0.000806166417807,0.000798010161277,0.000901144064738,0.000915851360033,0.000922224166755,0.0012504309337,0.00208949719509,0.00208751603677,0.193871080243,0.000798468692156,0.000803115475214,0.000888537342092,0.00102516444897,0.00107776266558,0.00146807866578,0.00289639721706,0.00411582056292,0.284715676652,0.000727475208471,0.000727473832911,0.000727544639715,0.000748135002264,0.000748846888549,0.00263048868805,0.00241642783983,0.00114023791165,0.488702427687,0.0
0.000789912535196,0.000781920872183,0.000882974131925,0.000897408765968,0.000903650151911,0.00122522369339,0.0020575709176,0.00205738245943,0.190209502934,0.000782369796948,0.000786923053252,0.000870621392294,0.00100455557017,0.00105626936562,0.00143848464091,0.00288902410609,0.00422146552049,0.27975727396,0.000712807069011,0.000712805606413,0.000712874732704,0.000742187145659,0.000742922539508,0.00260249670496,0.00390931922577,0.00133904547325,0.495913007635,0.0
0.000776218909692,0.000768365941928,0.000867665971169,0.000881875096429,0.00088800530792,0.0012039862417,0.00203246564237,0.00203413757238,0.187105479397,0.000768806708561,0.000773281200038,0.000855527226741,0.000987202901336,0.00103820121416,0.00141355115679,0.00289207966455,0.00435054567827,0.275527995212,0.000700449255213,0.000700447699474,0.000700515360268,0.000738622618456,0.000739324031499,0.00257691423238,0.00637037221149,0.00157709744647,0.500730866102,0.0
0.000763541604619,0.000755817060056,0.000853493729653,0.000867497120278,0.000873524093468,0.0011843242947,0.00201044457985,0.00201408971545,0.184210932622,0.000756250225464,0.000760651819995,0.000841553116449,0.000971145098291,0.00102150153207,0.00139046727272,0.00290140129087,0.00450094854084,0.271550631069,0.000689008499728,0.000689006844714,0.000689073115924,0.000736016627888,0.000736637709698,0.00255061406355,0.0104068938029,0.00185850580457,0.503416028745,0.0
0.000750625931602,0.000743032242092,0.000839054828692,0.000852850647589,0.000858772247149,0.00116429192161,0.00198866643772,0.00199447193387,0.18123638516,0.000743457628383,0.00074778497056,0.000827316092878,0.000954789672468,0.00100450423403,0.00136694839189,0.0029145960434,0.00467547245116,0.267418231168,0.000677352525449,0.000677350763016,0.000677415602266,0.000733187046726,0.000733689033843,0.00252037950324,0.0169700074067,0.00218681445684,0.503742551658,0.0
0.000736145745316,0.000728698778985,0.000822866725603,0.00083643131679,0.00084223465322,0.00114183214994,0.00196441727692,0.00197270444426,0.177870205407,0.000729115413996,0.000733359520973,0.000811354345417,0.000936455677232,0.000985456605046,0.00134057952195,0.00293060741774,0.00488392519974,0.262683723966,0.000664284516233,0.000664282633265,0.000664345866291,0.000728839066313,0.000729189606721,0.00248221322747,0.0274677369845,0.00256261023677,0.501086383696,0.0
0.000718586204469,0.000711317198303,0.000803235747739,0.000816522783881,0.000822182438669,0.00111459503257,0.00193517709291,0.0019465293602,0.173752739961,0.000711723162783,0.000715866354699,0.000791997887438,0.000914227874854,0.000962374226199,0.0013086016777,0.00295119788915,0.00515148723111,0.256824987628,0.000648437235279,0.000648435207461,0.000648496497147,0.000721415029808,0.000721589159302,0.0024311624111,0.0437488952453,0.00297917329926,0.494499046164,0.0
0.000696540896621,0.000689495424122,0.000778588889159,0.000791537917325,0.000797016082715,0.00108039811912,0.00190024846541,0.00191579615211,0.168548775689,0.000689887794442,0.000693904364523,0.000767695708413,0.000886342955481,0.000933467530236,0.0012684524889,0.00298644888441,0.00554186024616,0.249352359373,0.000628540895882,0.000628538673314,0.000628597499314,0.000709298830742,0.000709283042218,0.00236247961811,0.0675593973024,0.00341487603706,0.483040171119,0.0
0.000669971216563,0.000663195534004,0.000748880630854,0.000761458532583,0.000766714037566,0.00103917863238,0.0018656969089,0.00188770783579,0.162250526255,0.000663570846575,0.000667435055051,0.000738402910284,0.000852810890511,0.000898892066078,0.00122005814021,0.00306821507231,0.00621144299225,0.240253762001,0.000604558890752,0.000604556368167,0.00060461209215,0.000691903427189,0.000691704006783,0.00227609846014,0.0986611857907,0.00382385318017,0.466813608225,0.0
0.000642278794449,0.000635785469181,0.000717907786612,0.000730202358411,0.000735214597314,0.000996205458023,0.00185055758979,0.00188320301642,0.155674601854,0.000636141038471,0.000639847129365,0.000707863173072,0.000818074700524,0.000863589469286,0.00116960442795,0.00326425099152,0.00748044623352,0.230724738151,0.000579556511984,0.00057955349678,0.000579605621038,0.000671688077977,0.000671338932943,0.00218394498731,0.131855149329,0.00414196558476,0.448566685218,0.0
0.000618721436215,0.000612470980373,0.000691539566198,0.000703803929983,0.000708586611622,0.000959622715522,0.00187594055271,0.00192496541941,0.150080783617,0.000612805590948,0.000616378492291,0.000681863597536,0.000788944373583,0.000834968857824,0.0011266529161,0.00364602917104,0.0097785179214,0.222612948075,0.000558271917698,0.000558268176067,0.000558316622935,0.00065328947423,0.00065284010292,0.00210462642145,0.159175719223,0.00433799644094,0.432525127796,0.0
0.000600444166609,0.000594386160589,0.000671052127694,0.000683573243992,0.000688148090658,0.000931200833817,0.0019418294528,0.00201297400208,0.145743523741,0.000594698736679,0.000598169931147,0.000661662502502,0.000766878825566,0.000814519154105,0.00109328227636,0.00423362171823,0.0135154960039,0.216327254654,0.000541735108119,0.000541730478243,0.000541775435773,0.000638280086732,0.00063776884904,0.00204269790429,0.178241642655,0.00444158618966,0.419900067672,0.0
0.000585483829114,0.000579587623064,0.000654252367464,0.000667250157003,0.000671626961565,0.000907896595994,0.00203732060579,0.00213594647142,0.142195018183,0.000579876433799,0.000583265809506,0.000645097465439,0.000749307207654,0.000799344903341,0.00106591966516,0.00502921752559,0.0192190954447,0.211189830461,0.000528175379609,0.000528169790308,0.000528211444153,0.000625369832737,0.000624819297069,0.00199179625139,0.190902195443,0.00448782519487,0.409488099655,0.0
0.00057188490015,0.000566139373252,0.000638956311735,0.000652585527046,0.000656761952615,0.000886679863173,0.00215388911471,0.00228537655696,0.138970431034,0.000566402076071,0.000569718045283,0.000630015046694,0.000733679686687,0.00078661626276,0.00104100745724,0.00604923140935,0.0276952933948,0.206525663446,0.000515829459795,0.000515822899917,0.000515861364718,0.000612984331477,0.000612408402608,0.00194538535799,0.198830222875,0.00449299759763,0.399978156252,0.0
0.00055808064169,0.000552490356867,0.000623413566797,0.000637781294694,0.000641744875027,0.000865122591289,0.0022853020811,0.00245525000688,0.135699552957,0.000552724001403,0.000555965841757,0.000614689295909,0.000717962106505,0.000774093299322,0.00101569475045,0.00732099043565,0.0401024423599,0.201798932599,0.000503284086424,0.000503276589878,0.000503311913996,0.00059971459151,0.000599123453298,0.00189817957669,0.202864802365,0.00446109433258,0.390294980028,0.0
0.000542622033173,0.000537206172951,0.000606004148607,0.000621179048591,0.000624907480472,0.000840978604393,0.00242533054939,0.00263946758819,0.132044964327,0.000537407062334,0.000540565661367,0.000597522792682,0.000700281042969,0.000759721068809,0.000987343856027,0.00887267552639,0.0579905786067,0.196527066916,0.000489231152756,0.000489222799234,0.000489254977323,0.000584146566952,0.000583549328801,0.00184526567014,0.203300901225,0.00438939776923,0.379433208025,0.0
0.000524001825084,0.000518794921321,0.000585041797297,0.000601056569435,0.00060451705849,0.000811912113887,0.00256592804572,0.00282971367432,0.127668757116,0.000518958389109,0.000522015952037,0.000576852612269,0.000678690643251,0.000741357715453,0.000953211115436,0.0107195799277,0.0832429478865,0.190243459467,0.000472308686846,0.000472299611219,0.000472328599513,0.000564742209705,0.000564148446065,0.00178151771436,0.200153187555,0.00427136678126,0.366341303567,0.0
0.000500671685932,0.000495724212409,0.000558793420493,0.000575644495185,0.000578793577186,0.000775529383772,0.00269593746287,0.00301376865692,0.122263801688,0.000495844384927,0.000498774230823,0.000550969131029,0.000651186757619,0.000716767104925,0.000910482615187,0.0128432841412,0.117763477476,0.182578079971,0.000451115751384,0.000451106155544,0.00045113189847,0.000539898363256,0.000539318908811,0.00170165860886,0.193363547773,0.00409904888742,0.349935643258,0.0
0.000471304917731,0.000466681239043,0.000525776069111,0.000543420237029,0.00054620613547,0.000729807956794,0.00280035615386,0.00317422324277,0.115709370554,0.000466750948776,0.000469518800202,0.000518407269354,0.000616030544114,0.000683934593825,0.000856772798223,0.0151597480251,0.162636588866,0.17360574098,0.000424448788578,0.000424438947412,0.000424461430788,0.00050825195664,0.000507698799056,0.00160115369042,0.182977855507,0.00386619271776,0.329284858831,0.0
0.000435287842578,0.000431058674142,0.000485330510083,0.000503641803073,0.000506013114827,0.00067396104638,0.00285871504287,0.00328564205574,0.108533982469,0.000431070317376,0.000433638249256,0.000478504065381,0.000572328185659,0.000641600815854,0.000791118131647,0.0174565996447,0.216096218356,0.164982189779,0.000391747421609,0.000391737675024,0.000391757039831,0.000469215731732,0.000468700832001,0.00147789303971,0.169283884036,0.00357210361636,0.303956060503,0.0
0.00039345163098,0.000389675414,0.000438577367977,0.000457055887579,0.000458988957434,0.000610005731445,0.00283642666981,0.0033017792504,0.103277862892,0.000389626755079,0.000391960414881,0.000432301025111,0.000520747189973,0.000589689745817,0.000715744363875,0.0192111214071,0.26798715404,0.163582038429,0.000353779723549,0.000353770450788,0.000353787270947,0.000423783841566,0.000423316962348,0.0013347749149,0.152999467884,0.00322709434915,0.27454601743,0.0
0.000349263926173,0.000345947012842,0.000390054140444,0.000407025018548,0.000408586059216,0.000545160321087,0.00268067204413,0.00314710340988,0.106137209407,0.000345858680399,0.000347939466079,0.000384068748293,0.000464674816013,0.000530122330514,0.000638860386884,0.0194102614615,0.292294769872,0.186125511695,0.000313792591976,0.000313784132035,0.000313799778445,0.000375896298901,0.000375481628513,0.0011840400965,0.135735509196,0.00286263935353,0.243571968128,0.0
0.000305032558754,0.000302147259113,0.000342281658091,0.000355923930368,0.000357229036661,0.000482265251845,0.0023969877137,0.00282295995536,0.119789080822,0.000302054554905,0.000303874994032,0.000336303925203,0.000406669879154,0.00046528403408,0.000564135453019,0.0178223520719,0.276926222042,0.239456823511,0.000273964821484,0.000273957364716,0.000273972986639,0.000328189457434,0.00032782730461,0.00103392303862,0.11851562385,0.00249938821388,0.212735524311,0.0
0.0002587309222,0.000256285462451,0.000291629363503,0.000301983304865,0.000303077328623,0.000414343710909,0.00204563068841,0.0024110700287,0.141270364168,0.000256204042434,0.000257748745835,0.000285905519027,0.00034511361911,0.000395136199864,0.000484033885884,0.0153320492544,0.240636139467,0.309064949126,0.000232364031066,0.000232357690152,0.000232373227995,0.000278356335623,0.000278049175313,0.000877255297782,0.100523737041,0.00211991017781,0.180615202185,0.0
0.000212011995533,0.000210008313662,0.000239660544861,0.000247466186852,0.000248360591615,0.000342898961787,0.00167843749323,0.00197859349029,0.169648220126,0.000209941255366,0.000211207108401,0.00023458153775,0.000282822694094,0.000323861009695,0.000400327515085,0.0126058607907,0.198398954355,0.378067996064,0.000190404473376,0.000190399274217,0.000190414146999,0.000228092482833,0.000227840827758,0.000719737071455,0.0823747333155,0.00173713888388,0.14860002949,0.0
0.000168486946975,0.000166894630299,0.00019076956013,0.000196664014011,0.000197374516766,0.000274392352914,0.0013342121531,0.00157285581163,0.204127672944,0.000166841302857,0.000167847290544,0.000186541739412,0.000224764048067,0.000257384257015,0.000320334769829,0.0100256001547,0.157902970302,0.434113219356,0.000151315180423,0.000151311048026,0.000151324662764,0.00018126646806,0.000181066524612,0.000574513167696,0.0654661030907,0.00138053942658,0.120167734281,0.0
0.000131200327355,0.000129960396629,0.0001486825567,0.000153141927037,0.000153695152151,0.000214657371315,0.0010390084626,0.00122485751345,0.240456651927,0.000129918866578,0.000130702227394,0.000145304616062,0.00017502366417,0.000200425992512,0.000250675774052,0.0078084114504,0.123006874463,0.471548900899,0.000117828701534,0.000117825483527,0.000117837451444,0.000141151956499,0.000140996304144,0.000453700360462,0.0509803129745,0.00107504501913,0.0998072081616,0.0
0.000102444262101,0.000101476095666,0.000116148119946,0.000119576806634,0.000120008770012,0.000168097199443,0.000811295540349,0.000956414533479,0.270250388583,0.000101443667413,0.000102055333868,0.000113474433453,0.000136662637488,0.000156497575473,0.000196388781034,0.00609735913117,0.096058875615,0.490269962976,9.2003383564e-05,9.20008708397e-05,9.20111388215e-05,0.000110214887767,0.000110093386175,0.000366596117055,0.039808270007,0.000839439055565,0.0925108010924,0.0
8.22336292137e-05,8.14564667679e-05,9.32559645624e-05,9.59862031865e-05,9.63329448283e-05,0.000135168126184,0.000651244416822,0.000767734943248,0.287205616005,8.14304359394e-05,8.19214303108e-05,9.10946352643e-05,0.000109701288784,0.000125623172078,0.000157978940147,0.00489458284341,0.0771125778446,0.494162195261,7.38525702744e-05,7.38505532598e-05,7.38593586523e-05,8.84713555054e-05,8.83738555136e-05,0.000312195237335,0.0319562614612,0.000673848717472,0.10063315234,0.0
6.79353191626e-05,6.72932852781e-05,7.70512442635e-05,7.92966797318e-05,7.95831307876e-05,0.000111784548522,0.000538012624301,0.000634249174492,0.291321348064,6.72717804637e-05,6.7677403578e-05,7.52587823018e-05,9.06270755576e-05,0.000103780589726,0.000130686666018,0.00404362757774,0.0637076599314,0.486906041763,6.10115102113e-05,6.10098438964e-05,6.10174579438e-05,7.30885951534e-05,7.30080831897e-05,0.00027905831036,0.0264017708396,0.000556705260253,0.124264144459,0.0
5.69096637459e-05,5.63718296544e-05,6.45513111466e-05,6.64271216276e-05,6.66670816264e-05,9.37078644325e-05,0.000450698255569,0.000531316774372,0.284075487029,5.63538149216e-05,5.66936068962e-05,6.30462092177e-05,7.59186455848e-05,8.69374291701e-05,0.000109575100031,0.00338745861634,0.0533715349144,0.469090791083,5.11095635648e-05,5.11081676784e-05,5.11147595092e-05,6.1226795673e-05,6.115940734e-05,0.000256584773627,0.02212026543,0.000466391552473,0.165120593199,0.0
4.75194602674e-05,4.70703698784e-05,5.39030933125e-05,5.54665279901e-05,5.56668922628e-05,7.82838102406e-05,0.000376338433927,0.000443656444444,0.265844161324,4.70553274848e-05,4.73390531675e-05,5.26444066591e-05,6.33919502658e-05,7.25926816744e-05,9.15512984466e-05,0.00282871536081,0.0445720797447,0.439200902697,4.26763872899e-05,4.26752217097e-05,4.26808636574e-05,5.11248517362e-05,5.10687237466e-05,0.000238150297919,0.0184804285623,0.000389539905625,0.226683316309,0.0
3.89113906425e-05,3.85436523828e-05,4.41402360461e-05,4.54188896192e-05,4.55829523409e-05,6.41246544856e-05,0.00030818931505,0.000363319835292,0.236937376571,3.8531334462e-05,3.87636638521e-05,4.31085130705e-05,5.19086936669e-05,5.94429658876e-05,7.49982953341e-05,0.00231702606495,0.0365248533024,0.39571143137,3.49456307603e-05,3.49446762499e-05,3.49493839691e-05,4.18667441493e-05,4.18213595495e-05,0.000219705250709,0.0151865734908,0.000319480147562,0.311340041616,0.0
3.11577164485e-05,3.08632566444e-05,3.53454450568e-05,3.63686824954e-05,3.65000197633e-05,5.13583327019e-05,0.000246951766889,0.000291153612001,0.201024931844,3.08533904563e-05,3.10394257484e-05,3.45187940078e-05,4.15656442157e-05,4.76001389253e-05,6.00694004045e-05,0.00186040709676,0.0294426270489,0.341975586697,2.79821853268e-05,2.79814204468e-05,2.79852399236e-05,3.35540751055e-05,3.35212520454e-05,0.000199943310263,0.0126950801447,0.000260196785073,0.411384857275,0.0
2.75175511681e-05,2.72574996213e-05,3.12161757617e-05,3.21206729443e-05,3.22365150314e-05,4.5361088023e-05,0.00021915007657,0.000258574249949,0.180740229424,2.72487709308e-05,2.74130777794e-05,3.04859771826e-05,3.67121476188e-05,4.20498229105e-05,5.30552616601e-05,0.00167227864649,0.0271842640299,0.310790782693,2.47129796656e-05,2.4712300453e-05,2.47156790137e-05,2.98702304592e-05,2.9850320661e-05,0.000188298729415,0.0156117590929,0.000259822775102,0.462528304212,0.0
2.62296878566e-05,2.59818163983e-05,2.97551782622e-05,3.06186644641e-05,3.07288991356e-05,4.32387895348e-05,0.000210385416199,0.00024854721045,0.173099165538,2.59734750929e-05,2.61301010775e-05,2.9059124251e-05,3.49973967253e-05,4.00962896706e-05,5.05730187354e-05,0.00163464350638,0.0276270468549,0.298753015077,2.35563226521e-05,2.35556698667e-05,2.35588807754e-05,2.88186027655e-05,2.87990114025e-05,0.000183071561542,0.0235221638736,0.000292002730729,0.473908287302,0.0
2.52479140599e-05,2.50093326425e-05,2.86413715948e-05,2.94742203915e-05,2.95801042314e-05,4.16207624426e-05,0.000204329716493,0.00024178639352,0.1671575696,2.50012764935e-05,2.51520514606e-05,2.79713511547e-05,3.36916600381e-05,3.86132103198e-05,4.86805519864e-05,0.00162290563938,0.0287521656152,0.289267467741,2.26745443204e-05,2.26739094967e-05,2.26769869002e-05,2.81041508184e-05,2.80803051747e-05,0.00017832507095,0.0361327382413,0.000332045306834,0.475607772971,0.0
2.43044035445e-05,2.4074756268e-05,2.75709193218e-05,2.83750258957e-05,2.84766445097e-05,4.00656773658e-05,0.000199095301139,0.00023611604271,0.16135876639,2.40669620966e-05,2.42121189591e-05,2.69259206519e-05,3.24383934741e-05,3.7194350753e-05,4.68616860352e-05,0.00162757506396,0.0306262543862,0.279885211869,2.18270966625e-05,2.18264771959e-05,2.18294215866e-05,2.74246086846e-05,2.73941359613e-05,0.000173029138098,0.0548658543153,0.000376054413997,0.470167174481,0.0
2.32968203879e-05,2.30767261988e-05,2.64276748595e-05,2.72023217054e-05,2.72992373844e-05,3.84048420852e-05,0.000194356605423,0.000231260151875,0.155096135347,2.30691894338e-05,2.32083551677e-05,2.58093992674e-05,3.11027171566e-05,3.56897047127e-05,4.49191100691e-05,0.00165591453552,0.0338437427179,0.269638201577,2.0922028366e-05,2.09214227424e-05,2.09242192216e-05,2.66511218063e-05,2.66131709231e-05,0.000166726505924,0.0801279496402,0.000419244090207,0.458160930768,0.0
2.22311479101e-05,2.20211885667e-05,2.5218282893e-05,2.59645849247e-05,2.60561891375e-05,3.66479887461e-05,0.000191021909126,0.000228484021561,0.148439022692,2.20138708714e-05,2.21467190069e-05,2.4628272555e-05,2.96960166932e-05,3.41210641816e-05,4.28641900278e-05,0.00173272052548,0.0397969562859,0.258675678929,1.99646004144e-05,1.99640047304e-05,1.99666346142e-05,2.57587347918e-05,2.57140562141e-05,0.000159600559245,0.108655701726,0.000454250246457,0.441221585559,0.0
2.12102470348e-05,2.1010069251e-05,2.40591669266e-05,2.47841390291e-05,2.48699634112e-05,3.49643739691e-05,0.000190807571879,0.00023002886233,0.142077478888,2.10028457407e-05,2.11296796259e-05,2.34962363289e-05,2.83603359859e-05,3.266222538e-05,4.08948653815e-05,0.0018935412718,0.0507143833153,0.248197673987,1.90469783027e-05,1.90463846265e-05,1.9048839201e-05,2.48261102454e-05,2.47768041408e-05,0.000152523586047,0.132801785018,0.000474263948222,0.422842324287,0.0
2.02786924284e-05,2.00875580388e-05,2.30006549836e-05,2.37143405197e-05,2.37939380415e-05,3.34272321199e-05,0.000194053778115,0.000236346922187,0.136330293524,2.0080246752e-05,2.02016438932e-05,2.24624346582e-05,2.71574225749e-05,3.13869053245e-05,3.90967611063e-05,0.00215345172316,0.0688358849306,0.238791628546,1.82089862194e-05,1.82083876348e-05,1.82106684138e-05,2.38985245132e-05,2.38468872311e-05,0.00014594788793,0.147267704875,0.000478834543049,0.405158791985,0.0
1.93473315769e-05,1.91653576664e-05,2.1941556507e-05,2.26506615283e-05,2.272327988e-05,3.18897953979e-05,0.000199228348404,0.000245529283268,0.130693161954,1.91577978394e-05,1.92738001512e-05,2.14280250258e-05,2.59666124174e-05,3.01497781636e-05,3.72981453546e-05,0.00250170608785,0.0961781070225,0.229703717446,1.73704674939e-05,1.73698636364e-05,1.73719700058e-05,2.28968000203e-05,2.28446672363e-05,0.000139311553969,0.152427483318,0.000470956268708,0.387051952807,0.0
1.82904985723e-05,1.81189906103e-05,2.0739403539e-05,2.14453488914e-05,2.15098567264e-05,3.01458825132e-05,0.000204299080929,0.000255017383813,0.124555068685,1.81110656301e-05,1.82209603669e-05,2.02538080524e-05,2.46173115635e-05,2.87455863403e-05,3.52576503679e-05,0.0029156543108,0.134542491277,0.220167987612,1.64185071042e-05,1.64179048985e-05,1.64198295415e-05,2.1696525461e-05,2.16454900983e-05,0.000131742368487,0.150149777086,0.000452266559884,0.366257641015,0.0
1.70009483546e-05,1.68422192471e-05,1.92730543363e-05,1.99716142298e-05,2.00266442542e-05,2.80222789636e-05,0.0002069592341,0.000261782885546,0.117860603164,1.68338572514e-05,1.69362859476e-05,1.88212215766e-05,2.29623127336e-05,2.69927249459e-05,3.27719714925e-05,0.00334994274084,0.183675657623,0.210964304194,1.52567300691e-05,1.52561430822e-05,1.52578759931e-05,2.01874398402e-05,2.01390513065e-05,0.000122480101672,0.142071864045,0.000423297233502,0.340720556406,0.0
1.54177188152e-05,1.52745936456e-05,1.74763395497e-05,1.81536233393e-05,1.81981321674e-05,2.54328616024e-05,0.000204041365451,0.000261368858938,0.112370461443,1.5265832945e-05,1.53590449882e-05,1.70644806661e-05,2.09099422187e-05,2.47601042132e-05,2.97379403497e-05,0.00369916185842,0.235652293915,0.20813057083,1.38306445864e-05,1.38300918385e-05,1.38316328978e-05,1.83105673669e-05,1.8266277068e-05,0.000111091840386,0.1296160346,0.000384748977775,0.309259106482,0.0
1.35792440974e-05,1.34538787153e-05,1.54045353432e-05,1.60217802566e-05,1.60566523436e-05,2.24825668009e-05,0.000190952241618,0.000246823193064,0.113953502351,1.34451693287e-05,1.35275289471e-05,1.50333821102e-05,1.84827898314e-05,2.20158014069e-05,2.62729404208e-05,0.00374471711721,0.264417887963,0.229736471105,1.21766916993e-05,1.21761939795e-05,1.21775757565e-05,1.61237517637e-05,1.60846313105e-05,9.78682616068e-05,0.114313285532,0.000338994628983,0.272684982492,0.0
1.16329673916e-05,1.15258071172e-05,1.32286736267e-05,1.37368779328e-05,1.37651150127e-05,1.94123840279e-05,0.000167346548883,0.000217033281535,0.127398282251,1.15179931622e-05,1.15886395653e-05,1.2893669707e-05,1.58571032914e-05,1.89322806987e-05,2.26638859346e-05,0.0033840731904,0.249101177633,0.287099768992,1.04297241157e-05,1.04292946103e-05,1.04305603678e-05,1.3811190984e-05,1.37776615328e-05,8.38959377329e-05,0.0979580704426,0.000290420839432,0.234064297055,0.0
9.64916210626e-06,9.56030875023e-06,1.09991051976e-05,1.13961406925e-05,1.14192579088e-05,1.62343373583e-05,0.00013950003628,0.000181045268409,0.149957463953,9.55377422076e-06,9.61238682241e-06,1.07064104577e-05,1.31569779653e-05,1.57162186845e-05,1.894053919e-05,0.00284282193716,0.211594896491,0.358300822851,8.65086399015e-06,8.65050713351e-06,8.65165254491e-06,1.14558282938e-05,1.14280184822e-05,6.97107105754e-05,0.081268725296,0.000240912755335,0.195208319212,0.0
7.76080623475e-06,7.68934463397e-06,8.8602875276e-06,9.16611603069e-06,9.18466825479e-06,1.31400993769e-05,0.000112300593857,0.000145762530393,0.179733959502,7.68408342182e-06,7.73122687546e-06,8.61643176094e-06,1.05826534922e-05,1.26421761147e-05,1.53266647942e-05,0.00229235151029,0.17105719097,0.420787781335,6.95785255476e-06,6.95756543678e-06,6.9585712892e-06,9.21396971279e-06,9.19160762408e-06,5.63620589308e-05,0.0653742871392,0.000193779580656,0.160088560655,0.0
6.11254498484e-06,6.05626087745e-06,6.98468333721e-06,7.21941742719e-06,7.23402403663e-06,1.03950830218e-05,8.84652681264e-05,0.000114827386948,0.213290917263,6.05211648135e-06,6.08924762697e-06,6.78856721989e-06,8.33514837781e-06,9.95741893382e-06,1.21259237996e-05,0.00180649831643,0.134884187021,0.463388011725,5.48012242759e-06,5.4798962714e-06,5.48075408927e-06,7.25712233979e-06,7.23951441868e-06,4.50609908935e-05,0.0514962251834,0.000152633286144,0.134608885713,0.0
4.80425611421e-06,4.76001872262e-06,5.49233978319e-06,5.67422507353e-06,5.68570445172e-06,8.19356382246e-06,6.95338302529e-05,9.02549017583e-05,0.24260264384,4.75676128526e-06,4.78594514529e-06,5.33642005375e-06,6.55115984046e-06,7.82623825342e-06,9.56034899274e-06,0.00142006921289,0.10605026814,0.484070890387,4.30719279694e-06,4.30701504192e-06,4.30773416954e-06,5.70387820341e-06,5.69004275023e-06,3.66623511047e-05,0.0404786821037,0.000119971178937,0.12496328121,0.0
