0.0 0.0,0.0 1.0,0.0 2.0,0.0 3.0,0.0 4.0,1.0 0.0,1.0 1.0,1.0 2.0,1.0 3.0,1.0 4.0,2.0 0.0,2.0 1.0,2.0 2.0,2.0 3.0,2.0 4.0,3.0 0.0,3.0 1.0,3.0 2.0,3.0 3.0,3.0 4.0,4.0 0.0,4.0 1.0,4.0 2.0,4.0 3.0,4.0 4.0,other
0.04,0.04,0.04,0.04,0.04,0.04,0.04,0.04,0.04,0.04,0.04,0.04,0.04,0.04,0.04,0.04,0.04,0.04,0.04,0.04,0.04,0.04,0.04,0.04,0.04,0.0
0.0386217948718,0.0386217948718,0.0386217948718,0.0386217948718,0.0386217948718,0.0386217948718,0.0386217948718,0.0386217948718,0.0386217948718,0.0386217948718,0.0386217948718,0.0386217948718,0.0386217948718,0.0386217948718,0.0386217948718,0.0386217948718,0.0386217948718,0.0386217948718,0.0386217948718,0.0386217948718,0.0386217948725,0.0386218098286,0.0386217948725,0.0386218109935,0.073076891997,0.0
0.0362753901071,0.0362753901071,0.0362753901071,0.0362753901071,0.0362753901071,0.0362753901071,0.0362753901071,0.0362753901071,0.0362753901071,0.0362753901071,0.0362753901071,0.0362753901071,0.0362753901071,0.0362753901071,0.0362753901071,0.0362753901071,0.0362753901071,0.0362753901071,0.0362753901071,0.0362753901071,0.0362753901093,0.0362754272317,0.0362753901081,0.0362754096403,0.129390580768,0.0
0.0325968028225,0.0325968028225,0.0325968028225,0.0325968028225,0.0325968028225,0.0325968028225,0.0325968028225,0.0325968028225,0.0325968028225,0.0325968028225,0.0325968028225,0.0325968028225,0.0325968028225,0.0325968028225,0.0325968028225,0.0325968028225,0.0325968028225,0.0325968028225,0.0325968028225,0.0325968028225,0.03259680283,0.0325968845612,0.0325968028234,0.0325968206327,0.217676632703,0.0
0.0275145437924,0.0275145437924,0.0275145437924,0.0275145437924,0.0275145437924,0.0275145437924,0.0275145437924,0.0275145437924,0.0275145437924,0.0275145437924,0.0275145437924,0.0275145437924,0.0275145437924,0.0275145437924,0.0275145437924,0.0275145437924,0.0275145437924,0.0275145437924,0.0275145437924,0.0275145437924,0.0275145438438,0.0275147675979,0.0275145437932,0.0275145584359,0.339650710481,0.0
0.0215951693335,0.0215951693335,0.0215951693335,0.0215951693335,0.0215951693335,0.0215951693335,0.0215951693335,0.0215951693335,0.0215951693335,0.0215951693335,0.0215951693335,0.0215951693335,0.0215951693335,0.0215951693335,0.0215951693335,0.0215951693335,0.0215951693335,0.0215951693335,0.0215951693335,0.0215951693335,0.021595170168,0.0215961096379,0.0215951693341,0.0215951802646,0.481714983925,0.0
0.0159303995041,0.0159303995041,0.0159303995041,0.0159303995041,0.0159303995042,0.0159303995041,0.0159303995041,0.0159303995041,0.0159303995041,0.0159303995042,0.0159303995041,0.0159303995041,0.0159303995041,0.0159303995041,0.0159303995041,0.0159303995041,0.0159303995041,0.0159303995041,0.0159303995041,0.0159303995042,0.0159304217498,0.0159358292232,0.0159303995045,0.0159304068823,0.617664952557,0.0
0.0114467561732,0.0114467561732,0.0114467561732,0.0114467561732,0.0114467561875,0.0114467561732,0.0114467561732,0.0114467561732,0.0114467561732,0.0114467561875,0.0114467561732,0.0114467561732,0.0114467561732,0.0114467561732,0.0114467561732,0.0114467561732,0.0114467561732,0.0114467561732,0.0114467561732,0.0114467561875,0.0114472499364,0.0114758799976,0.0114467561734,0.0114467607392,0.725248229647,0.0
0.00841403237881,0.0084140324127,0.00841403237675,0.00841403237675,0.00841403476257,0.00841403237881,0.00841403241277,0.00841403237675,0.00841403237675,0.0084140347669,0.00841403237675,0.00841403237675,0.00841403237675,0.00841403237675,0.00841403237675,0.00841403237882,0.00841403241283,0.00841403237675,0.00841403237675,0.00841403477124,0.00841940774793,0.00852022858204,0.00841403237689,0.00841403504069,0.797951641433,0.0
0.00658095707036,0.00658095983496,0.00658095668763,0.00658095668763,0.00658102619169,0.00658095707291,0.00658095985582,0.00658095668763,0.00658095668763,0.00658102664797,0.00658095668763,0.00658095668763,0.00658095668763,0.00658095668763,0.00658095668763,0.00658095707547,0.00658095987682,0.00658095668763,0.00658095668763,0.00658102710728,0.00660684044299,0.00683063577969,0.00658095668771,0.00658095820186,0.841781254591,0.0
0.00553793668659,0.00553797255891,0.00553792826742,0.00553792826742,0.00553844111783,0.00553793681703,0.00553797323925,0.00553792826742,0.00553792826742,0.00553844882222,0.00553792826742,0.00553792826742,0.00553792826742,0.00553792826742,0.00553792826742,0.00553793694951,0.00553797393019,0.00553792826742,0.00553792826742,0.00553845664542,0.00560521440299,0.00596147960084,0.00553792826747,0.00553792912747,0.866597160893,0.0
0.0049531002629,0.00495325328351,0.00495305118082,0.00495305118082,0.00495468854639,0.00495310152522,0.00495325841535,0.00495305118082,0.00495305118082,0.00495472901174,0.00495305118082,0.00495305118082,0.00495305118082,0.00495305118082,0.00495305118082,0.00495310282058,0.00495326368051,0.00495305118082,0.00495305118082,0.0049547705126,0.00507297493148,0.00554135952643,0.00495305118084,0.00495305167403,0.880412731639,0.0
0.00462242715916,0.00462278568445,0.00462228857825,0.00462228857825,0.00462556966335,0.00462243202027,0.00462280290627,0.00462228857825,0.00462228857825,0.00462568057969,0.00462228857825,0.00462228857825,0.00462228857825,0.00462228857825,0.00462228857825,0.00462243705536,0.00462282073959,0.00462228857825,0.00462228857825,0.0046257953769,0.00479419534034,0.00534914154105,0.00462228857827,0.00462228886402,0.88815416013,0.0
0.00443296805904,0.00443357205693,0.00443270584965,0.00443270584965,0.00443775476234,0.00443297934167,0.00443360894083,0.00443270584965,0.00443270584965,0.0044379655345,0.00443270584965,0.00443270584965,0.00443270584965,0.00443270584965,0.00443270584965,0.0044329911192,0.00443364743154,0.00443270584965,0.00443270584965,0.00443818537984,0.00464942032225,0.00526946038699,0.00443270584966,0.00443270601651,0.892542270453,0.0
0.004323207243,0.00432404707655,0.00432281432302,0.00432281432302,0.0043294555258,0.00432322674119,0.00432410774996,0.00432281432302,0.00432281432302,0.00432977753383,0.00432281432302,0.00432281432302,0.00432281432302,0.00432281432302,0.00432281432302,0.00432324722352,0.00432417146927,0.00432281432302,0.00432281432302,0.00433011556731,0.00457522740438,0.00524394519927,0.00432281432303,0.00432281442096,0.895052884969,0.0
0.00425912506794,0.00426016360089,0.00425861457443,0.00425861457443,0.00426654147668,0.00425915316338,0.00426024833046,0.00425861457443,0.00425861457443,0.00426697044243,0.00425861457443,0.00425861457443,0.00425861457443,0.00425861457443,0.00425861457443,0.00425918282731,0.00426033777144,0.00425861457443,0.00425861457443,0.00426742312582,0.0045380756693,0.00524313077708,0.00425861457443,0.0042586146321,0.896497658222,0.0
0.00422152447993,0.00422271686588,0.00422091860969,0.00422091860969,0.00422981161658,0.00422156049401,0.0042228232869,0.00422091860969,0.00422091860969,0.00423033410624,0.00422091860969,0.00422091860969,0.00422091860969,0.00422091860969,0.00422091860969,0.00422159867371,0.0042229360897,0.00422091860969,0.00422091860969,0.00423088782975,0.00452017082054,0.00525227645785,0.00422091860969,0.00422091864372,0.897331417319,0.0
0.00419939349394,0.00420069833792,0.00419871545035,0.00419871545035,0.00420829884957,0.00419943620917,0.00420082287608,0.00419871545035,0.00419871545035,0.00420889802693,0.00419871545035,0.00419871545035,0.00419871545035,0.00419871545035,0.00419871545035,0.00419948163983,0.00420095531721,0.00419871545035,0.00419871545035,0.00420953518454,0.00451208060751,0.00526423536766,0.00419871545035,0.00419871547045,0.897812863215,0.0
0.00418634284123,0.00418772655117,0.00418561279567,0.00418561279567,0.00419567164546,0.00418639090602,0.00418786543878,0.00418561279567,0.00418561279567,0.00419633093126,0.00418561279567,0.00418561279567,0.00418561279567,0.00418561279567,0.00418561279567,0.00418644215718,0.00418801352435,0.00418561279567,0.00418561279567,0.00419703389847,0.00450884422418,0.00527577722227,0.00418561279567,0.00418561280755,0.898090594304,0.0
0.00417863795076,0.00418007527088,0.00417787176356,0.00417787176356,0.00418824881493,0.00417869011305,0.00418022510106,0.00417787176356,0.00417787176356,0.00418895370233,0.00417787176356,0.00417787176356,0.00417787176356,0.00417787176356,0.00417787176356,0.00417874584477,0.00418038517934,0.00417787176356,0.00417787176356,0.00418970688095,0.00450789318985,0.00528565375848,0.00417787176356,0.00417787177059,0.89825045126,0.0
0.00417408588277,0.00417555876279,0.00417329525961,0.00417329525961,0.00418388040392,0.00417414109061,0.00417571670952,0.00417329525961,0.00417329525961,0.00418461906229,0.00417329525961,0.00417329525961,0.00417329525961,0.00417329525961,0.00417329525961,0.00417420016786,0.00417588572584,0.00417329525961,0.00417329525961,0.00418540961771,0.004507930686,0.00529357604484,0.00417329525961,0.00417329526377,0.898342157467,0.0
0.00417139531996,0.00417289131808,0.00417058853235,0.00417058853235,0.00418130712437,0.00417145274161,0.00417305516222,0.00417058853235,0.00417058853235,0.00418207034144,0.00417058853235,0.00417058853235,0.00417058853235,0.00417058853235,0.00417058853235,0.00417151426101,0.00417323070134,0.00417058853235,0.00417058853235,0.00418288820535,0.00450832684825,0.00529968030502,0.00417058853235,0.00417058853481,0.898394536748,0.0
0.00416980457122,0.00417131534331,0.00416898728121,0.00416898728121,0.00417978997923,0.00416986357537,0.00417148340608,0.00416898728121,0.00416898728121,0.00418057080879,0.00416898728121,0.00416898728121,0.00416898728121,0.00416898728121,0.00416898728121,0.00416992684732,0.0041716636301,0.00416898728121,0.00416898728121,0.00418140834097,0.00450879431115,0.00530425729249,0.00416898728121,0.00416898728267,0.898424287237,0.0
0.00416886388483,0.00417038395536,0.00416803987488,0.00416803987488,0.00417889473212,0.00416892400586,0.00417055500006,0.00416803987488,0.00416803987488,0.00417968805711,0.00416803987488,0.00416803987488,0.00416803987488,0.00416803987488,0.00416803987488,0.00416898851924,0.004170738548,0.00416803987488,0.00416803987488,0.00418053959772,0.00450921615105,0.00530762271274,0.00416803987488,0.00416803987574,0.898441066462,0.0
0.00416830753098,0.00416983337124,0.00416747927911,0.00416747927911,0.00417836597683,0.00416836843259,0.00417000650437,0.00416747927911,0.00416747927911,0.00417916809238,0.00416747927911,0.00416747927911,0.00416747927911,0.00416747927911,0.00416747927911,0.00416843381656,0.00417019238835,0.00416747927911,0.00416747927911,0.00418002952313,0.00450955627454,0.00531006146733,0.00416747927911,0.00416747927962,0.898450445993,0.0
0.00416797844528,0.00416950781659,0.00416714754884,0.00416714754884,0.00417805337019,0.00416803988833,0.00416968240193,0.00416714754884,0.00416714754884,0.00417886162885,0.00416714754884,0.00416714754884,0.00416714754884,0.00416714754884,0.00416714754884,0.00416810587812,0.00416986991556,0.00416714754884,0.00416714754884,0.00417972999372,0.0045098139464,0.005311809043,0.00416714754884,0.00416714754914,0.898455629537,0.0
0.00416778376866,0.00416931527078,0.00416695124296,0.00416695124296,0.00417786834922,0.00416784558509,0.00416949086031,0.00416695124296,0.00416695124296,0.00417868087824,0.00416695124296,0.00416695124296,0.00416695124296,0.00416695124296,0.00416695124296,0.00416791199389,0.00416967950421,0.00416695124296,0.00416695124296,0.00417955407776,0.00451000158176,0.00531305037719,0.00416695124296,0.00416695124314,0.898458451594,0.0
0.00416766859194,0.0041692013607,0.00416683507424,0.00416683507424,0.00417775870631,0.00416773066467,0.00416937764159,0.00416683507424,0.00416683507424,0.00417857419133,0.00416683507424,0.00416683507424,0.00416683507424,0.00416683507424,0.00416683507424,0.00416779736193,0.00416956706583,0.00416683507424,0.00416683507424,0.00417945074664,0.00451013453371,0.00531392595617,0.00416683507424,0.00416683507435,0.898459957214,0.0
0.00416760044224,0.00416913395138,0.00416676632789,0.00416676632789,0.00417769364185,0.00416766269031,0.00416931070663,0.00416676632789,0.00416676632789,0.00417851116617,0.00416676632789,0.00416676632789,0.00416676632789,0.00416676632789,0.00416676632789,0.00416772958541,0.00416950066768,0.00416676632789,0.00416676632789,0.00417939004237,0.00451022687571,0.0053145400524,0.00416676632789,0.00416676632796,0.898460737915,0.0
0.00416756011341,0.0041690940468,0.00416672564491,0.00416672564491,0.00417765497081,0.0041676224811,0.00416927112666,0.00416672564491,0.00416672564491,0.00417847389818,0.00416672564491,0.00416672564491,0.00416672564491,0.00416672564491,0.00416672564491,0.00416768951151,0.00416946145593,0.00416672564491,0.00416672564491,0.00417935437483,0.00451029004378,0.00531496875863,0.00416672564491,0.00416672564495,0.898461125834,0.0
0.00416753624491,0.00416907041544,0.00416670156929,0.00416670156929,0.0041776319463,0.00416759869404,0.00416924771698,0.00416670156929,0.00416670156929,0.00417845183688,0.00416670156929,0.00416670156929,0.00416670156929,0.00416670156929,0.00416670156929,0.00416766581678,0.00416943829827,0.00416670156929,0.00416670156929,0.00417933341455,0.00451033274181,0.00531526689628,0.00416670156929,0.00416670156931,0.898461305577,0.0
0.00416752211629,0.00416905641509,0.00416668732164,0.00416668732164,0.00417761821066,0.00416758462077,0.00416923386777,0.00416668732164,0.00416668732164,0.00417843876132,0.00416668732164,0.00416668732164,0.00416668732164,0.00416668732164,0.00416668732164,0.00416765180642,0.00416942462125,0.00416668732164,0.00416668732164,0.00417932109496,0.00451036132727,0.005315473571,0.00416668732164,0.00416668732166,0.898461378406,0.0
0.00416751375163,0.00416904811661,0.00416667889005,0.00416667889005,0.00417760999842,0.0041675762937,0.00416922567221,0.00416667889005,0.00416667889005,0.0041784310008,0.00416667889005,0.00416667889005,0.00416667889005,0.00416667889005,0.00416667889005,0.00416764352216,0.00416941654318,0.00416667889005,0.00416667889005,0.00417931385266,0.00451038031452,0.00531561645938,0.00416667889005,0.00416667889006,0.898461398904,0.0
0.0041675087985,0.00416904319515,0.00416667390033,0.00416667390033,0.0041776050765,0.00416757136608,0.00416922082077,0.00416667390033,0.00416667390033,0.00417842638765,0.00416667390033,0.00416667390033,0.00416667390033,0.00416667390033,0.00416667390033,0.00416763862362,0.00416941177181,0.00416667390033,0.00416667390033,0.00417930959431,0.00451039284394,0.00531571502586,0.00416667390033,0.00416667390034,0.898461395791,0.0
0.00416750586486,0.00416904027463,0.00416667094747,0.00416667094747,0.00417760211862,0.00416756844973,0.00416921794787,0.00416667094747,0.00416667094747,0.00417842364062,0.00416667094747,0.00416667094747,0.00416667094747,0.00416667094747,0.00416667094747,0.00416763572704,0.00416940895344,0.00416667094747,0.00416667094747,0.00417930708994,0.00451040106637,0.0053157828892,0.00416667094747,0.00416667094747,0.898461383661,0.0
0.00416750412689,0.00416903854031,0.0041666692,0.0041666692,0.00417760033573,0.00416756672349,0.00416921624591,0.0041666692,0.0041666692,0.00417842200165,0.0041666692,0.0041666692,0.0041666692,0.0041666692,0.0041666692,0.00416763401421,0.00416940728859,0.0041666692,0.0041666692,0.00417930561677,0.00451040643698,0.00531582953794,0.0041666692,0.0041666692,0.898461369531,0.0
0.00416750309699,0.00416903750959,0.00416666816587,0.00416666816587,0.00417759925759,0.00416756570153,0.00416921523717,0.00416666816587,0.00416666816587,0.00417842102164,0.00416666816587,0.00416666816587,0.00416666816587,0.00416666816587,0.00416666816587,0.00416763300136,0.0041694063051,0.00416666816587,0.00416666816587,0.00417930474999,0.00451040993074,0.00531586155986,0.00416666816587,0.00416666816587,0.898461356472,0.0
0.00416750248647,0.00416903689647,0.00416666755388,0.00416666755388,0.00417759860329,0.0041675650964,0.00416921463898,0.00416666755388,0.00416666755388,0.00417842043425,0.00416666755388,0.00416666755388,0.00416666755388,0.00416666755388,0.00416666755388,0.00416763240241,0.00416940572408,0.00416666755388,0.00416666755388,0.00417930423986,0.00451041219559,0.00531588351543,0.00416666755388,0.00416666755388,0.898461345566,0.0
0.00416750212444,0.00416903653138,0.00416666719171,0.00416666719171,0.00417759820468,0.00416756473801,0.00416921428403,0.00416666719171,0.00416666719171,0.00417842008124,0.00416666719171,0.00416666719171,0.00416666719171,0.00416666719171,0.00416666719171,0.00416763204822,0.00416940538081,0.00416666719171,0.00416666719171,0.00417930393956,0.00451041365935,0.00531589855397,0.00416666719171,0.00416666719171,0.898461336962,0.0
0.00416750190966,0.00416903631374,0.00416666697738,0.00416666697738,0.00417759796085,0.00416756452571,0.00416921407328,0.00416666697738,0.00416666697738,0.00417841986848,0.00416666697738,0.00416666697738,0.00416666697738,0.00416666697738,0.00416666697738,0.00416763183876,0.004169405178,0.00416666697738,0.00416666697738,0.00417930376273,0.00451041460285,0.00531590884578,0.00416666697738,0.00416666697738,0.898461330414,0.0
0.00416750178218,0.00416903618384,0.00416666685054,0.00416666685054,0.00417759781104,0.00416756439991,0.00416921394805,0.00416666685054,0.00416666685054,0.00417841973982,0.00416666685054,0.00416666685054,0.00416666685054,0.00416666685054,0.00416666685054,0.00416763171489,0.00416940505817,0.00416666685054,0.00416666685054,0.00417930365857,0.00451041520959,0.0053159158839,0.00416666685054,0.00416666685054,0.898461325553,0.0
0.00416750170648,0.00416903610618,0.00416666677548,0.00416666677548,0.00417759771857,0.00416756432534,0.00416921387358,0.00416666677548,0.00416666677548,0.00417841966176,0.00416666677548,0.00416666677548,0.00416666677548,0.00416666677548,0.00416666677548,0.00416763164164,0.00416940498736,0.00416666677548,0.00416666677548,0.0041793035972,0.00451041559897,0.0053159206939,0.00416666677548,0.00416666677548,0.898461322008,0.0
0.0041675016615,0.00416903605969,0.00416666673106,0.00416666673106,0.00417759766122,0.00416756428113,0.00416921382924,0.00416666673106,0.00416666673106,0.00417841961422,0.00416666673106,0.00416666673106,0.00416666673106,0.00416666673106,0.00416666673106,0.00416763159831,0.00416940494551,0.00416666673106,0.00416666673106,0.00417930356104,0.00451041584841,0.00531592397934,0.00416666673106,0.00416666673106,0.898461319457,0.0
0.00416750163475,0.0041690360318,0.00416666670478,0.00416666670478,0.00417759762547,0.00416756425491,0.00416921380282,0.00416666670478,0.00416666670478,0.00417841958515,0.00416666670478,0.00416666670478,0.00416666670478,0.00416666670478,0.00416666670478,0.00416763157269,0.00416940492078,0.00416666670478,0.00416666670478,0.00417930353972,0.00451041600795,0.00531592622238,0.00416666670478,0.00416666670478,0.89846131764,0.0
0.00416750161883,0.00416903601504,0.00416666668922,0.00416666668922,0.00417759760307,0.00416756423934,0.00416921378705,0.00416666668922,0.00416666668922,0.0041784195673,0.00416666668922,0.00416666668922,0.00416666668922,0.00416666668922,0.00416666668922,0.00416763155754,0.00416940490617,0.00416666668922,0.00416666668922,0.00417930352714,0.00451041610985,0.00531592775312,0.00416666668922,0.00416666668922,0.898461316356,0.0
0.00416750160935,0.00416903600494,0.00416666668001,0.00416666668001,0.00417759758896,0.0041675642301,0.00416921377763,0.00416666668001,0.00416666668001,0.00417841955628,0.00416666668001,0.00416666668001,0.00416666668001,0.00416666668001,0.00416666668001,0.00416763154858,0.00416940489753,0.00416666668001,0.00416666668001,0.00417930351972,0.00451041617486,0.00531592879739,0.00416666668001,0.00416666668001,0.898461315454,0.0
0.0041675016037,0.00416903599884,0.00416666667456,0.00416666667456,0.00417759758003,0.00416756422461,0.00416921377199,0.00416666667456,0.00416666667456,0.00417841954946,0.00416666667456,0.00416666667456,0.00416666667456,0.00416666667456,0.00416666667456,0.00416763154328,0.00416940489243,0.00416666667456,0.00416666667456,0.00417930351535,0.00451041621629,0.00531592950957,0.00416666667456,0.00416666667456,0.898461314825,0.0
0.00416750160032,0.00416903599515,0.00416666667134,0.00416666667134,0.00417759757434,0.00416756422135,0.00416921376861,0.00416666667134,0.00416666667134,0.00417841954521,0.00416666667134,0.00416666667134,0.00416666667134,0.00416666667134,0.00416666667134,0.00416763154014,0.00416940488941,0.00416666667134,0.00416666667134,0.00417930351276,0.00451041624266,0.00531592999515,0.00416666667134,0.00416666667134,0.898461314387,0.0
0.0041675015983,0.00416903599291,0.00416666666943,0.00416666666943,0.00417759757071,0.00416756421941,0.00416921376658,0.00416666666943,0.00416666666943,0.00417841954255,0.00416666666943,0.00416666666943,0.00416666666943,0.00416666666943,0.00416666666943,0.00416763153829,0.00416940488763,0.00416666666943,0.00416666666943,0.00417930351124,0.00451041625944,0.00531593032614,0.00416666666943,0.00416666666943,0.898461314084,0.0
0.0041675015971,0.00416903599154,0.0041666666683,0.0041666666683,0.00417759756837,0.00416756421825,0.00416921376536,0.0041666666683,0.0041666666683,0.00417841954087,0.0041666666683,0.0041666666683,0.0041666666683,0.0041666666683,0.0041666666683,0.00416763153719,0.00416940488657,0.0041666666683,0.0041666666683,0.00417930351034,0.00451041627011,0.00531593055172,0.0041666666683,0.0041666666683,0.898461313875,0.0
0.00416750159637,0.0041690359907,0.00416666666764,0.00416666666764,0.00417759756686,0.00416756421756,0.00416921376462,0.00416666666764,0.00416666666764,0.00417841953982,0.00416666666764,0.00416666666764,0.00416666666764,0.00416666666764,0.00416666666764,0.00416763153654,0.00416940488595,0.00416666666764,0.00416666666764,0.0041793035098,0.00451041627689,0.00531593070543,0.00416666666764,0.00416666666764,0.89846131373,0.0
0.00416750159594,0.00416903599019,0.00416666666724,0.00416666666724,0.00417759756588,0.00416756421715,0.00416921376418,0.00416666666724,0.00416666666724,0.00417841953914,0.00416666666724,0.00416666666724,0.00416666666724,0.00416666666724,0.00416666666724,0.00416763153616,0.00416940488558,0.00416666666724,0.00416666666724,0.00417930350949,0.00451041628119,0.00531593081015,0.00416666666724,0.00416666666724,0.898461313631,0.0
0.00416750159568,0.00416903598988,0.00416666666701,0.00416666666701,0.00417759756524,0.00416756421691,0.00416921376391,0.00416666666701,0.00416666666701,0.00417841953871,0.00416666666701,0.00416666666701,0.00416666666701,0.00416666666701,0.00416666666701,0.00416763153593,0.00416940488536,0.00416666666701,0.00416666666701,0.0041793035093,0.00451041628392,0.00531593088149,0.00416666666701,0.00416666666701,0.898461313563,0.0
0.00416750159552,0.00416903598968,0.00416666666687,0.00416666666687,0.00417759756482,0.00416756421676,0.00416921376374,0.00416666666687,0.00416666666687,0.00417841953844,0.00416666666687,0.00416666666687,0.00416666666687,0.00416666666687,0.00416666666687,0.0041676315358,0.00416940488524,0.00416666666687,0.00416666666687,0.00417930350919,0.00451041628566,0.00531593093008,0.00416666666687,0.00416666666687,0.898461313516,0.0
0.00416750159542,0.00416903598956,0.00416666666679,0.00416666666679,0.00417759756454,0.00416756421667,0.00416921376364,0.00416666666679,0.00416666666679,0.00417841953826,0.00416666666679,0.00416666666679,0.00416666666679,0.00416666666679,0.00416666666679,0.00416763153572,0.00416940488516,0.00416666666679,0.00416666666679,0.00417930350913,0.00451041628676,0.00531593096317,0.00416666666679,0.00416666666679,0.898461313484,0.0
0.00416750159537,0.00416903598948,0.00416666666674,0.00416666666674,0.00417759756436,0.00416756421662,0.00416921376358,0.00416666666674,0.00416666666674,0.00417841953814,0.00416666666674,0.00416666666674,0.00416666666674,0.00416666666674,0.00416666666674,0.00416763153567,0.00416940488511,0.00416666666674,0.00416666666674,0.00417930350909,0.00451041628746,0.00531593098571,0.00416666666674,0.00416666666674,0.898461313462,0.0
0.00416750159533,0.00416903598943,0.00416666666671,0.00416666666671,0.00417759756424,0.00416756421659,0.00416921376354,0.00416666666671,0.00416666666671,0.00417841953807,0.00416666666671,0.00416666666671,0.00416666666671,0.00416666666671,0.00416666666671,0.00416763153564,0.00416940488509,0.00416666666671,0.00416666666671,0.00417930350907,0.0045104162879,0.00531593100105,0.00416666666671,0.00416666666671,0.898461313447,0.0
0.00416750159531,0.0041690359894,0.00416666666669,0.00416666666669,0.00417759756416,0.00416756421657,0.00416921376352,0.00416666666669,0.00416666666669,0.00417841953802,0.00416666666669,0.00416666666669,0.00416666666669,0.00416666666669,0.00416666666669,0.00416763153563,0.00416940488507,0.00416666666669,0.00416666666669,0.00417930350905,0.00451041628819,0.0053159310115,0.00416666666669,0.00416666666669,0.898461313437,0.0
0.0041675015953,0.00416903598939,0.00416666666668,0.00416666666668,0.00417759756411,0.00416756421656,0.0041692137635,0.00416666666668,0.00416666666668,0.00417841953799,0.00416666666668,0.00416666666668,0.00416666666668,0.00416666666668,0.00416666666668,0.00416763153562,0.00416940488506,0.00416666666668,0.00416666666668,0.00417930350905,0.00451041628836,0.00531593101862,0.00416666666668,0.00416666666668,0.89846131343,0.0
0.00416750159529,0.00416903598937,0.00416666666668,0.00416666666668,0.00417759756407,0.00416756421655,0.00416921376349,0.00416666666668,0.00416666666668,0.00417841953797,0.00416666666668,0.00416666666668,0.00416666666668,0.00416666666668,0.00416666666668,0.00416763153561,0.00416940488506,0.00416666666668,0.00416666666668,0.00417930350904,0.00451041628848,0.00531593102346,0.00416666666668,0.00416666666668,0.898461313425,0.0
0.00416750159528,0.00416903598937,0.00416666666667,0.00416666666667,0.00417759756405,0.00416756421654,0.00416921376349,0.00416666666667,0.00416666666667,0.00417841953795,0.00416666666667,0.00416666666667,0.00416666666667,0.00416666666667,0.00416666666667,0.00416763153561,0.00416940488505,0.00416666666667,0.00416666666667,0.00417930350904,0.00451041628855,0.00531593102676,0.00416666666667,0.00416666666667,0.898461313422,0.0
0.00416750159528,0.00416903598936,0.00416666666667,0.00416666666667,0.00417759756403,0.00416756421654,0.00416921376349,0.00416666666667,0.00416666666667,0.00417841953794,0.00416666666667,0.00416666666667,0.00416666666667,0.00416666666667,0.00416666666667,0.00416763153561,0.00416940488505,0.00416666666667,0.00416666666667,0.00417930350904,0.0045104162886,0.00531593102901,0.00416666666667,0.00416666666667,0.898461313419,0.0
0.00416750159528,0.00416903598936,0.00416666666667,0.00416666666667,0.00417759756402,0.00416756421654,0.00416921376348,0.00416666666667,0.00416666666667,0.00417841953794,0.00416666666667,0.00416666666667,0.00416666666667,0.00416666666667,0.00416666666667,0.00416763153561,0.00416940488505,0.00416666666667,0.00416666666667,0.00417930350904,0.00451041628863,0.00531593103053,0.00416666666667,0.00416666666667,0.898461313418,0.0
0.00416750159528,0.00416903598936,0.00416666666667,0.00416666666667,0.00417759756402,0.00416756421654,0.00416921376348,0.00416666666667,0.00416666666667,0.00417841953793,0.00416666666667,0.00416666666667,0.00416666666667,0.00416666666667,0.00416666666667,0.00416763153561,0.00416940488505,0.00416666666667,0.00416666666667,0.00417930350904,0.00451041628864,0.00531593103157,0.00416666666667,0.00416666666667,0.898461313417,0.0
0.00416750159528,0.00416903598935,0.00416666666667,0.00416666666667,0.00417759756401,0.00416756421654,0.00416921376348,0.00416666666667,0.00416666666667,0.00417841953793,0.00416666666667,0.00416666666667,0.00416666666667,0.00416666666667,0.00416666666667,0.0041676315356,0.00416940488505,0.00416666666667,0.00416666666667,0.00417930350904,0.00451041628866,0.00531593103228,0.00416666666667,0.00416666666667,0.898461313416,0.0
0.00416750159528,0.00416903598935,0.00416666666667,0.00416666666667,0.00417759756401,0.00416756421654,0.00416921376348,0.00416666666667,0.00416666666667,0.00417841953793,0.00416666666667,0.00416666666667,0.00416666666667,0.00416666666667,0.00416666666667,0.0041676315356,0.00416940488505,0.00416666666667,0.00416666666667,0.00417930350904,0.00451041628866,0.00531593103277,0.00416666666667,0.00416666666667,0.898461313416,0.0
0.00416750159527,0.00416903598935,0.00416666666667,0.00416666666667,0.00417759756401,0.00416756421654,0.00416921376348,0.00416666666667,0.00416666666667,0.00417841953793,0.00416666666667,0.00416666666667,0.00416666666667,0.00416666666667,0.00416666666667,0.0041676315356,0.00416940488505,0.00416666666667,0.00416666666667,0.00417930350904,0.00451041628867,0.00531593103309,0.00416666666667,0.00416666666667,0.898461313415,0.0
0.00416750159527,0.00416903598935,0.00416666666667,0.00416666666667,0.004177597564,0.00416756421654,0.00416921376348,0.00416666666667,0.00416666666667,0.00417841953793,0.00416666666667,0.00416666666667,0.00416666666667,0.00416666666667,0.00416666666667,0.0041676315356,0.00416940488505,0.00416666666667,0.00416666666667,0.00417930350904,0.00451041628867,0.00531593103332,0.00416666666667,0.00416666666667,0.898461313415,0.0
0.00416750159527,0.00416903598935,0.00416666666667,0.00416666666667,0.004177597564,0.00416756421654,0.00416921376348,0.00416666666667,0.00416666666667,0.00417841953793,0.00416666666667,0.00416666666667,0.00416666666667,0.00416666666667,0.00416666666667,0.0041676315356,0.00416940488505,0.00416666666667,0.00416666666667,0.00417930350904,0.00451041628867,0.00531593103347,0.00416666666667,0.00416666666667,0.898461313415,0.0
0.00416750159527,0.00416903598935,0.00416666666667,0.00416666666667,0.004177597564,0.00416756421654,0.00416921376348,0.00416666666667,0.00416666666667,0.00417841953793,0.00416666666667,0.00416666666667,0.00416666666667,0.00416666666667,0.00416666666667,0.0041676315356,0.00416940488505,0.00416666666667,0.00416666666667,0.00417930350904,0.00451041628867,0.00531593103357,0.00416666666667,0.00416666666667,0.898461313415,0.0
0.00416750159527,0.00416903598935,0.00416666666667,0.00416666666667,0.004177597564,0.00416756421654,0.00416921376348,0.00416666666667,0.00416666666667,0.00417841953793,0.00416666666667,0.00416666666667,0.00416666666667,0.00416666666667,0.00416666666667,0.0041676315356,0.00416940488505,0.00416666666667,0.00416666666667,0.00417930350904,0.00451041628868,0.00531593103364,0.00416666666667,0.00416666666667,0.898461313415,0.0
0.00416750159527,0.00416903598935,0.00416666666667,0.00416666666667,0.004177597564,0.00416756421654,0.00416921376348,0.00416666666667,0.00416666666667,0.00417841953792,0.00416666666667,0.00416666666667,0.00416666666667,0.00416666666667,0.00416666666667,0.0041676315356,0.00416940488505,0.00416666666667,0.00416666666667,0.00417930350904,0.00451041628868,0.00531593103369,0.00416666666667,0.00416666666667,0.898461313415,0.0
0.00416750159527,0.00416903598935,0.00416666666667,0.00416666666667,0.004177597564,0.00416756421654,0.00416921376348,0.00416666666667,0.00416666666667,0.00417841953792,0.00416666666667,0.00416666666667,0.00416666666667,0.00416666666667,0.00416666666667,0.0041676315356,0.00416940488505,0.00416666666667,0.00416666666667,0.00417930350904,0.00451041628868,0.00531593103372,0.00416666666667,0.00416666666667,0.898461313415,0.0
0.00416750159527,0.00416903598935,0.00416666666667,0.00416666666667,0.004177597564,0.00416756421654,0.00416921376348,0.00416666666667,0.00416666666667,0.00417841953792,0.00416666666667,0.00416666666667,0.00416666666667,0.00416666666667,0.00416666666667,0.0041676315356,0.00416940488505,0.00416666666667,0.00416666666667,0.00417930350904,0.00451041628868,0.00531593103375,0.00416666666667,0.00416666666667,0.898461313415,0.0
0.00416750159527,0.00416903598935,0.00416666666667,0.00416666666667,0.004177597564,0.00416756421654,0.00416921376348,0.00416666666667,0.00416666666667,0.00417841953792,0.00416666666667,0.00416666666667,0.00416666666667,0.00416666666667,0.00416666666667,0.0041676315356,0.00416940488505,0.00416666666667,0.00416666666667,0.00417930350904,0.00451041628868,0.00531593103376,0.00416666666667,0.00416666666667,0.898461313415,0.0
0.00416750159527,0.00416903598935,0.00416666666667,0.00416666666667,0.004177597564,0.00416756421654,0.00416921376348,0.00416666666667,0.00416666666667,0.00417841953792,0.00416666666667,0.00416666666667,0.00416666666667,0.00416666666667,0.00416666666667,0.0041676315356,0.00416940488505,0.00416666666667,0.00416666666667,0.00417930350904,0.00451041628868,0.00531593103377,0.00416666666667,0.00416666666667,0.898461313415,0.0
0.00416750159527,0.00416903598935,0.00416666666667,0.00416666666667,0.004177597564,0.00416756421654,0.00416921376348,0.00416666666667,0.00416666666667,0.00417841953792,0.00416666666667,0.00416666666667,0.00416666666667,0.00416666666667,0.00416666666667,0.0041676315356,0.00416940488505,0.00416666666667,0.00416666666667,0.00417930350904,0.00451041628868,0.00531593103378,0.00416666666667,0.00416666666667,0.898461313415,0.0
0.00416750159527,0.00416903598935,0.00416666666667,0.00416666666667,0.004177597564,0.00416756421654,0.00416921376348,0.00416666666667,0.00416666666667,0.00417841953792,0.00416666666667,0.00416666666667,0.00416666666667,0.00416666666667,0.00416666666667,0.0041676315356,0.00416940488505,0.00416666666667,0.00416666666667,0.00417930350904,0.00451041628868,0.00531593103378,0.00416666666667,0.00416666666667,0.898461313415,0.0
0.00416750159527,0.00416903598935,0.00416666666667,0.00416666666667,0.004177597564,0.00416756421654,0.00416921376348,0.00416666666667,0.00416666666667,0.00417841953792,0.00416666666667,0.00416666666667,0.00416666666667,0.00416666666667,0.00416666666667,0.0041676315356,0.00416940488505,0.00416666666667,0.00416666666667,0.00417930350904,0.00451041628868,0.00531593103379,0.00416666666667,0.00416666666667,0.898461313415,0.0
0.00416750159527,0.00416903598935,0.00416666666667,0.00416666666667,0.004177597564,0.00416756421654,0.00416921376348,0.00416666666667,0.00416666666667,0.00417841953792,0.00416666666667,0.00416666666667,0.00416666666667,0.00416666666667,0.00416666666667,0.0041676315356,0.00416940488505,0.00416666666667,0.00416666666667,0.00417930350904,0.00451041628868,0.00531593103379,0.00416666666667,0.00416666666667,0.898461313415,0.0
0.00416750159527,0.00416903598935,0.00416666666667,0.00416666666667,0.004177597564,0.00416756421654,0.00416921376348,0.00416666666667,0.00416666666667,0.00417841953792,0.00416666666667,0.00416666666667,0.00416666666667,0.00416666666667,0.00416666666667,0.0041676315356,0.00416940488505,0.00416666666667,0.00416666666667,0.00417930350904,0.00451041628868,0.00531593103379,0.00416666666667,0.00416666666667,0.898461313415,0.0
0.00416750159527,0.00416903598935,0.00416666666667,0.00416666666667,0.004177597564,0.00416756421654,0.00416921376348,0.00416666666667,0.00416666666667,0.00417841953792,0.00416666666667,0.00416666666667,0.00416666666667,0.00416666666667,0.00416666666667,0.0041676315356,0.00416940488505,0.00416666666667,0.00416666666667,0.00417930350904,0.00451041628868,0.00531593103379,0.00416666666667,0.00416666666667,0.898461313415,0.0
0.00416750159527,0.00416903598935,0.00416666666667,0.00416666666667,0.004177597564,0.00416756421654,0.00416921376348,0.00416666666667,0.00416666666667,0.00417841953792,0.00416666666667,0.00416666666667,0.00416666666667,0.00416666666667,0.00416666666667,0.0041676315356,0.00416940488505,0.00416666666667,0.00416666666667,0.00417930350904,0.00451041628868,0.00531593103379,0.00416666666667,0.00416666666667,0.898461313415,0.0
0.00416750159527,0.00416903598935,0.00416666666667,0.00416666666667,0.004177597564,0.00416756421654,0.00416921376348,0.00416666666667,0.00416666666667,0.00417841953792,0.00416666666667,0.00416666666667,0.00416666666667,0.00416666666667,0.00416666666667,0.0041676315356,0.00416940488505,0.00416666666667,0.00416666666667,0.00417930350904,0.00451041628868,0.00531593103379,0.00416666666667,0.00416666666667,0.898461313415,0.0
0.00416750159527,0.00416903598935,0.00416666666667,0.00416666666667,0.004177597564,0.00416756421654,0.00416921376348,0.00416666666667,0.00416666666667,0.00417841953792,0.00416666666667,0.00416666666667,0.00416666666667,0.00416666666667,0.00416666666667,0.0041676315356,0.00416940488505,0.00416666666667,0.00416666666667,0.00417930350904,0.00451041628868,0.00531593103379,0.00416666666667,0.00416666666667,0.898461313415,0.0
0.00416750159527,0.00416903598935,0.00416666666667,0.00416666666667,0.004177597564,0.00416756421654,0.00416921376348,0.00416666666667,0.00416666666667,0.00417841953792,0.00416666666667,0.00416666666667,0.00416666666667,0.00416666666667,0.00416666666667,0.0041676315356,0.00416940488505,0.00416666666667,0.00416666666667,0.00417930350904,0.00451041628868,0.00531593103379,0.00416666666667,0.00416666666667,0.898461313415,0.0
0.00416750159527,0.00416903598935,0.00416666666667,0.00416666666667,0.004177597564,0.00416756421654,0.00416921376348,0.00416666666667,0.00416666666667,0.00417841953792,0.00416666666667,0.00416666666667,0.00416666666667,0.00416666666667,0.00416666666667,0.0041676315356,0.00416940488505,0.00416666666667,0.00416666666667,0.00417930350904,0.00451041628868,0.00531593103379,0.00416666666667,0.00416666666667,0.898461313415,0.0
0.00416750159527,0.00416903598935,0.00416666666667,0.00416666666667,0.004177597564,0.00416756421654,0.00416921376348,0.00416666666667,0.00416666666667,0.00417841953792,0.00416666666667,0.00416666666667,0.00416666666667,0.00416666666667,0.00416666666667,0.0041676315356,0.00416940488505,0.00416666666667,0.00416666666667,0.00417930350904,0.00451041628868,0.00531593103379,0.00416666666667,0.00416666666667,0.898461313415,0.0
0.00416750159527,0.00416903598935,0.00416666666667,0.00416666666667,0.004177597564,0.00416756421654,0.00416921376348,0.00416666666667,0.00416666666667,0.00417841953792,0.00416666666667,0.00416666666667,0.00416666666667,0.00416666666667,0.00416666666667,0.0041676315356,0.00416940488505,0.00416666666667,0.00416666666667,0.00417930350904,0.00451041628868,0.00531593103379,0.00416666666667,0.00416666666667,0.898461313415,0.0
0.00416750159527,0.00416903598935,0.00416666666667,0.00416666666667,0.004177597564,0.00416756421654,0.00416921376348,0.00416666666667,0.00416666666667,0.00417841953792,0.00416666666667,0.00416666666667,0.00416666666667,0.00416666666667,0.00416666666667,0.0041676315356,0.00416940488505,0.00416666666667,0.00416666666667,0.00417930350904,0.00451041628868,0.00531593103379,0.00416666666667,0.00416666666667,0.898461313415,0.0
0.00416750159527,0.00416903598935,0.00416666666667,0.00416666666667,0.004177597564,0.00416756421654,0.00416921376348,0.00416666666667,0.00416666666667,0.00417841953792,0.00416666666667,0.00416666666667,0.00416666666667,0.00416666666667,0.00416666666667,0.0041676315356,0.00416940488505,0.00416666666667,0.00416666666667,0.00417930350904,0.00451041628868,0.00531593103379,0.00416666666667,0.00416666666667,0.898461313415,0.0
0.00416750159527,0.00416903598935,0.00416666666667,0.00416666666667,0.004177597564,0.00416756421654,0.00416921376348,0.00416666666667,0.00416666666667,0.00417841953792,0.00416666666667,0.00416666666667,0.00416666666667,0.00416666666667,0.00416666666667,0.0041676315356,0.00416940488505,0.00416666666667,0.00416666666667,0.00417930350904,0.00451041628868,0.00531593103379,0.00416666666667,0.00416666666667,0.898461313415,0.0
0.00416750159527,0.00416903598935,0.00416666666667,0.00416666666667,0.004177597564,0.00416756421654,0.00416921376348,0.00416666666667,0.00416666666667,0.00417841953792,0.00416666666667,0.00416666666667,0.00416666666667,0.00416666666667,0.00416666666667,0.0041676315356,0.00416940488505,0.00416666666667,0.00416666666667,0.00417930350904,0.00451041628868,0.00531593103379,0.00416666666667,0.00416666666667,0.898461313415,0.0
0.00416750159527,0.00416903598935,0.00416666666667,0.00416666666667,0.004177597564,0.00416756421654,0.00416921376348,0.00416666666667,0.00416666666667,0.00417841953792,0.00416666666667,0.00416666666667,0.00416666666667,0.00416666666667,0.00416666666667,0.0041676315356,0.00416940488505,0.00416666666667,0.00416666666667,0.00417930350904,0.00451041628868,0.00531593103379,0.00416666666667,0.00416666666667,0.898461313415,0.0
