-10.0 -10.0 -10.0,-10.0 -10.0 0.0,-10.0 -10.0 10.0,-10.0 0.0 -10.0,-10.0 0.0 0.0,-10.0 0.0 10.0,-10.0 10.0 -10.0,-10.0 10.0 0.0,-10.0 10.0 10.0,0.0 -10.0 -10.0,0.0 -10.0 0.0,0.0 -10.0 10.0,0.0 0.0 -10.0,0.0 0.0 0.0,0.0 0.0 10.0,0.0 10.0 -10.0,0.0 10.0 0.0,0.0 10.0 10.0,10.0 -10.0 -10.0,10.0 -10.0 0.0,10.0 -10.0 10.0,10.0 0.0 -10.0,10.0 0.0 0.0,10.0 0.0 10.0,10.0 10.0 -10.0,10.0 10.0 0.0,10.0 10.0 10.0,other
0.037037037037,0.037037037037,0.037037037037,0.037037037037,0.037037037037,0.037037037037,0.037037037037,0.037037037037,0.037037037037,0.037037037037,0.037037037037,0.037037037037,0.037037037037,0.037037037037,0.037037037037,0.037037037037,0.037037037037,0.037037037037,0.037037037037,0.037037037037,0.037037037037,0.037037037037,0.037037037037,0.037037037037,0.037037037037,0.037037037037,0.037037037037,0.0
0.0375440775923,0.0373846396906,0.0360519461778,0.0376204817273,0.0374786740607,0.0359935145333,0.0401665194629,0.0405101684579,0.0364804469949,0.0372944021358,0.0374621859382,0.0359887772635,0.0376366288499,0.037541571817,0.0360170116464,0.0399982471836,0.0402801582873,0.0364306235949,0.0360448282292,0.0360158003695,0.0357733197952,0.0357143620378,0.0357143631942,0.0357143011627,0.0357143308978,0.0357143265189,0.0357142923802,0.0
0.0379902637303,0.0376714687787,0.0351549675148,0.0381441186033,0.0378619442205,0.0350184625143,0.0433012131677,0.0440385264859,0.0361036205924,0.0374892709838,0.0378233881522,0.0350079580941,0.0381778159794,0.0379816744061,0.0350739204866,0.0428992742695,0.0434866744758,0.0359745301448,0.0350159152212,0.0349615294682,0.0345169262943,0.0343844806748,0.0343844821879,0.0343843767952,0.0343844232567,0.0343844154152,0.0343843580863,0.0
0.0383612003555,0.0378857866027,0.0343849884795,0.0385924806897,0.0381736452941,0.0341440555549,0.0463797414867,0.0475556082426,0.0359706719242,0.0376114969356,0.0381077586111,0.0341267605591,0.0386450460844,0.0383431752264,0.0342431195314,0.0456815137788,0.0465903566459,0.0357214406638,0.0339598578463,0.0338838450196,0.0332830463704,0.0330591441206,0.0330591454489,0.0330590124324,0.0330590650599,0.0330590545267,0.0330589825085,0.0
0.0386403863067,0.0380142380245,0.0337849738744,0.0389477608806,0.0383985376237,0.0334051398346,0.0493328383314,0.0509834782112,0.0361572300649,0.0376497237232,0.0383008005192,0.0333802927346,0.039020345771,0.0386101200783,0.0335635361574,0.0482847968094,0.0495218760379,0.0357326773852,0.032887228187,0.0327932959353,0.0320875021587,0.0317506269872,0.0317506277868,0.0317504803614,0.0317505305172,0.0317505179266,0.0317504377716,0.0
0.0388100870224,0.0380425512758,0.0333985598694,0.0391907287139,0.0385201101813,0.0328361835771,0.0520873306354,0.0542368664581,0.0367496192136,0.0375919931365,0.0383871984557,0.0328037301814,0.0392842231491,0.0387656456844,0.0330746562629,0.0506515099177,0.0522135252485,0.0360776039229,0.0318087720726,0.0317005087662,0.0309452223115,0.0304706610852,0.0304706611561,0.0304705104417,0.0304705509269,0.0304705367875,0.0304704535459,0.0
0.0388527415455,0.0379566430562,0.0332651373168,0.039302231601,0.038521844825,0.0324670875272,0.054571724787,0.0572294989198,0.0378435828094,0.0374266562453,0.03835202886,0.0324283667426,0.0394171635876,0.0387933166896,0.0328122758039,0.0527310608534,0.0546045160448,0.0368331625089,0.0307341889771,0.0306149660057,0.0298682645267,0.0292290269712,0.0292290262115,0.0292288816925,0.0292289062837,0.0292288909925,0.029228808615,0.0
0.0387525302635,0.0377438119799,0.0334143630696,0.0392648912985,0.0383886402806,0.0323187439015,0.0567219791778,0.059881165608,0.0395437020886,0.0371433030262,0.0381820406269,0.0322774477441,0.0394013325622,0.0386785489362,0.0328039177771,0.0544833030758,0.0566452798125,0.0380848856356,0.0296707326713,0.0295436211393,0.028863831375,0.0280320929314,0.0280320913,0.0280319613409,0.0280319643158,0.0280319481734,0.0280318698886,0.0
0.0384965190161,0.0373935501055,0.0338614214486,0.0390643728382,0.0381078603377,0.0323995287725,0.0584854140664,0.0621231086429,0.0419649094033,0.0367333160877,0.037866500983,0.0323629597248,0.039221860976,0.0384095686554,0.033065141827,0.055879463139,0.0582990462523,0.0399311215654,0.0286219984963,0.0284897163735,0.0279328779499,0.026881727354,0.0268817248421,0.0268816172913,0.0268815929032,0.0268815761294,0.0268815048186,0.0
0.0380749156115,0.0368976190944,0.034603862114,0.0386897205384,0.037669576915,0.0327034371932,0.0598212372831,0.0638997070836,0.0452368466982,0.0361897783411,0.0373972373465,0.0326840962013,0.0388672009931,0.0379775008212,0.0335974866959,0.056899955575,0.0595398816669,0.0424920662131,0.0275872310244,0.0274521294422,0.027069701854,0.0257749011507,0.0257748977606,0.0257748206863,0.0257747625301,0.0257747452796,0.0257746838866,0.0
0.0374803800829,0.0362493710364,0.0356196977362,0.0381326842117,0.0370659480811,0.0332095436416,0.0606976564093,0.0651660921502,0.0495104442333,0.0355067548193,0.0367678693682,0.0332271096753,0.038328468496,0.0373755757314,0.0343876974888,0.0575297386939,0.060347831472,0.0459248819334,0.0265612355712,0.026425321735,0.0262624227131,0.0247039713635,0.0247039670944,0.024703929733,0.0247038299113,0.0247038122876,0.0247037643299,0.0
0.0367067047359,0.0354425834394,0.0368655171564,0.0373863654846,0.0362900155332,0.0338816356145,0.0610869114848,0.065883029383,0.0549645557755,0.0346781980281,0.0359725339448,0.0339654136551,0.0375980996738,0.0365977839255,0.0354069699927,0.0577526467667,0.0607027836008,0.0504465418301,0.0255346888092,0.0253996743492,0.0254938505786,0.0236573312545,0.0236573260927,0.0236573401694,0.0236571880915,0.0236571701575,0.0236571404724,0.0
0.03574727644,0.0344701351181,0.0382732559861,0.0364436289765,0.0353342970954,0.0346667115627,0.0609599712797,0.0660110835092,0.0618087972429,0.0336967498706,0.0350044611271,0.0348585831888,0.0366682705294,0.0356373758992,0.0366087047928,0.0575460545868,0.0605786666926,0.0563676918638,0.0244945138725,0.0243618749871,0.0247421589199,0.0226200231472,0.0226200170598,0.0226200987993,0.0226198792928,0.0226198610795,0.0226198570805,0.0
0.0345935877897,0.0333227191258,0.0397448655824,0.0352955760865,0.0341894185543,0.0354914252339,0.060282259026,0.0655057932984,0.0702758532943,0.0325525874024,0.0338546136764,0.0358491671481,0.0355293861311,0.0344854481747,0.0379235677267,0.0568767194621,0.0599390600789,0.0641439966265,0.0234240435674,0.0232950818739,0.0239809600546,0.0215740240321,0.021574016963,0.0215741904166,0.0215738805334,0.0215738620472,0.0215738960936,0.0
0.0332338612791,0.0319876255314,0.0411450944799,0.0339301642605,0.0328428441054,0.0362561762957,0.0590112745583,0.0643150518212,0.0805906363333,0.0312323215539,0.0325104265155,0.0368566011637,0.0341687340674,0.0331296628404,0.0392511589525,0.0556983230712,0.0587349102827,0.0744564047491,0.0223028452573,0.022178742703,0.0231786340842,0.020498098066,0.020498089936,0.020498392884,0.0204979561553,0.0204979373843,0.0204980316686,0.0
0.0316517141614,0.0304475258702,0.04229389586,0.0323309018275,0.0312776363269,0.0368273855507,0.0570967265772,0.062379563444,0.0928929576485,0.0297178825303,0.0309545757491,0.0377679064174,0.0325692426038,0.0315530229827,0.0404483086038,0.0539513420873,0.0569050792085,0.0883391575529,0.0211062348893,0.020988100287,0.0222969820193,0.0193672730257,0.01936726374,0.019367758768,0.0193671343248,0.019367115252,0.0193673126919,0.0
0.0298247142102,0.0286791381909,0.0429617742022,0.030475448978,0.029471094613,0.037029921109,0.0544835135195,0.0596368410558,0.107074879219,0.027985289971,0.029163653162,0.038425576155,0.0307081749504,0.0297325528733,0.041315426363,0.0515660984931,0.0543804931228,0.107384354106,0.0198046245387,0.0196935332137,0.0212894721585,0.0181521164144,0.0181521058884,0.0181529021693,0.0181519831983,0.0181519638307,0.0181523542935,0.0
0.0277225580525,0.0266515501971,0.0428733449623,0.0283338033431,0.0273929886366,0.0366439809105,0.0511166979747,0.0560276631113,0.122481956376,0.0260031114367,0.0271065161839,0.0386145445259,0.0285554122841,0.0276376017308,0.0415850477154,0.048469206176,0.0510915975558,0.134060337324,0.0183628664359,0.0182598994298,0.0200995270001,0.0168180230616,0.0168180112815,0.0168193090759,0.016817898551,0.016817878987,0.0168186676797,0.0
0.0253044454062,0.0243238226573,0.0417246438485,0.0258655568494,0.0250029339635,0.0354133953831,0.0469447192952,0.051500324384,0.13745012315,0.0237302472892,0.024741912075,0.0380525783172,0.026070742576,0.0252273055356,0.0409206417322,0.0445908778019,0.0469754235429,0.172164281818,0.0167396032271,0.016645898812,0.0186593668307,0.015324611548,0.0153245986859,0.0153267825308,0.0153245000804,0.0153244806521,0.0153261820086,0.0
0.0225162225395,0.021642421958,0.03921656845,0.0230167507777,0.0222474615028,0.033073925814,0.0419155439925,0.0460059957272,0.148782107608,0.0211135491461,0.0220158949537,0.0363925685827,0.0232005968942,0.0224477224385,0.0389382518016,0.0398676249768,0.0419755753655,0.227288972537,0.0148869412916,0.0148037712473,0.0168904171888,0.0136255981729,0.0136255847496,0.0136294184841,0.0136255048849,0.0136254863988,0.0136295225157,0.0
0.019296005755,0.0185467887366,0.0351107132229,0.0197252925014,0.0190654368168,0.0294151006387,0.0359760838643,0.0394960666934,0.151641502387,0.0180933172793,0.0188674398073,0.0332603450384,0.0198832483312,0.0192373137324,0.0352753086777,0.0342467606364,0.0360426754739,0.306608969523,0.0127555289351,0.012684371461,0.0147116647742,0.0116737698764,0.01167375687,0.0116807705769,0.0116736993606,0.0116736833358,0.0116843856939,0.0
0.0156247006947,0.0150179455567,0.029360470902,0.0159723668861,0.0154379146123,0.0244158279278,0.029146079024,0.0320004878284,0.141033269537,0.0146506921504,0.0152777614859,0.0284065850281,0.0161003526905,0.0155771634974,0.0297741224988,0.0277556712102,0.0292049243331,0.415804131823,0.0103281852064,0.0102706129016,0.0120838429779,0.00945204041406,0.00945202909127,0.00946516014997,0.00945199423554,0.00945198269883,0.00948368463802,0.0
0.0116816625472,0.0112280149877,0.0224257744399,0.0119415960529,0.0115419953988,0.0185085625182,0.0217933994151,0.0239282651873,0.116085893925,0.0109534307331,0.011422296998,0.0221036395895,0.012037293421,0.011646116827,0.0228718362246,0.0207563448468,0.0218384397273,0.550170827006,0.00772171871112,0.00767868726961,0.00913867627413,0.00706664475641,0.00706663609341,0.00709076590566,0.00706661938816,0.00706661362582,0.00716824812992,0.0
0.00801456219484,0.00770332210812,0.0155820939669,0.00819289746387,0.00791873685085,0.0127799462566,0.0149523340469,0.0164171284347,0.0842877642414,0.00751493389759,0.00783661942539,0.0155717912399,0.00825855427866,0.00799017409299,0.0159323734444,0.0142412397843,0.014983383954,0.685483934047,0.00529771748436,0.0052681964617,0.00632193970527,0.00484828099718,0.00484827509239,0.00488890115665,0.00484826909993,0.00484826817007,0.00516836210383,0.0
0.00529904275448,0.00509325790508,0.0103718043018,0.00541695385618,0.00523568499621,0.00847175981334,0.00988616805303,0.0108546681457,0.0573586063913,0.00496869985514,0.00518139145607,0.0104551501919,0.00546036465947,0.0052829177983,0.0106132048566,0.00941606529167,0.00990671556717,0.789415590583,0.00350272775175,0.00348320941478,0.00420181354328,0.003205570694,0.00320556684134,0.00326337825953,0.00320556535798,0.00320556682653,0.00403855483481,0.0
0.00364916853021,0.00350745544875,0.00716717162026,0.00373036761728,0.00360553737933,0.00584035295145,0.00680808182307,0.00747503808313,0.0400647988303,0.00342167893518,0.0035681483969,0.00726077378945,0.00376026232842,0.00363806411525,0.00733520173833,0.00648435676597,0.00682223464142,0.853193437692,0.00241214203332,0.00239870084194,0.00290242875546,0.00220750584399,0.00220750321768,0.00227597694274,0.00220750323577,0.00220750538656,0.00384860305539,0.0
0.00266380765259,0.00256036041497,0.00524257449327,0.00272308108391,0.00263195792409,0.00426571293451,0.00496974154228,0.00545660448329,0.0294866838086,0.00249774556241,0.00260466486354,0.0053276941587,0.00274490352403,0.00265570168529,0.00536555413394,0.0047334325283,0.00498007352128,0.891010681401,0.00176080724714,0.00175099550516,0.00212286531853,0.00161142764597,0.00161142574253,0.00168376198138,0.00161142625619,0.0016114284629,0.00431488612378,0.0
0.00202830257102,0.00194953475854,0.00399756997293,0.00207343512789,0.0020040512346,0.00324921819334,0.00378410981055,0.00415482195911,0.0225789005653,0.00190185794117,0.00198326949304,0.00407168114233,0.00209005138453,0.00202213044421,0.00409123731169,0.00360417820463,0.00379197719025,0.914787071258,0.00134073113732,0.00133326018991,0.00161874021254,0.0012269890722,0.0012269876309,0.00129908595652,0.0012269883096,0.00122699038859,0.00533682853926,0.0
0.00158794013502,0.00152627351095,0.00313316970139,0.00162327401389,0.00156895397656,0.0025444689012,0.00296254630026,0.0032527736585,0.0177542497914,0.00148894775165,0.00155268413931,0.00319701506578,0.0016362827342,0.00158310803074,0.00320646066467,0.00282168003485,0.00296870575966,0.930349647912,0.00104964654328,0.00104379760754,0.00126876842212,0.000960598898008,0.000960597774938,0.00103022186308,0.00096059849435,0.000960600397571,0.00700698791748,0.0
0.00126633711951,0.00121715973932,0.00250096563381,0.00129451488319,0.00125119619677,0.00202958391047,0.0023625465911,0.00259399471869,0.0142104161801,0.00118739350678,0.00123822146665,0.0025558299056,0.00130488896785,0.00126248365321,0.00255935974019,0.00225021012015,0.00236745868131,0.940410332651,0.000837063281224,0.000832398923012,0.00101281359847,0.00076605032315,0.000766049431356,0.000831990802428,0.000766050139959,0.000766051863315,0.0095586379716,0.0
0.00102229283974,0.000982592760499,0.00202066127867,0.00104504027825,0.00101006982459,0.00163875535027,0.00190724455394,0.00209408880839,0.0115089320439,0.000958562977003,0.000999595543088,0.00206777303021,0.0010534151038,0.00101918200033,0.00206775033425,0.00181655745376,0.00191121006886,0.946183039008,0.000675747228353,0.000671981770978,0.000818354641321,0.00061841965741,0.000618418940443,0.000680034825771,0.000618419616627,0.0006184211715,0.01337343889,0.0
0.000831615041086,0.000799319810257,0.00164500941934,0.000850119633027,0.000821671859057,0.00133331735934,0.00155150585411,0.00170349999667,0.00939008352123,0.000779772055573,0.000813151239194,0.0016854190379,0.000856932388246,0.000829084434413,0.00168326964075,0.00147773388846,0.00155473177262,0.948036415187,0.000549707028316,0.000546643904018,0.000666260682699,0.000503072186066,0.000503071605286,0.000560036388344,0.0005030722414,0.000503073645024,0.0190224101805,0.0
0.000679079733569,0.000652708112324,0.00134423030171,0.000694190202513,0.000670960335252,0.00108892656725,0.00126692781559,0.00139104313068,0.00768936770793,0.000636745817806,0.000664002573469,0.00137880383967,0.000699753358249,0.000677013292036,0.00137543333135,0.00120668731537,0.00126956207631,0.945745003684,0.000448879450045,0.000446378166532,0.000544475302889,0.000410798401551,0.000410797929494,0.00046296257903,0.00041079852538,0.000410799797862,0.0273236706522,0.0
0.000554579024179,0.000533042307125,0.00109852598091,0.000566919178986,0.000547948214804,0.00088941447819,0.00103465262027,0.00113601297992,0.00629699435466,0.000520006497922,0.000542266071952,0.0011279667999,0.000571462400219,0.000552891438495,0.00112397470367,0.000985456615766,0.00103680396135,0.938581614178,0.000366583060945,0.000364540356937,0.000444983859006,0.000335483696774,0.000335483313407,0.000382791995304,0.000335483874085,0.00033548503873,0.0393986329989,0.0
0.000451152072946,0.000433631874367,0.00089424782891,0.000461190834081,0.000445757884764,0.000723643396766,0.000841693758665,0.00092415080731,0.00513704006142,0.000423027195527,0.000441135441733,0.000919124194763,0.000464886761206,0.000449779215648,0.000914921955878,0.000801672799045,0.000843443923191,0.925376382382,0.000298216666383,0.000296554919887,0.000362261298216,0.000272917223808,0.000272916914282,0.000315358029531,0.000272917450423,0.0002729185374,0.0566890565721,0.0
0.000363944340309,0.000349810797358,0.000721869811238,0.000372042607958,0.000359592848669,0.000583844225748,0.000678994349657,0.000745512472515,0.00415640333305,0.000341256003605,0.000355863925524,0.000742644979431,0.000375024112009,0.000362836856296,0.000738523506664,0.00064670966018,0.000680406256919,0.904650201422,0.000240571360332,0.000239230830414,0.000292451517527,0.00022016230753,0.000220162060804,0.000257745353756,0.00022016259304,0.000220163649914,0.0808638688179,0.0
0.000289656502632,0.000278407879506,0.000574916488663,0.000296101762416,0.000286193231041,0.000464736464855,0.00054039901428,0.00059333958681,0.00331897829345,0.000271599278682,0.000283225452623,0.000591982874226,0.000298474685677,0.000288775076657,0.000588150455495,0.000514704566373,0.000541522798632,0.874939971078,0.000191466252233,0.000190399350695,0.000232933426237,0.00017522307643,0.0001752228846,0.000207981587064,0.000175223457157,0.00017522457906,0.113515189897,0.0
0.0002262334268,0.000217447797323,0.000449359171323,0.000231267434726,0.000223528470643,0.000363031720607,0.00042207362971,0.000463422428497,0.00260238706336,0.000212130004702,0.000221210519279,0.000463077373533,0.000233120783302,0.000225544997466,0.000459678209879,0.000402005887187,0.000422951488595,0.835394032755,0.000149542875669,0.000148709584522,0.00018207661229,0.000136856314412,0.000136856173261,0.000164874001411,0.000136856897077,0.000136858323735,0.155574866056,0.0
0.000172597907349,0.000165895177496,0.000343096735548,0.000176438450049,0.00017053424082,0.000277008205553,0.000322008647754,0.000353554622687,0.00199512530854,0.000161838128801,0.000168765838492,0.000353834644997,0.000177852404856,0.000172072691699,0.000350954848098,0.00030670027181,0.000322678715027,0.786534178345,0.000114089185621,0.000113453455882,0.000139031269351,0.000104410395252,0.000104410308785,0.000127865462686,0.000104411512134,0.000104413984544,0.206562779241,0.0
0.000128278747444,0.000123297120221,0.000255224001579,0.000131133126895,0.000126744976149,0.00020591518089,0.000239325520449,0.000262771690803,0.00149242754109,0.00012028182716,0.000125430682755,0.000263383734686,0.00013218400632,0.000127888399467,0.00026105225959,0.000227953568635,0.000239824535523,0.730767184201,8.47937160592e-05,8.43212383949e-05,0.000103431997881,7.76003195758e-05,7.76003204342e-05,9.68045868041e-05,7.76031235872e-05,7.76093411914e-05,0.264089934235,0.0
9.29237480815e-05,8.93150976068e-05,0.0001850687931,9.49914315716e-05,9.18126812002e-05,0.00014919217969,0.000173369328523,0.000190355041144,0.00109074140318,8.71308537581e-05,9.08607042497e-05,0.000191088016181,9.57526568034e-05,9.26410121846e-05,0.000189280810319,0.000165153428111,0.000173734398902,0.672105126452,6.1423661949e-05,6.10814370076e-05,7.50077768566e-05,5.62131974814e-05,5.62134320909e-05,7.16178428557e-05,5.62219798688e-05,5.62427377642e-05,0.324157439897,0.0
6.58967646343e-05,6.33376456186e-05,0.000131392755701,6.73630804583e-05,6.51087994698e-05,0.000105822451529,0.000122961429378,0.000135012166477,0.000783107308294,6.17887216243e-05,6.44340060467e-05,0.000135719617738,6.79028055934e-05,6.56964217424e-05,0.000134371744693,0.000117224908359,0.000123233783891,0.615059480673,4.35585370844e-05,4.33159420697e-05,5.32581431993e-05,3.98648077053e-05,3.98658538192e-05,5.2022418608e-05,3.98951653937e-05,3.9972987222e-05,0.38227839106,0.0
4.62109230052e-05,4.44161417497e-05,9.2257509537e-05,4.72393177283e-05,4.56582387555e-05,7.4225177181e-05,8.62861520091e-05,9.47537241303e-05,0.000558400368273,4.33301245731e-05,4.5186025741e-05,9.53176898021e-05,4.76174015038e-05,4.60711841305e-05,9.43403498806e-05,8.2603186186e-05,8.65238074206e-05,0.563557120016,3.05460565791e-05,3.0376159235e-05,3.73988621671e-05,2.79599418014e-05,2.79637197286e-05,3.74694241383e-05,2.80608293643e-05,2.83407848456e-05,0.434564326885,0.0
3.27672306212e-05,3.14941210628e-05,6.54978362845e-05,3.34969281529e-05,3.23752084408e-05,5.26378127122e-05,6.13466100257e-05,6.73942036052e-05,0.00040417250014,3.07247946206e-05,3.20430466057e-05,6.7674967359e-05,3.37636922646e-05,3.26708453775e-05,6.69700556629e-05,5.97757639598e-05,6.16468618555e-05,0.520788611864,2.16599051421e-05,2.15398238134e-05,2.65535923922e-05,1.98372904067e-05,1.98485231678e-05,2.73133799564e-05,2.01236463178e-05,2.09800866407e-05,0.477867079409,0.0
2.43810647832e-05,2.34328423556e-05,4.87762101552e-05,2.49252408104e-05,2.40894743816e-05,3.91601900806e-05,4.59779589962e-05,5.05598158939e-05,0.00030717394412,2.28623413024e-05,2.38475378826e-05,5.03946643661e-05,2.5120699688e-05,2.43159194765e-05,4.98682529152e-05,4.71209420583e-05,4.64717638555e-05,0.488999852081,1.61171873827e-05,1.60282212781e-05,1.97759349204e-05,1.47827915327e-05,1.48085328938e-05,2.08300302375e-05,1.54216389163e-05,1.74948385917e-05,0.509986409881,0.0
1.94484395552e-05,1.86907242458e-05,3.89189011461e-05,1.98845446194e-05,1.92163832519e-05,3.12216566652e-05,3.71511595155e-05,4.09171287694e-05,0.000249518310629,1.8238851888e-05,1.90305524317e-05,4.02059515894e-05,2.003578456e-05,1.94070513056e-05,3.97875707091e-05,4.17413497963e-05,3.79378896894e-05,0.467408344878,1.28576041656e-05,1.27867508577e-05,1.57802267304e-05,1.18231719345e-05,1.18684642355e-05,1.6932990132e-05,1.29396675137e-05,1.69640237969e-05,0.531768349973,0.0
1.64233466672e-05,1.57820044883e-05,3.2859198721e-05,1.67940984276e-05,1.62283071996e-05,2.63446537201e-05,3.19115086373e-05,3.52134367452e-05,0.000213784389696,1.5404380145e-05,1.60791952268e-05,3.39420353182e-05,1.69162939629e-05,1.64012375041e-05,3.35909070309e-05,4.05644004788e-05,3.30321309748e-05,0.452669329817,1.0859040396e-05,1.07990089506e-05,1.33237554603e-05,1.00184443779e-05,1.00845650237e-05,1.45001605981e-05,1.1664006907e-05,1.84255908415e-05,0.546619724086,0.0
1.44007223055e-05,1.38368686402e-05,2.87984068282e-05,1.47284710208e-05,1.42308582691e-05,2.307804267e-05,2.85353073907e-05,3.15532685494e-05,0.000189664546766,1.35100155633e-05,1.41078615164e-05,2.97443144043e-05,1.48298411695e-05,1.43950281817e-05,2.94385142795e-05,4.18706490203e-05,3.00010899146e-05,0.442003122966,9.52312266263e-06,9.47005868799e-06,1.16775306531e-05,8.81892374982e-06,8.90528397587e-06,1.28505276712e-05,1.10116530213e-05,2.14871800826e-05,0.557356408947,0.0
1.29423466195e-05,1.24341418765e-05,2.58643395294e-05,1.32395979167e-05,1.27909700981e-05,2.07187280086e-05,2.6195171385e-05,2.90279915273e-05,0.000172126590974,1.21447285916e-05,1.26878711887e-05,2.67113313088e-05,1.3324938535e-05,1.29510789936e-05,2.64383652899e-05,4.49522533336e-05,2.80084220473e-05,0.433826582351,8.56013947972e-06,8.51187689138e-06,1.04880369504e-05,7.95900608912e-06,8.06450455587e-06,1.164741659e-05,1.07099463548e-05,2.62120665954e-05,0.565578705789,0.0
1.18300542307e-05,1.13641320821e-05,2.36222605686e-05,1.2104427812e-05,1.16930422281e-05,1.89164363272e-05,2.44832102174e-05,2.71902163515e-05,0.000158649303626,1.11039010007e-05,1.16058779565e-05,2.43937082382e-05,1.21767917362e-05,1.18517394241e-05,2.41458547195e-05,4.95818471874e-05,2.66448054719e-05,0.42727227096,7.82586893775e-06,7.78108780756e-06,9.57905782808e-06,7.30675437652e-06,7.43025245144e-06,1.07209146279e-05,1.06286039324e-05,3.29574563936e-05,0.572162141435,0.0
1.09459650063e-05,1.05135306436e-05,2.18370270557e-05,1.12024502997e-05,1.08205821467e-05,1.748177997e-05,2.31811832067e-05,2.58008388928e-05,0.000147863372217,1.02769808239e-05,1.07466443397e-05,2.25483681951e-05,1.12639254839e-05,1.0979457242e-05,2.232050963e-05,5.57677117065e-05,2.56928920221e-05,0.421839672563,7.24239001546e-06,7.20022858596e-06,8.85527689374e-06,6.7910340761e-06,6.93148962158e-06,9.9782941067e-06,1.0700521111e-05,4.23368276419e-05,0.577611048156,0.0
1.02211411585e-05,9.81606936013e-06,2.03709961527e-05,1.04631954876e-05,1.01054653403e-05,1.63039314314e-05,2.2162679582e-05,2.47215087145e-05,0.000138964485934,9.59932158264e-06,1.00428005545e-05,2.10330190838e-05,1.05152916353e-05,1.02655174141e-05,2.08215708278e-05,6.36591136327e-05,2.50277930438e-05,0.417221226546,6.76413693144e-06,6.72400118221e-06,8.26089844943e-06,6.37033115672e-06,6.52682418446e-06,9.36489781081e-06,1.08887208916e-05,5.52574869849e-05,0.582234522256,0.0
9.61251473957e-06,9.23034569498e-06,1.91381033467e-05,9.84264224545e-06,9.50513337958e-06,1.53136096384e-05,2.13494636586e-05,2.38666861883e-05,0.000131448214147,9.03054017495e-06,9.45227214086e-06,1.97586874754e-05,9.88649894559e-06,9.66701117939e-06,1.95610270793e-05,7.35129868595e-05,2.45728879367e-05,0.413217006932,6.36264523642e-06,6.32410794543e-06,7.76103415132e-06,6.01876164784e-06,6.19048771128e-06,8.84635434751e-06,1.11718604222e-05,7.30086092625e-05,0.586232560583,0.0
9.09169667645e-06,8.72906682761e-06,1.80815716071e-05,9.3117758899e-06,8.99153415668e-06,1.44651189332e-05,2.06904397068e-05,2.31805604584e-05,0.000124980883663,8.5440200379e-06,8.94733394184e-06,1.8666676591e-05,9.34828287373e-06,9.15566787764e-06,1.84808181332e-05,8.5687479421e-05,2.42786303672e-05,0.409690765757,6.01915344938e-06,5.98189686894e-06,7.33266764066e-06,5.71929570883e-06,5.90555109475e-06,8.39987780176e-06,1.1537357749e-05,9.73989237449e-05,0.589740307962,0.0
8.63913702016e-06,8.29343669478e-06,1.71622715533e-05,8.85061755734e-06,8.54535062085e-06,1.37269725613e-05,2.01507444762e-05,2.26250896602e-05,0.000119331965863,8.12143383494e-06,8.50889937899e-06,1.77165337259e-05,8.88048840418e-06,8.7120285493e-06,1.75409308642e-05,0.0001006496242,2.41116088043e-05,0.406545914485,5.72074255461e-06,5.68452390812e-06,6.95993634356e-06,5.46022657724e-06,5.66039287092e-06,8.00969676571e-06,1.19778788613e-05,0.000130955749351,0.592852089234,0.0
8.24087743249e-06,7.91003448108e-06,1.63522445008e-05,8.44490407563e-06,8.1527913788e-06,1.30766762273e-05,1.97057189896e-05,2.21733959216e-05,0.000114336362637,7.74969763747e-06,8.12334535065e-06,1.68793545641e-05,8.46872363878e-06,8.32220668893e-06,1.67127755261e-05,0.00011899259679,2.40485290989e-05,0.403711651549,5.45818924684e-06,5.42281893229e-06,6.63150598998e-06,5.23320940683e-06,5.44673960518e-06,7.66449792513e-06,1.24894192652e-05,0.000177206368308,0.595635105467,0.0
7.88664465051e-06,7.56898198964e-06,1.56308977921e-05,8.08413890324e-06,7.80370655947e-06,1.24976644205e-05,1.93373917089e-05,2.18059148895e-05,0.000109872204041,7.41918289369e-06,7.78064859834e-06,1.61338499433e-05,8.10239506993e-06,7.97598708158e-06,1.59752949153e-05,0.000141461434053,2.40727226605e-05,0.40113453953,5.22470567393e-06,5.19003292821e-06,6.33902833771e-06,5.03211121933e-06,5.25851776498e-06,7.35591776122e-06,1.30701915957e-05,0.000241072612497,0.598137508292,0.0
7.56867820732e-06,7.26281676305e-06,1.49826640736e-05,7.76039377384e-06,7.49042932805e-06,1.19774158706e-05,1.90323306851e-05,2.15080461102e-05,0.000105847160676,7.12261708126e-06,7.47324005606e-06,1.54639260004e-05,7.77349943757e-06,7.66565716772e-06,1.53125706689e-05,0.00016898781628,2.41720287277e-05,0.398773151769,5.01516456416e-06,4.98106771043e-06,6.07619231278e-06,4.85230442662e-06,5.09114894983e-06,7.07761087479e-06,1.37199405799e-05,0.000329421832108,0.600393211678,0.0
7.28098019755e-06,6.98577087415e-06,1.43955024017e-05,7.4675418274e-06,7.20703449489e-06,1.15062469455e-05,1.87802798697e-05,2.12686629205e-05,0.00010218966064,6.85438019897e-06,7.19527183275e-06,1.48571345887e-05,7.47585048575e-06,7.38525938445e-06,1.47122904618e-05,0.000202735723622,2.43374641535e-05,0.39659451548,4.82560333555e-06,4.79198295748e-06,5.83811639279e-06,4.69021495949e-06,4.94109934269e-06,6.8246510423e-06,1.44394897644e-05,0.000451833229799,0.602424665078,0.0
7.01881783442e-06,6.7332927051e-06,1.38599037501e-05,7.2007491839e-06,6.94884695001e-06,1.10765112055e-05,1.85732644156e-05,2.10791365123e-05,9.88430490651e-05,6.61003834977e-06,6.94213132273e-06,1.43036451479e-05,7.20456622175e-06,7.13009562266e-06,1.41647310283e-05,0.000244160983727,2.45623669911e-05,0.394571634294,4.65289529664e-06,4.61966934616e-06,5.62094545657e-06,4.54302263104e-06,4.80558097215e-06,6.59313216548e-06,1.52304102368e-05,0.000621658527331,0.604244229393,0.0
6.77838274644e-06,6.50171938871e-06,1.33682093298e-05,6.95612676175e-06,6.71210499768e-06,1.06820508104e-05,1.84049875224e-05,2.09326800079e-05,9.57615740213e-05,6.3860243299e-06,6.71010853848e-06,1.37955399643e-05,6.95571770028e-06,6.89638799518e-06,1.36620610727e-05,0.000295089276308,2.48418398218e-05,0.392681664926,4.49452444025e-06,4.46162466161e-06,5.42157443591e-06,4.40845565098e-06,4.68234669231e-06,6.37989338385e-06,1.60947424071e-05,0.000857479892793,0.605854477228,0.0
6.55655024958e-06,6.28804534733e-06,1.29141284185e-05,6.7304843144e-06,6.49372249375e-06,1.03178085476e-05,1.8270415312e-05,2.08238995784e-05,9.29075373088e-05,6.17941199105e-06,6.49616118594e-06,1.33263156899e-05,6.72608083604e-06,6.68103931742e-06,1.3197848203e-05,0.000357819421432,2.51723945184e-05,0.390904481949,4.34842630295e-06,4.31579557763e-06,5.2374528415e-06,4.28464494083e-06,4.5695445115e-06,6.18232337623e-06,1.70347200833e-05,0.00118509384338,0.607247550035,0.0
6.35070383463e-06,6.08975351291e-06,1.24923862554e-05,6.52115115728e-06,6.29111543441e-06,9.97954456592e-06,1.8165487911e-05,2.07484855221e-05,9.02492038246e-05,5.98775178263e-06,6.29774352429e-06,1.2890519327e-05,6.51295541902e-06,6.4814586613e-06,1.27666988682e-05,0.000435262287038,2.55517441688e-05,0.389221456274,4.21287190652e-06,4.18046225917e-06,5.06644201063e-06,4.17001716483e-06,4.46561013987e-06,5.99821615448e-06,1.80524514957e-05,0.00164017101546,0.608403587649,0.0
6.15860297295e-06,5.90468817473e-06,1.20984581811e-05,6.32584121326e-06,6.10207135813e-06,9.66362253667e-06,1.80869198444e-05,2.07030038283e-05,8.77592127686e-05,5.80894694934e-06,6.1126776392e-06,1.24834733747e-05,6.31402876084e-06,6.29543018566e-06,1.23639864868e-05,0.000531131274794,2.59787162118e-05,0.387614331915,4.08638029841e-06,4.05415138793e-06,4.9067073125e-06,4.06321312176e-06,4.36918432505e-06,5.82566078619e-06,1.91495092017e-05,0.00227174309836,0.609288179225,0.0
5.97828030101e-06,5.73095604726e-06,1.17283620327e-05,6.14254814528e-06,5.92464778672e-06,9.36684270476e-06,1.80320691716e-05,2.06847670792e-05,8.54133271453e-05,5.64115732728e-06,5.93905355281e-06,1.21010611979e-05,6.12726959689e-06,6.12101139936e-06,1.198563914e-05,0.000650209531034,2.64532822275e-05,0.386064135931,3.96765046285e-06,3.9355684359e-06,4.75663396303e-06,3.96302290842e-06,4.27904628224e-06,5.6629537974e-06,2.03263725796e-05,0.00314661805956,0.609848774955,0.0
5.80795968144e-06,5.56684737245e-06,1.13784915842e-05,5.9694619137e-06,5.75709130482e-06,9.08630796133e-06,1.79988672671e-05,2.06917778988e-05,8.31894230078e-05,5.48272278858e-06,5.77514993437e-06,1.17395548176e-05,5.95084346739e-06,5.9564524633e-06,1.16279692272e-05,0.000798734207787,2.69767198874e-05,0.384550120638,3.85550696169e-06,3.82354357651e-06,4.61475947029e-06,3.86833252541e-06,4.19405777224e-06,5.50852741011e-06,2.158165577e-05,0.00435466178986,0.61001008134,0.0
5.64599109068e-06,5.41077314384e-06,1.10454825988e-05,5.80490266292e-06,5.59777327782e-06,8.81931611346e-06,1.79858130063e-05,2.07227521986e-05,8.10666753931e-05,5.332102572e-06,5.6193715676e-06,1.13954763875e-05,5.78304538109e-06,5.80013262018e-06,1.1287536449e-05,0.000984963275605,2.75519455865e-05,0.38304884414,3.74885659578e-06,3.71698853733e-06,4.47971928911e-06,3.77807931084e-06,4.11311512718e-06,5.36089054244e-06,2.29110460992e-05,0.00601450035423,0.609668714444,0.0
5.49080289683e-06,5.26121896363e-06,1.07261121132e-05,5.64727258054e-06,5.44514276579e-06,8.56327877607e-06,1.79920487405e-05,2.07772459679e-05,7.90249586165e-05,5.18783107944e-06,5.47020430044e-06,1.10654939674e-05,5.62225030831e-06,5.6505145019e-06,1.09610447385e-05,0.00122003196768,2.81840856096e-05,0.381533683266,3.64665641126e-06,3.6148647133e-06,4.35020593234e-06,3.6912165157e-06,4.03510957737e-06,5.21858365866e-06,2.4305885536e-05,0.00827842317536,0.608687929563,0.0
5.34087769693e-06,5.11672141852e-06,1.04172425773e-05,5.49503213126e-06,5.29770272645e-06,8.31567610847e-06,1.80175518328e-05,2.0855929435e-05,7.70445557464e-05,5.04849599223e-06,5.32619375802e-06,1.07463635577e-05,5.46688781525e-06,5.50612272188e-06,1.06452850031e-05,0.00151927346762,2.88813898622e-05,0.379975384304,3.5478970562e-06,3.51616652073e-06,4.22494624687e-06,3.60669109046e-06,3.95890029323e-06,5.08015390405e-06,2.57513752669e-05,0.0113338940151,0.606894240055,0.0
5.19476448156e-06,4.97587919187e-06,1.01158355501e-05,5.34671383352e-06,5.15402210548e-06,8.07406705932e-06,1.80634913096e-05,2.09610720365e-05,7.5106366003e-05,4.91275075033e-06,5.18596060303e-06,1.04349428471e-05,5.31545395098e-06,5.36555975036e-06,1.03371488975e-05,0.00190428420833,2.96566260619e-05,0.378344701139,3.45160982323e-06,3.41992828483e-06,4.10270686224e-06,3.52344350146e-06,3.88330989699e-06,4.94416358799e-06,2.72245138638e-05,0.0153969906965,0.604079273626,0.0
5.05114505862e-06,4.83741610585e-06,9.81907032104e-06,5.20099199091e-06,5.01280147243e-06,7.83618330333e-06,1.8132799205e-05,2.10973024948e-05,7.31928765415e-05,4.77937821599e-06,5.04827007858e-06,1.01283131329e-05,5.16657887054e-06,5.22757699015e-06,1.00337497551e-05,0.00240616817542,3.05290881917e-05,0.376618622525,3.35690909368e-06,3.32526633788e-06,3.98234214604e-06,3.44044282295e-06,3.80715756346e-06,4.80925084197e-06,2.8692149971e-05,0.0206907009947,0.600012001244,0.0
4.90896855011e-06,4.7003094172e-06,9.5245963275e-06,5.05682237725e-06,4.87300569336e-06,7.60012986394e-06,1.82309507973e-05,2.12726424483e-05,7.12901182372e-05,4.64741824025e-06,4.91216898386e-06,9.82403917153e-06,5.01916461648e-06,5.09121397231e-06,9.73268016115e-06,0.00307058827532,3.15272197622e-05,0.374791692923,3.26307917489e-06,3.23146535918e-06,3.86289636611e-06,3.35676961685e-06,3.72934515181e-06,4.67425885832e-06,3.01099711726e-05,0.0274000987345,0.594467180833,0.0
4.76763882205e-06,4.5639691129e-06,9.23089503104e-06,4.91363570681e-06,4.73404834425e-06,7.36467294712e-06,1.83667668052e-05,2.1499593722e-05,6.93904374911e-05,4.51634410642e-06,4.77717337479e-06,9.52054184545e-06,4.87257808182e-06,4.95598754118e-06,9.43238130719e-06,0.00396542291262,3.2691425168e-05,0.372892526346,3.16969550818e-06,3.1380992049e-06,3.7437501925e-06,3.27174290567e-06,3.64899581438e-06,4.53842452583e-06,3.142373634e-05,0.0356011743004,0.587272343907,0.0
4.62717058062e-06,4.42838799398e-06,8.93759744603e-06,4.77149698457e-06,4.59594408108e-06,7.12949214847e-06,1.85526891279e-05,2.17956197878e-05,6.74949737376e-05,4.38620699523e-06,4.64341980009e-06,9.21742498571e-06,4.726813651e-06,4.82204034301e-06,9.13246699126e-06,0.00519181233588,3.40757757061e-05,0.371001812461,3.07672497535e-06,3.04513164925e-06,3.62474918244e-06,3.18504418824e-06,3.56559847842e-06,4.40155271943e-06,3.25740874735e-05,0.0451758267803,0.578363738014,0.0
4.48813952093e-06,4.29409603172e-06,8.64543230778e-06,4.6310493234e-06,4.45925602581e-06,6.89513740903e-06,1.88035693639e-05,2.21818526663e-05,6.5613498608e-05,4.25758201934e-06,4.51160148111e-06,8.91542103953e-06,4.58244742868e-06,4.69006495991e-06,8.83367019519e-06,0.00689895676574,3.57462507756e-05,0.36926310026,2.98449124045e-06,2.95288404667e-06,3.50618245937e-06,3.09672909962e-06,3.47904164931e-06,4.26401417911e-06,3.35049463491e-05,0.0557506932341,0.567821912382,0.0
4.35123725753e-06,4.16173829409e-06,8.35544850844e-06,4.4930461393e-06,4.32465160042e-06,6.6624056045e-06,1.91330400801e-05,2.26788721393e-05,6.37590983842e-05,4.13113643576e-06,4.38249742611e-06,8.61558765974e-06,4.44018902685e-06,4.5608089842e-06,8.5370479935e-06,0.00930210487774,3.7772946067e-05,0.367877826178,2.89338238485e-06,2.86174792177e-06,3.38846698409e-06,3.00699491099e-06,3.38938742576e-06,4.12638235587e-06,3.41724464533e-05,0.0667102719289,0.555845598455,0.0
4.21641588397e-06,4.03126168597e-06,8.06747870658e-06,4.35745683586e-06,4.1920535497e-06,6.43110863783e-06,1.95474740651e-05,2.32995114776e-05,6.19376563174e-05,4.00680740909e-06,4.2560814059e-06,8.31772012489e-06,4.30001360195e-06,4.43415286985e-06,8.24241048003e-06,0.0127018057655,4.02153871691e-05,0.367089938252,2.80329277321e-06,2.77163376452e-06,3.27152363207e-06,2.91566842676e-06,3.29633035891e-06,3.98867934119e-06,3.45486173255e-05,0.0773009295897,0.542643877657,0.0
4.08186374258e-06,3.9009408356e-06,7.77829771082e-06,4.22239709514e-06,4.05962628846e-06,6.19859151723e-06,2.00385883588e-05,2.40398921651e-05,6.01358201177e-05,3.88282039841e-06,4.13045842049e-06,8.01844549022e-06,4.1601195513e-06,4.30801743643e-06,7.94643604514e-06,0.017499601246,4.31019521388e-05,0.367190305628,2.71295790762e-06,2.68131304456e-06,3.15402815776e-06,2.82154446153e-06,3.19846406528e-06,3.84944683164e-06,3.46154255097e-05,0.0867702374013,0.528276818277,0.0
3.94302876993e-06,3.76645026245e-06,7.47990798741e-06,4.08310609308e-06,3.92280936491e-06,5.95833841607e-06,2.05748450513e-05,2.48686954907e-05,5.83112871306e-05,3.75475159039e-06,4.00084459824e-06,7.70944084173e-06,4.015934762e-06,4.17731444995e-06,7.64091275277e-06,0.0241956501437,4.64012663959e-05,0.368593741391,2.61932191113e-06,2.58779311831e-06,3.03271071369e-06,2.72171481513e-06,3.09250229884e-06,3.7048604399e-06,3.43499892531e-05,0.0944521777931,0.512495712846,0.0
3.79143034746e-06,3.61973826419e-06,7.15755429211e-06,3.93069361441e-06,3.77313484649e-06,5.69833316953e-06,2.1087914836e-05,2.57095592416e-05,5.63839009979e-05,3.61437961733e-06,3.85831013132e-06,7.37535814265e-06,3.85891304708e-06,4.03262993216e-06,7.3106954751e-06,0.0333234065366,4.9971301888e-05,0.372078099139,2.51676647572e-06,2.48555880108e-06,2.90153906947e-06,2.61075114843e-06,2.97231122336e-06,3.54769841318e-06,3.37040860246e-05,0.0997538617891,0.494582719976,0.0
3.61218054685e-06,3.44667934231e-06,6.78566341703e-06,3.749517119e-06,3.59574841089e-06,5.39769559945e-06,2.14431453975e-05,2.6401285295e-05,5.42173077994e-05,3.44728403088e-06,3.68714839005e-06,6.98958119299e-06,3.67402938959e-06,3.85743173287e-06,6.92952803208e-06,0.0451882198307,5.34457230663e-05,0.379418456973,2.39549970358e-06,2.36499130267e-06,2.75004570737e-06,2.47908401097e-06,2.82702417165e-06,3.36526277433e-06,3.25746705702e-05,0.102049435238,0.473084451431,0.0
3.37741058846e-06,3.22084536194e-06,6.31697439507e-06,3.5102313267e-06,3.36283382589e-06,5.01773433337e-06,2.13653666224e-05,2.65950925127e-05,5.15595128168e-05,3.22649339382e-06,3.45792750919e-06,6.50292248153e-06,3.43313157501e-06,3.62068942417e-06,6.44888282388e-06,0.059016146962,5.59497752963e-05,0.395146234442,2.2372859344e-06,2.20817277372e-06,2.5588618493e-06,2.30879332702e-06,2.63620833419e-06,3.1338693476e-06,3.07429618866e-05,0.100444017833,0.445140808785,0.0
3.02914267542e-06,2.88726499401e-06,5.65346307015e-06,3.15172609784e-06,3.01651262286e-06,4.47840013793e-06,2.0253783777e-05,2.54917554027e-05,4.78246542515e-05,2.89601292507e-06,3.10947488075e-06,5.81372389882e-06,3.07759237767e-06,3.25782544834e-06,5.76823735992e-06,0.0704693053401,5.53912059798e-05,0.431356545742,2.00431687155e-06,1.97792025506e-06,2.2878587625e-06,2.06261695811e-06,2.35727191783e-06,2.80430257848e-06,2.77221305926e-05,0.093203814508,0.404734017216,0.0
2.46937709873e-06,2.35302035086e-06,4.62511678554e-06,2.57080378666e-06,2.45909552403e-06,3.64395467749e-06,1.70596096798e-05,2.16357522582e-05,4.15280734874e-05,2.36158496191e-06,2.53860628888e-06,4.74834274598e-06,2.50820880677e-06,2.66019748543e-06,4.71421784517e-06,0.0681224545256,4.78877414407e-05,0.512286508497,1.63280313549e-06,1.61133047883e-06,1.86814200876e-06,1.67755417622e-06,1.91813934195e-06,2.29271472452e-06,2.26649997775e-05,0.0773744094718,0.342017198119,0.0
1.76216415224e-06,1.67904526118e-06,3.32677455053e-06,1.83467382822e-06,1.75477626412e-06,2.60347641325e-06,1.22470568108e-05,1.55568373066e-05,3.17409145493e-05,1.68526361244e-06,1.81200634068e-06,3.41293201341e-06,1.78979476805e-06,1.89872674494e-06,3.38710247076e-06,0.0501830059742,3.45459682272e-05,0.625868517186,1.1650591052e-06,1.14979235707e-06,1.34105613608e-06,1.19674476312e-06,1.36853165972e-06,1.65345689276e-06,1.6192589283e-05,0.0554957127888,0.268307659307,0.0
