-10.0 -10.0 -10.0,-10.0 -10.0 0.0,-10.0 -10.0 10.0,-10.0 0.0 -10.0,-10.0 0.0 0.0,-10.0 0.0 10.0,-10.0 10.0 -10.0,-10.0 10.0 0.0,-10.0 10.0 10.0,0.0 -10.0 -10.0,0.0 -10.0 0.0,0.0 -10.0 10.0,0.0 0.0 -10.0,0.0 0.0 0.0,0.0 0.0 10.0,0.0 10.0 -10.0,0.0 10.0 0.0,0.0 10.0 10.0,10.0 -10.0 -10.0,10.0 -10.0 0.0,10.0 -10.0 10.0,10.0 0.0 -10.0,10.0 0.0 0.0,10.0 0.0 10.0,10.0 10.0 -10.0,10.0 10.0 0.0,10.0 10.0 10.0,other
0.037037037037,0.037037037037,0.037037037037,0.037037037037,0.037037037037,0.037037037037,0.037037037037,0.037037037037,0.037037037037,0.037037037037,0.037037037037,0.037037037037,0.037037037037,0.037037037037,0.037037037037,0.037037037037,0.037037037037,0.037037037037,0.037037037037,0.037037037037,0.037037037037,0.037037037037,0.037037037037,0.037037037037,0.037037037037,0.037037037037,0.037037037037,0.0
0.0363855212975,0.0362873510864,0.0357740610058,0.0367937619971,0.036716041031,0.035855815339,0.0417299943163,0.0402961908909,0.0362708832325,0.0363066709771,0.0362886419351,0.0357760899573,0.0369998863117,0.0369776775967,0.0358572470011,0.0444086906146,0.0430648148101,0.0367704488594,0.0357192478805,0.0357199781526,0.0357150886045,0.0357143239158,0.0357143210464,0.0357142896319,0.035714339017,0.0357143327777,0.0357142907139,0.0
0.0356289862936,0.0354379510793,0.034462654606,0.0364309770273,0.0362791505761,0.0346689275455,0.0465627086723,0.0434999449444,0.0356824999856,0.0354757650978,0.035441905512,0.0344677242087,0.0368369355365,0.0367907339647,0.0346683817044,0.0524662973384,0.0494842705107,0.036908172592,0.0343186761442,0.0343200743811,0.0343112582421,0.0343093472359,0.0343093423066,0.0343092896246,0.0343093717234,0.0343093613925,0.0343092917544,0.0
0.0347715422615,0.0344962624639,0.0331507018296,0.0359400989838,0.0357205263107,0.0335505843031,0.0513250796614,0.0464995722872,0.0354499607424,0.0345510866562,0.0345042230488,0.0331604043996,0.036532795154,0.036461882012,0.0335395542752,0.0608773255795,0.0560291383431,0.0377715201991,0.0328615535018,0.0328635411582,0.0328520806018,0.0328484442063,0.0328484378905,0.0328483729309,0.0328484739951,0.0328484611745,0.0328483760299,0.0
0.0338217772417,0.0334749240486,0.0319059161288,0.0353135307067,0.0350358971009,0.0326060272736,0.0557187007813,0.0491012264477,0.0358328534371,0.0335443821472,0.0334879073482,0.0319226973369,0.0360711417033,0.0359767370945,0.0325659511195,0.0691039807494,0.0622907908272,0.0398571356893,0.0313858884958,0.031388368616,0.0313759188826,0.0313697254364,0.031369718267,0.0313696488536,0.0313697578281,0.0313697436411,0.0313696527976,0.0
0.0327897082504,0.0323879253575,0.030800050651,0.0345441358096,0.0342213857439,0.0319507427482,0.0593883141209,0.051090666276,0.0371581841917,0.032468661793,0.0324062506684,0.0308275357533,0.0354355556489,0.0353215457197,0.0318463168813,0.0764499668901,0.0677543866891,0.0438718510117,0.0299336874615,0.0299365468906,0.029925084198,0.0299152663005,0.0299152586736,0.0299151915237,0.0299152996944,0.0299152848695,0.0299151961836,0.0
0.0316785103486,0.0312408448923,0.0298707190331,0.0336222685365,0.0332693737695,0.0316577167431,0.0620085738931,0.0522870822123,0.0397676765389,0.0313287973506,0.0312639094556,0.0299140642131,0.0346094590257,0.0344822622293,0.0314314471135,0.0822322484841,0.0719232864195,0.0507465442219,0.028531862092,0.0285349802613,0.0285265722116,0.0285119808171,0.0285119730089,0.0285119140001,0.0285120143983,0.0285119993659,0.028511919364,0.0
0.030472923642,0.0300182482676,0.0290817677564,0.0325282982881,0.0321602580596,0.0317004622908,0.063365061243,0.0525834486001,0.0439692582754,0.0301092543121,0.0300446722974,0.0291478691162,0.033570957699,0.0334382190199,0.0312723562895,0.0859705280922,0.0744514505245,0.0616936687544,0.0271713353928,0.0271745957765,0.0271710622151,0.027150726559,0.0271507187582,0.0271506736647,0.0271507600042,0.027150744999,0.0271506801023,0.0
0.0291305952508,0.0286756113979,0.0283149698659,0.0312225334016,0.0308528464282,0.0319337351205,0.0633440043241,0.0519260875233,0.050041644929,0.0287659955471,0.0287036698103,0.0284119934577,0.032282071631,0.0321509103583,0.0312073412786,0.0874090392087,0.075151092893,0.0783898833039,0.0258001018997,0.0258033982647,0.0258060340146,0.0257794084229,0.0257794007737,0.0257793767637,0.0257794416796,0.0257794268303,0.0257793856208,0.0
0.0275788655745,0.0271375349655,0.0273894585787,0.0296375332078,0.0292777641692,0.0321029947695,0.0618596851415,0.0502612201165,0.0582455688114,0.0272243951979,0.0271655863791,0.0275248852103,0.030678586615,0.0305543503391,0.0309788498176,0.086396437748,0.0739004359395,0.103228183799,0.0243292157659,0.0243324509395,0.0243418595773,0.0243090125729,0.0243090052181,0.0243090137085,0.024309045739,0.024309031131,0.0243090289682,0.0
0.0257175730921,0.0253015676732,0.0260891391267,0.0276783943395,0.0273384659179,0.0318557548176,0.0588181598891,0.0475109502213,0.0687365436482,0.0253827482549,0.0253283075289,0.0262658542809,0.0286687832043,0.0285546849445,0.0302583085832,0.0828097512922,0.0705902278883,0.139401174574,0.0226429261557,0.0226460078416,0.0226619602038,0.0226237541972,0.0226237473143,0.0226238102603,0.0226237874807,0.0226237731913,0.0226238440784,0.0
0.0234386798211,0.0230581566731,0.0242088132592,0.0252428501702,0.024931502464,0.0307829749756,0.0541655011131,0.0436084947102,0.0813203692135,0.0231319928324,0.0230826628045,0.0244203033546,0.0261535157884,0.0260511836595,0.0287063114267,0.0766202108046,0.0651806689557,0.190385818547,0.0206209193361,0.020623758645,0.0206450542306,0.0206032991727,0.020603292995,0.020603459565,0.0206033328887,0.0206033189955,0.0206035535977,0.0
0.0206800463161,0.0203440316114,0.0216401355742,0.0222770330353,0.0220019575079,0.0285546777157,0.0480009787006,0.0385883759453,0.0951464139342,0.0204090637723,0.0203656595786,0.0218686289973,0.0230829293579,0.0229934744471,0.0261105792541,0.0680571600967,0.057837299126,0.258393596766,0.0181900931723,0.018192609567,0.0182171063973,0.0181744989541,0.0181744937537,0.0181748914088,0.0181745334896,0.0181745200509,0.0181752114695,0.0
0.0175026001014,0.0172181816831,0.0184655694489,0.0188552788956,0.0186224093093,0.0251303650284,0.0406832355252,0.0326892404995,0.108658256663,0.0172731858154,0.0172364810178,0.0186871935803,0.0195378542787,0.019462395547,0.0225491450973,0.0577335890895,0.0490443530864,0.342145884852,0.0153945958502,0.0153967286492,0.0154217636405,0.0153813879219,0.0153813839304,0.0153823890987,0.0153814235775,0.0153814105942,0.0153836972188,0.0
0.0141274765954,0.0138979025723,0.0149731041768,0.0152194656556,0.0150314953342,0.0208672936028,0.0328497106142,0.0263915230827,0.120057378248,0.0139422933461,0.0139126715251,0.0151676028449,0.0157704914821,0.0157096332899,0.0184195706461,0.046630052318,0.0396069774831,0.435617888867,0.0124258995398,0.0124276216759,0.0124507493335,0.012415238388,0.012415235685,0.012418041636,0.0124152750918,0.0124152624945,0.0124241444717,0.0
0.0108769250871,0.0107001731799,0.01155594492,0.0117176795051,0.0115729582294,0.0163859305556,0.0252933641128,0.0203201546599,0.12804484617,0.0107343493302,0.0107115437278,0.0117131253257,0.0121419305182,0.0120950823761,0.0142757523818,0.0359065762466,0.0304975402492,0.529335717643,0.00956685269477,0.00956817869332,0.00958781267603,0.0095586456006,0.00955864405764,0.00956687570071,0.00955868267932,0.00955867038903,0.00959604329024,0.0
0.00805482103039,0.00792392882844,0.00856872198455,0.00867743714208,0.00857026490191,0.0123006976813,0.0187311187324,0.0150480904824,0.13228435507,0.00794923760048,0.0079323491633,0.00868838783714,0.00899161398598,0.00895692198598,0.0106104081292,0.0265913315257,0.0225853497941,0.613623125896,0.00708465668053,0.00708563865532,0.00710126232809,0.00707857981367,0.00707857914679,0.00710125706957,0.00707861605233,0.00707860409489,0.0072246443878,0.0
0.00585812192917,0.00576292646399,0.00623633537836,0.00631093935567,0.00623299496927,0.00903042859016,0.0136228533732,0.0109442268267,0.133345662983,0.00578133304977,0.00576905041227,0.00632477150929,0.006539434503,0.00651420381447,0.00773261546571,0.0193395851524,0.0164260317574,0.681358044269,0.00515253932976,0.00515325350496,0.00516523501016,0.00514812025494,0.00514812013797,0.00520038142941,0.00514815433821,0.00514814288691,0.00560649330579,0.0
0.00432440727371,0.00425413493042,0.00460549754745,0.00465867263849,0.00460113486804,0.00670879957073,0.0100562679524,0.00807892617128,0.132374346952,0.00426772248609,0.00425865556709,0.0046713960942,0.00482734551021,0.00480872049901,0.00571491490689,0.0142763395478,0.0121255636439,0.729983910193,0.00380355321543,0.00380408041317,0.00381326801232,0.00380029139842,0.00380029156698,0.00389502221621,0.00380032254942,0.00380031179814,0.00488610247745,0.0
0.003316415289,0.0032625229848,0.00353287359625,0.00357276552415,0.00352863944395,0.00516746768892,0.0077122195158,0.00619578171996,0.130521580688,0.0032729433665,0.00326598988941,0.00358370241583,0.00370212182407,0.00368783819397,0.00438597060951,0.0109486313874,0.00929918120372,0.76261112648,0.00291696901529,0.00291737332679,0.00292461212077,0.00291446768171,0.00291446797895,0.003053087456,0.00291449586734,0.00291448588404,0.00496226884789,0.0
0.00264315545655,0.00260020373757,0.0028161473872,0.00284746447072,0.00281229635104,0.00413140134158,0.0061465765726,0.00493798749037,0.128426793264,0.00260850869504,0.00260296683167,0.00285681292487,0.00295056037092,0.00293917643966,0.00349727300376,0.00872597526919,0.00741137434749,0.784565112727,0.00232480009139,0.0023251223244,0.00233100790602,0.00232280665833,0.00232280700924,0.00249875719473,0.00232283221223,0.0023228229574,0.0057092569652,0.0
0.0021697623715,0.00213450336952,0.00231206061688,0.00233747933869,0.00230860988168,0.00339973212844,0.00504571637918,0.00405358702952,0.126295310066,0.0021413208966,0.0021367715893,0.00234553645944,0.0024221106108,0.00241276556026,0.00287192960264,0.00716314375726,0.00608398831939,0.799736446824,0.0019084249268,0.00190868944744,0.00191359728538,0.00190678859521,0.00190678896576,0.00211191296555,0.00190681190175,0.00190680329842,0.00715940781224,0.0
0.00181938048319,0.00178981524562,0.00193889273739,0.00196001384636,0.00193580634449,0.00285642656453,0.00423091446742,0.00339899790261,0.124142914009,0.00179553185114,0.00179171718419,0.00196702443444,0.00203097852369,0.00202314255018,0.00240883995828,0.00600641299432,0.00510152294866,0.810254572359,0.00160024485201,0.00160046665683,0.00160463569638,0.00159887281725,0.0015988731917,0.00182589973266,0.00159889421756,0.00159888618334,0.0095203222481,0.0
0.00154877327877,0.00152360545362,0.00165064700238,0.00166848941212,0.00164788243496,0.00243572202046,0.00360162592092,0.00289344507035,0.121908625134,0.0015284717946,0.00152522450561,0.00167463782986,0.00172889909445,0.00172222861221,0.00205104422164,0.00511304531488,0.00434274425519,0.817104983114,0.0013622309841,0.0013624197986,0.00136600855674,0.00136106306459,0.00136106343579,0.00160397909128,0.00136108285134,0.00136107530531,0.0131909824421,0.0
0.00133235575093,0.00131070474687,0.00142009636506,0.0014353433747,0.00141761590941,0.00209850945107,0.00309835370225,0.00248913025115,0.119483402098,0.00131489109062,0.00131209756094,0.00144076665292,0.00148731172244,0.00148157333921,0.00176480556795,0.00439857617993,0.00373591248022,0.820525506627,0.00117187990684,0.0011720423374,0.00117516022408,0.00117087522457,0.00117087558993,0.00142470742194,0.00117089365959,0.00117088651922,0.0188257262455,0.0
0.00115397208969,0.00113521985002,0.00123004402346,0.00124317112234,0.00122781711485,0.00181999447964,0.00268352802594,0.00215587091862,0.116706509672,0.0011388457013,0.0011364261859,0.00124797091665,0.00128818164095,0.00128321154678,0.00152880611024,0.00380966987566,0.00323572707611,0.820145067366,0.00101498169984,0.00101512238325,0.001017846997,0.00101411156617,0.00101411192616,0.0012745976589,0.00101412890808,0.0010141220791,0.0274509430652,0.0
0.00100270122925,0.000986407166397,0.00106886275863,0.00108020741944,0.00106686612433,0.00158335321646,0.00233175232219,0.00187326417297,0.113348405643,0.000989557715303,0.000987455367184,0.00108445819755,0.00111931763982,0.00111499906129,0.0013286267758,0.00331027231392,0.0028115656023,0.814954652512,0.000881930687155,0.000882052928794,0.000884439826421,0.000881174654036,0.000881175012252,0.00114442223272,0.000881191206671,0.000881184559898,0.0406397036547,0.0
0.00087062722329,0.000856479385166,0.000928122993149,0.000937924437792,0.00092634043412,0.00137634217711,0.00202461833265,0.00162652133034,0.109088853108,0.000859214949397,0.000857389518812,0.000941678588865,0.000971883130561,0.000968133387855,0.0011538100694,0.0028742503524,0.00244123193977,0.803169313488,0.000765764360137,0.000765870500342,0.000767958827296,0.000765107955175,0.000765108320403,0.00102724410655,0.000765124181762,0.000765117491841,0.0607399694104,0.0
0.000751629035177,0.000739414937555,0.000801305090928,0.00080972800074,0.000799727310105,0.00118945306623,0.00174789183088,0.00140420700731,0.103503040381,0.000741776602128,0.000740200673213,0.00081301895573,0.00083904518645,0.000835807962824,0.000996264836576,0.00248139660099,0.0021075629646,0.782047203962,0.000661098931557,0.000661190564433,0.000663006395537,0.000660532311138,0.000660532704914,0.000917332298057,0.000660549185253,0.000660541932631,0.0911065412724,0.0
0.000640813555813,0.000630400228324,0.000683196240425,0.00069034677502,0.000681820523561,0.00101505393525,0.00149019421046,0.00119717994521,0.0960844393648,0.000632413703787,0.000631070119988,0.000693191427132,0.00071534161957,0.000712581672881,0.000849519309815,0.00211555806712,0.00179683905372,0.74781986641,0.000563630643732,0.000563708766869,0.000565267420642,0.000563147695276,0.000563148180996,0.000809666276827,0.000563168106998,0.000563158654127,0.136165278091,0.0
0.00053452531737,0.000525839191674,0.000569901649468,0.000575842736446,0.000568730687515,0.000847429545588,0.00124302554058,0.000998611561069,0.0863580698918,0.000527518702788,0.000526397971911,0.000578245027986,0.000596691826485,0.00059438965947,0.000708736482794,0.00176467067504,0.00149881312984,0.696091347956,0.000470144312141,0.000470209477528,0.000471518068733,0.000469741873238,0.000469742701238,0.000700068138062,0.000469778458181,0.000469759254764,0.200900250163,0.0
0.000431001196672,0.000423997355938,0.000459543239199,0.000464316489151,0.000458581864381,0.000683839860682,0.0010022907899,0.000805212650358,0.0741459826355,0.00042535158709,0.000424447913527,0.000466274814931,0.000481127654402,0.000479271369057,0.000571583621017,0.00142294066365,0.00120856220142,0.623318203431,0.000379089171788,0.000379141716812,0.000380203482821,0.000378766832988,0.000378769481909,0.000586194770772,0.0003789091035,0.000378823207519,0.289087572894,0.0
0.000331807838924,0.00032641591369,0.000353792858646,0.000357455914491,0.000353041080734,0.000526820200118,0.000771689323483,0.000619970543954,0.0600038215163,0.000327458466304,0.000326762766129,0.000358977725016,0.000370398268544,0.000368969263415,0.000440139317374,0.00109584759176,0.000930741001793,0.530104030251,0.000291843155321,0.00029188361232,0.000292705949674,0.00029161702178,0.000291635657295,0.000469739593406,0.00029300003239,0.000292070763085,0.399517364373,0.0
0.000251599838358,0.000247511418545,0.000268276607218,0.000271050625961,0.00026770275903,0.000399673632413,0.000586180984475,0.000471416823131,0.04698393069,0.000248301864902,0.000247774225215,0.000272209386827,0.000280868322744,0.000279785120393,0.0003338296404,0.000836764867664,0.000711289902598,0.435746723973,0.000221295487737,0.000221326241127,0.000221952717796,0.000221490296396,0.00022171007112,0.000369519711951,0.000246509245739,0.000228211223702,0.509343094322,0.0
0.000234509192876,0.000230698993349,0.000250051965708,0.000252649486035,0.000249527873335,0.000372552529431,0.000550430164736,0.000445708879798,0.0439962855796,0.000231435455287,0.00023094297775,0.000253717739488,0.00026181921695,0.000260808515616,0.000311170274692,0.000803744342633,0.000688977258226,0.412296417417,0.000206261927776,0.000206290906991,0.000206874628041,0.000208102499664,0.000208950805655,0.000347037976356,0.000366244377198,0.000242061106023,0.536086727909,0.0
0.000226110699116,0.000222437477671,0.000241095033671,0.000243612331523,0.000240601276143,0.000359221131856,0.000534862267526,0.000436542291527,0.0425106151617,0.000223147287304,0.000222671695682,0.000244629567765,0.000252473797577,0.000251497500654,0.000300033426125,0.000799974713929,0.000692768064632,0.400438652596,0.000198873589817,0.000198901853463,0.000199464172057,0.000202389778652,0.000203819446438,0.000335868794433,0.000585435652528,0.000267561002356,0.54936673939,0.0
0.000220361943877,0.000216782634788,0.000234963362558,0.000237429488136,0.000234493736849,0.000350094133324,0.00052536924574,0.000432391510113,0.0414879783963,0.000217474133772,0.000217009861964,0.000238408049274,0.000246085954902,0.000245132363933,0.000292409301081,0.000805107351513,0.000704918480999,0.392204988786,0.00019381587002,0.000193843733772,0.000194391185113,0.000198988138693,0.000200965996814,0.000328176810235,0.000957542424382,0.00029929956265,0.558321577543,0.0
0.00021592515973,0.000212418438654,0.000230230581982,0.00023265985865,0.000229781956497,0.000343048995904,0.000518871083092,0.000430761523728,0.0406955587747,0.000213095760283,0.000212640050376,0.00023360591692,0.000241162416828,0.000240225698947,0.000286524453023,0.000814891860901,0.000721772096351,0.385779405117,0.000189912119099,0.000189939737472,0.000190475563174,0.000196721751404,0.00019922492791,0.000322208625208,0.00158446834072,0.000336682614446,0.564937786577,0.0
0.000212241734543,0.000208795359206,0.000226301063677,0.000228701751229,0.000225871666927,0.000337199281163,0.00051410329186,0.000430645626523,0.0400353278024,0.00020946087783,0.000209012139626,0.000229618815707,0.000237079810806,0.000236156583482,0.000281638286481,0.000827701399175,0.000741985588942,0.380385095959,0.00018667099337,0.0001866984553,0.000187224515886,0.000195102561843,0.000198113880518,0.000317224116686,0.00263934997467,0.000379866327307,0.569932812136,0.0
0.000208993388172,0.000205600294974,0.000222835418439,0.000225212410792,0.00022242433274,0.000332039814757,0.000510365766078,0.000431509049349,0.0394508258599,0.000206255381488,0.000205812683738,0.000226102383481,0.000233483145167,0.000232571415477,0.000277328769814,0.000842767012398,0.000765001050352,0.375562817112,0.000183812529536,0.000183839888246,0.000184357251948,0.0001938526129,0.000197357649984,0.000312793572432,0.00441215650794,0.000429225037159,0.573540659661,0.0
0.000205941242125,0.000202598259586,0.000219578901456,0.00022193467966,0.000219185949287,0.000327191323032,0.000507157194981,0.000433000721735,0.0388990249136,0.000203243530491,0.000202806427421,0.000222798142259,0.000230106228423,0.000229205034453,0.000273279074258,0.00085971471061,0.000790670107262,0.370948186562,0.000181126592947,0.00018115387683,0.000181663010846,0.000192761216953,0.000196745728925,0.00030858467834,0.00738203620727,0.000485145656877,0.575695160028,0.0
0.000202851332103,0.000199559108396,0.000216281977228,0.000218616812452,0.000215907839409,0.000322282188943,0.000504017218458,0.000434843516321,0.0383370782243,0.000200194439871,0.000199762948085,0.000219452899184,0.000226688666312,0.000225798041056,0.000269178788299,0.00087845117955,0.000819209556543,0.366162147754,0.000178407352189,0.000178434567838,0.000178935342764,0.000191617651767,0.000196064456725,0.00030426092264,0.0123225935083,0.000547826647985,0.576049537059,0.0
0.000199446605952,0.000196210324663,0.000212649107426,0.000214960892025,0.000212295687008,0.000316872197358,0.000500445332676,0.000436806832124,0.0377136109746,0.000196834714214,0.000196409376664,0.000215766783855,0.000222922594038,0.000222043735845,0.000264660217909,0.000899276931345,0.000851413440079,0.360735171534,0.000175411037534,0.000175438169417,0.000175929738669,0.000190165682967,0.000195050076904,0.000299413653786,0.0204290269201,0.000616956672738,0.573934810766,0.0
0.000195380891532,0.000192211430673,0.000208310922349,0.000210595089809,0.000207982091596,0.000310411099952,0.00049590764057,0.0004387972551,0.0369639731808,0.000192822773847,0.000192404744401,0.000211365011946,0.000218424351761,0.000217559914498,0.000259263775121,0.000923412155265,0.00088935646328,0.354065100679,0.000171832992768,0.000171860005324,0.000172340606198,0.000188075193976,0.000193357923194,0.000293524687126,0.0333888915546,0.000691151790409,0.568335685775,0.0
0.000190278178306,0.000187192685031,0.000202865921565,0.000205116754528,0.000202568995338,0.000302300774572,0.000490082259419,0.000441253474226,0.0360177160365,0.000187787669683,0.000187378623769,0.000205840197287,0.000212780121678,0.000211934394631,0.000252489894714,0.000954571632188,0.000938311250382,0.345488911465,0.000167342090423,0.00016736894796,0.000167835768277,0.00018496917361,0.000190586700301,0.000286026278429,0.0531239745132,0.000767048264105,0.558065467935,0.0
0.000183957213563,0.000180976173045,0.000196119488641,0.000198336242134,0.000195868156829,0.000292251383304,0.000483695286766,0.000446237641607,0.0348409045146,0.000181550874539,0.000181152201586,0.000198994870725,0.000205800684949,0.000204979111928,0.000244096507992,0.00100290331312,0.00101129727344,0.334683782743,0.000161777927491,0.000161804668585,0.00016225420383,0.000180615935607,0.00018647180035,0.000276640479794,0.0805548371582,0.000838274296489,0.542544419848,0.0
0.000176930188955,0.00017406668546,0.000188614762793,0.000190817281539,0.000188434139561,0.000281072352023,0.000479986979038,0.000459135015547,0.0335298384095,0.000174618764243,0.000174229190277,0.000191380134351,0.000198083648745,0.000197291352943,0.000234759686213,0.00109124052931,0.00113595564824,0.32255573169,0.000155588776194,0.000155615676683,0.000156045250645,0.000175381685222,0.000181354239176,0.000266133611485,0.112935732158,0.00089600451607,0.523455957629,0.0
0.000170513233838,0.000167760506506,0.000181750510903,0.000183994566971,0.000181680275382,0.000270847836419,0.000484102875975,0.000487494472247,0.0323314353083,0.000168291920457,0.000167904682508,0.00018441526079,0.000191129638428,0.000190371339906,0.000226220172403,0.0012529894974,0.00135173059833,0.311437649551,0.000149928729361,0.00014995640183,0.000150366134252,0.000170387262817,0.000176371647771,0.000256490061183,0.143216414325,0.000934658269462,0.505165144921,0.0
0.000165536225992,0.000162875134159,0.000176408945486,0.000178769597381,0.000176494426721,0.000262892114544,0.000497993522791,0.000534609905309,0.0314009147937,0.000163390878547,0.000162995398551,0.00017899539477,0.00018587131805,0.000185154443753,0.000219575655718,0.00151324651038,0.00168967517429,0.30280527184,0.000145525524881,0.000145554658733,0.000145946741265,0.000166422547056,0.00017236709735,0.000248972773581,0.16670942026,0.000957679066947,0.49064744005,0.0
0.000161793026217,0.000159207647163,0.000172371353248,0.000174913818472,0.000172651328407,0.000256879159352,0.000519837222374,0.000599416092536,0.0306994786694,0.000159712414749,0.000159298641,0.000174898616164,0.000182058697419,0.000181393503437,0.000214553800159,0.0018888799642,0.00217439211094,0.296306334522,0.000142198533007,0.000142229622622,0.000142606140481,0.000163394895705,0.000169284752768,0.000243285714548,0.18408793673,0.000971607169045,0.479579385854,0.0
0.000158865084351,0.000156345694916,0.000169193554812,0.000171967436978,0.000169698381803,0.000252147137222,0.000547734256671,0.000681274127941,0.0301488972219,0.000156842977754,0.000156402730002,0.000171674234072,0.00017920480481,0.000178602178613,0.000210601813052,0.00240475057313,0.00284210621034,0.291212724019,0.00013958116014,0.000139614513616,0.000139976859143,0.000160991971026,0.000166824992792,0.000238807536863,0.197233886953,0.000980448280725,0.470830835295,0.0
0.000156456125875,0.000153997281925,0.000166561303283,0.000169604805077,0.00016731526936,0.000248227862038,0.000580625526454,0.000780994079388,0.0296939422834,0.000154489642772,0.000154016284996,0.000169003394992,0.000176966254907,0.00017643662806,0.000207328650787,0.00309937942625,0.00374708351182,0.287009401082,0.000137414064239,0.000137449875349,0.00013779891494,0.000158981161018,0.000164758243006,0.000235096979063,0.207464695228,0.000986104295531,0.463565871825,0.0
0.000154375819332,0.000151974771323,0.000164272796196,0.000167616553651,0.000165296173495,0.000244820699744,0.000617995277061,0.000900438769897,0.0292992085673,0.000152464142078,0.00015195213741,0.000166681338207,0.000175122818019,0.000174675903103,0.000204483217272,0.00402702899304,0.00496486775157,0.28336600925,0.00013553070236,0.000135569095856,0.000135905350579,0.000157208365038,0.000162930456352,0.000231870230327,0.21556335764,0.000989449272656,0.457238893908,0.0
0.000152493511352,0.000150149340339,0.000162189493464,0.000165858963008,0.000163499866587,0.000241719281165,0.000659606566241,0.00104222808012,0.0289404322687,0.000150637203578,0.000150081809235,0.000164567492684,0.000173523653413,0.000173168443481,0.000201893150531,0.00526096144893,0.00659729040554,0.280056039199,0.000133816738787,0.00013385779349,0.000134181545252,0.000155564024725,0.000161231117071,0.000228932259935,0.221983302222,0.000990850266032,0.451471923856,0.0
0.000150708583216,0.000148421784992,0.000160204625157,0.000164221486054,0.000161817727256,0.000238764582896,0.000705351174258,0.00120959399975,0.0285989521279,0.00014890927191,0.000148306350457,0.000162553523165,0.000172052981808,0.000171797800876,0.000199425634173,0.00689817036307,0.00877956163367,0.276905185108,0.000132184054314,0.000132227813836,0.000132539160246,0.000153959953693,0.000159570593361,0.000226132645734,0.226977195553,0.000990384994776,0.445971806472,0.0
0.000148932776658,0.000146705108142,0.000158224418244,0.000162607359533,0.000160154660706,0.000235816964893,0.000755157028029,0.001406290819,0.0282584233108,0.000147193044296,0.000146538953751,0.000160544281647,0.000170609626469,0.000170462160966,0.000196964042628,0.00906532985198,0.0116892764892,0.273760769473,0.000130555251539,0.000130601727757,0.000130900606464,0.000152314957236,0.000157865844718,0.00022333919,0.230666656318,0.000987931067279,0.440479834667,0.0
0.000147078738547,0.00014491323127,0.000156155926339,0.000160921014264,0.000158416721186,0.000232738054217,0.00080891582298,0.00163649043059,0.0279027104012,0.000145402147741,0.00014469368823,0.000158445458618,0.000169093731289,0.000169061012777,0.000194392810549,0.0119255127667,0.0155569835678,0.270472316679,0.000128853607858,0.000128902779355,0.000129188973682,0.000150545112574,0.0001560306411,0.000220420790821,0.233079930808,0.00098319923548,0.434738685848,0.0
0.000145051719168,0.000142952811203,0.000153898205233,0.000159058921471,0.000156502125046,0.000229377629492,0.000866410356763,0.00190460240948,0.0275144015988,0.000143442930703,0.000142677336991,0.000156154629015,0.000167397087521,0.000167485403887,0.000191586479329,0.0156847037319,0.0206773463196,0.266878249439,0.000126995786712,0.000127047592957,0.000127320725784,0.000148556445411,0.000153968119969,0.000217235006027,0.234173599646,0.000975741580204,0.428468235962,0.0
0.000142743226014,0.000140716980975,0.000151335562675,0.000156902550138,0.000154294352794,0.000225563629933,0.000927229512532,0.00221495018851,0.0270737565412,0.00014120818541,0.000140383160928,0.000153554402575,0.000165395656143,0.000165610363609,0.00018840135378,0.0205960780277,0.0274186115906,0.262797354186,0.00012488625482,0.000124940586184,0.000125200107546,0.000146239219131,0.00015156494098,0.000213618525002,0.233847568146,0.000964951160677,0.421346941588,0.0
0.000140026785004,0.000138081163304,0.000148333047647,0.000154313584607,0.000151657491664,0.000221095580139,0.000990664431618,0.00257121739174,0.0265582001477,0.000138572950405,0.000137686740007,0.000150507845843,0.000162944425953,0.000163289625118,0.000184670011724,0.0269582338761,0.0362257318818,0.258026967258,0.000122413534816,0.000122470218447,0.000122715393374,0.000143464231241,0.000148687479856,0.00020938077697,0.231959280531,0.000950066363178,0.412999327232,0.0
0.000136757183547,0.000134902308819,0.000144735654484,0.000151132885151,0.000148435284414,0.000215743746002,0.00105558574401,0.0029755602655,0.0259428225825,0.000135393750388,0.00013444524706,0.000146857671558,0.000159876148902,0.00016035417784,0.000180200597305,0.0351009031929,0.0476086490256,0.252354314612,0.000119449492502,0.000119508274431,0.000119738181292,0.000140082645151,0.000145181662865,0.000204302731106,0.228341202384,0.000930194408245,0.402993670143,0.0
0.00013277558098,0.000131023903463,0.000140373841189,0.000147185755001,0.000144456419706,0.000209258224465,0.00112030763943,0.00342726052615,0.0252028547945,0.000131513624745,0.000130502507206,0.000142431828804,0.000156006617597,0.000156617303624,0.000174784392974,0.0453480568131,0.0621013777907,0.245595408451,0.000115853749558,0.00011591427434,0.000116127830802,0.000135931818404,0.000140879006916,0.000198144468148,0.222823621504,0.000904369650571,0.390856961683,0.0
0.00012792283468,0.000126289035141,0.000135078126895,0.000142295904426,0.000139548457189,0.000201393093882,0.00118243494349,0.00392070074066,0.0243200029652,0.000126775234912,0.000125702171157,0.000137058284492,0.00015114889206,0.000151888476515,0.000168215879155,0.057942903961,0.0801674837721,0.237693442235,0.000111485325787,0.000111547115654,0.00011174316142,0.000130849473615,0.000135611311786,0.000190665127287,0.215261892826,0.000871657336554,0.376114263314,0.0
0.000122060755922,0.000120561145108,0.000128703548133,0.000136307081197,0.000133559524293,0.000191950099625,0.00123861076177,0.00444196651159,0.0232968248888,0.000121041639563,0.000119908778466,0.000130589727662,0.000145134960708,0.000145994507261,0.000160328663303,0.072905437202,0.10200192809,0.228957051734,0.000106221517277,0.000106283950801,0.000106461443655,0.000124696000714,0.000129233797688,0.000181655251646,0.205563682778,0.000831295622203,0.358352510018,0.0
0.000115095244848,0.000113746173407,0.000121161766592,0.000129103161,0.000126379247641,0.000180849911756,0.00128379347471,0.00496147416563,0.0221907672134,0.000114218290298,0.000113030933692,0.000122935703289,0.00013783357613,0.000138796331675,0.000151052195089,0.0897412421013,0.127089848828,0.220671063792,9.99797802217e-05,0.000100042060011,0.000100200526157,0.000117379778309,0.000121651390223,0.000170974332373,0.19370997017,0.000782841989832,0.337294567862,0.0
0.00010699306855,0.00010580699894,0.000112466873647,0.000120609901359,0.00011794386844,0.000168275098428,0.00130897041445,0.00541458160177,0.0212007791434,0.000106266682932,0.000105038932172,0.000114107292939,0.000129141826502,0.000130178256741,0.000140517164646,0.106751692603,0.153097916804,0.216737502125,9.27391407695e-05,9.28002133187e-05,9.29408478445e-05,0.000108881607464,0.000112844087076,0.000158587679468,0.179774119646,0.000726309063144,0.312871989057,0.0
9.78031093543e-05,9.67795299752e-05,0.000102832043435,0.000110779642817,0.000108228238832,0.000154983368282,0.00129621126506,0.00566083453546,0.0208441395674,9.72183971833e-05,9.59876823307e-05,0.000104309929761,0.000118945462579,0.000120005261072,0.000129257208592,0.119578972539,0.17343197662,0.227248843917,8.45780490154e-05,8.46364323773e-05,8.47644539895e-05,9.92986283908e-05,0.000102912495702,0.000144631540881,0.163984952999,0.000662441770187,0.285353675312,0.0
8.76135122681e-05,8.67314287092e-05,9.25876136093e-05,9.95502764389e-05,9.72011298647e-05,0.00014203042419,0.00122098769046,0.00550110859163,0.0218809290063,8.71340407631e-05,8.59722615666e-05,9.38640391445e-05,0.000107080611482,0.000108092995144,0.000117870917525,0.121325779339,0.177110623688,0.268704068205,7.56448940131e-05,7.56986212884e-05,7.58238372053e-05,8.88091759972e-05,9.20414077343e-05,0.000129362176283,0.146673904021,0.000592485585375,0.25524700451,0.0
7.61196516269e-05,7.53627669667e-05,8.11486962829e-05,8.65822266029e-05,8.45241947725e-05,0.000127810553481,0.00108086829355,0.00492042190257,0.0242419642966,7.57139686289e-05,7.46902801792e-05,8.22064675476e-05,9.31881393396e-05,9.40885875599e-05,0.000104882751813,0.110497526885,0.161528480713,0.346611315017,6.56863868083e-05,6.57335089192e-05,6.5859946261e-05,7.7117263372e-05,7.99240582193e-05,0.000112348170574,0.127368649712,0.000514492620668,0.221713292941,0.0
6.3197694513e-05,6.25705089991e-05,6.78559889552e-05,7.18975445743e-05,7.01866850295e-05,0.000109661774996,0.000901199258398,0.00411068319512,0.0269839557035,6.2862001951e-05,6.20106304431e-05,6.8710364636e-05,7.73914259447e-05,7.81429679157e-05,8.86485517186e-05,0.0927779751731,0.1356015057,0.447939357507,5.45310360884e-05,5.45702365133e-05,5.46907226721e-05,6.40207193248e-05,6.63509174557e-05,9.33029998481e-05,0.105740562321,0.000427123112613,0.184247035258,0.0
4.99568586155e-05,4.94611698702e-05,5.38639864976e-05,5.68351602044e-05,5.54825818904e-05,8.88203995547e-05,0.000712869220701,0.00325248480226,0.0294301032811,4.96915584911e-05,4.90184845234e-05,5.45344188254e-05,6.11788508728e-05,6.17733989592e-05,7.0777781661e-05,0.0734820807269,0.10738419486,0.554532880436,4.31056469692e-05,4.31366433358e-05,4.32421975663e-05,5.0607119981e-05,5.2449141014e-05,7.38335414581e-05,0.0835872160264,0.00033763518282,0.146272766523,0.0
3.7904149242e-05,3.7528057528e-05,4.09594539244e-05,4.31230667927e-05,4.20968037862e-05,6.8522057857e-05,0.000540934198274,0.00246809980757,0.0313386599114,3.77028582797e-05,3.71921689758e-05,4.14687589039e-05,4.64188556424e-05,4.68700063042e-05,5.39751962331e-05,0.0557706854051,0.0814981983904,0.650825502769,3.27058550235e-05,3.27293740393e-05,3.28155632985e-05,3.83975334147e-05,3.97951684837e-05,5.61978294259e-05,0.0634215176533,0.00025617802845,0.113113821079,0.0
2.81362958057e-05,2.78571229401e-05,3.04399867918e-05,3.20103127987e-05,3.12485156911e-05,5.1432002234e-05,0.00040154286025,0.00183211151638,0.0326285419403,2.79868773424e-05,2.76077919955e-05,3.08192402539e-05,3.44567870721e-05,3.47916815265e-05,4.01701911257e-05,0.0414009700138,0.060499018297,0.725453029446,2.42775940466e-05,2.42950523455e-05,2.43624422826e-05,2.85025459949e-05,2.95400246249e-05,4.20522600011e-05,0.0470782812788,0.000190162094693,0.0899463558278,0.0
2.10464510022e-05,2.08376247778e-05,2.278411726e-05,2.39442859124e-05,2.33744479913e-05,3.87517510608e-05,0.000300362434774,0.00137045869572,0.0332431824991,2.09346833243e-05,2.06511207316e-05,2.30686041875e-05,2.57742931745e-05,2.60248009309e-05,3.00897487509e-05,0.0309691086476,0.045254861402,0.773191447785,1.81600730778e-05,1.81731322143e-05,1.82253847687e-05,2.13204179253e-05,2.20964770229e-05,3.19489161221e-05,0.0352156317793,0.000142245105205,0.0798854953206,0.0
1.62204570438e-05,1.60595151098e-05,1.75660327978e-05,1.84538127969e-05,1.80146398461e-05,3.00075245179e-05,0.000231489081594,0.00105621167966,0.0331918493186,1.61343179193e-05,1.59157768084e-05,1.77857371378e-05,1.98641959009e-05,2.00572619114e-05,2.32087603065e-05,0.0238679683597,0.0348779883271,0.796811472385,1.39959313959e-05,1.40059960509e-05,1.40472737394e-05,1.64316058821e-05,1.70297172682e-05,2.51854561653e-05,0.0271407828645,0.000109628330314,0.0823826256408,0.0
1.28837662169e-05,1.27559314612e-05,1.39557193357e-05,1.46577011492e-05,1.43088699316e-05,2.39124556888e-05,0.000183869923761,0.000838940629793,0.0325191282563,1.28153466675e-05,1.26417613889e-05,1.41304859234e-05,1.5777956135e-05,1.59313068543e-05,1.84442624988e-05,0.0189581901535,0.0277033620336,0.80184785055,1.11168450627e-05,1.1124839332e-05,1.11582134937e-05,1.30514823571e-05,1.35265605071e-05,2.05555844749e-05,0.0215578387489,8.70770983503e-05,0.096040993517,0.0
1.04304209632e-05,1.03269286892e-05,1.13000292489e-05,1.18665607497e-05,1.15841544662e-05,1.94054715203e-05,0.000148857298416,0.000679189171899,0.0312151080845,1.03750299617e-05,1.02344990421e-05,1.14416717911e-05,1.27734952548e-05,1.28976447739e-05,1.49379741525e-05,0.0153482049911,0.0224281178686,0.790974102593,8.9999594585e-06,9.00643144959e-06,9.0338215517e-06,1.05662031319e-05,1.09508202212e-05,1.71475417225e-05,0.0174529561686,7.04960875193e-05,0.121469689078,0.0
8.49563231567e-06,8.41133732301e-06,9.20500635306e-06,9.66537577379e-06,9.43535437346e-06,1.58352367786e-05,0.000121245234165,0.000553204197128,0.0292077088332,8.45051605482e-06,8.33605288825e-06,9.32047246155e-06,1.0404078765e-05,1.05051992685e-05,1.21710457861e-05,0.0125012706937,0.0182679110328,0.763527240735,7.33051393952e-06,7.33578541251e-06,7.35834317564e-06,8.60623208415e-06,8.91951100522e-06,1.44206734296e-05,0.0142158635857,5.74199923396e-05,0.161373929328,0.0
6.86877316156e-06,6.800620129e-06,7.44297720905e-06,7.81451844778e-06,7.62854465451e-06,1.28218917582e-05,9.80279272908e-05,0.000447271434986,0.0264111262305,6.8322963742e-06,6.73975217087e-06,7.53639421882e-06,8.41176476742e-06,8.49352146979e-06,9.84330412294e-06,0.0101075168465,0.0147699210589,0.716792648097,5.92676746216e-06,5.93102948681e-06,5.94943915871e-06,6.95820500467e-06,7.21150778426e-06,1.20609841845e-05,0.0114945444138,4.6425856362e-05,0.219691245843,0.0
5.43292119237e-06,5.37901493725e-06,5.88751112669e-06,6.18096808562e-06,6.03387028793e-06,1.01537663806e-05,7.75374469023e-05,0.000353782382781,0.0228113436259,5.40406953006e-06,5.33087080929e-06,5.96143873714e-06,6.65336655389e-06,6.71803315872e-06,7.78796046775e-06,0.00799520561495,0.0116831673501,0.647911023814,4.68783277124e-06,4.69120387753e-06,4.70588439058e-06,5.50370641742e-06,5.70411530682e-06,9.8899432488e-06,0.0090960911143,3.67270626525e-05,0.299923015111,0.0
4.14612602845e-06,4.10498775535e-06,4.49329558937e-06,4.71700145889e-06,4.60474352084e-06,7.75629829764e-06,5.91812955746e-05,0.000270053496467,0.0185959226434,4.12410793971e-06,4.06824633235e-06,4.54973611446e-06,5.07751786715e-06,5.12686978801e-06,5.94526298978e-06,0.0061053257921,0.00892156352563,0.557315765579,3.57751228806e-06,3.58008505913e-06,3.59136927758e-06,4.20053321861e-06,4.35385506934e-06,7.84382022715e-06,0.006980551531,2.80758758896e-05,0.401637698892,0.0
3.13966401187e-06,3.10851422508e-06,3.40267648569e-06,3.57200831811e-06,3.48699516578e-06,5.8773152598e-06,4.49073647691e-05,0.000205298381029,0.0146637865511,3.12299132597e-06,3.08068797238e-06,3.44542736454e-06,3.84508697151e-06,3.88246678525e-06,4.50347677116e-06,0.00466423866478,0.00682390246158,0.463058233604,2.70907379317e-06,2.71102328064e-06,2.71961272337e-06,3.18591736242e-06,3.30582274429e-06,6.15433800997e-06,0.005856162471,2.1855604408e-05,0.504596361799,0.0
2.88909332684e-06,2.86043825281e-06,3.13110064864e-06,3.2871083376e-06,3.20885687786e-06,5.40884563094e-06,4.16627321287e-05,0.000192342757832,0.0135829148128,2.87375494359e-06,2.83481701446e-06,3.17044103785e-06,3.53872247447e-06,3.57310761783e-06,4.14436889532e-06,0.00444617859196,0.00656978198457,0.434523366441,2.49284513218e-06,2.49464370934e-06,2.50254590931e-06,2.95374678764e-06,3.0760874004e-06,5.71152305706e-06,0.00843505825906,2.2637611526e-05,0.532125904762,0.0
2.76645670833e-06,2.73902779313e-06,2.99816100054e-06,3.14777014778e-06,3.07281382346e-06,5.17946752744e-06,4.02640340325e-05,0.000188111768045,0.0130439768818,2.75177414484e-06,2.71447602264e-06,3.0358317572e-06,3.38907899591e-06,3.42198005367e-06,3.96856972153e-06,0.00443054959284,0.00663100076478,0.419901378591,2.38700333596e-06,2.38873066697e-06,2.39628982958e-06,2.85220290812e-06,2.98097973997e-06,5.49046356471e-06,0.0132173465841,2.46316012536e-05,0.542465059105,0.0
2.67471028539e-06,2.64820215288e-06,2.89869259545e-06,3.04359299069e-06,2.97109212822e-06,5.00781836847e-06,3.93308826755e-05,0.000186279746254,0.0126367150411,2.66052046546e-06,2.62444394876e-06,2.9351140287e-06,3.27731762586e-06,3.309096845e-06,3.8370254491e-06,0.00447770736519,0.00680118880012,0.408620664825,2.30781265157e-06,2.30948824589e-06,2.31678684746e-06,2.78177674279e-06,2.91739844882e-06,5.3220728755e-06,0.02105303757,2.70904263658e-05,0.54610214238,0.0
