-10.0 -10.0,-10.0 0.0,-10.0 10.0,0.0 -10.0,0.0 0.0,0.0 10.0,10.0 -10.0,10.0 0.0,10.0 10.0,other
0.111111111111,0.111111111111,0.111111111111,0.111111111111,0.111111111111,0.111111111111,0.111111111111,0.111111111111,0.111111111111,0.0
0.105705988384,0.105836191338,0.103812113072,0.138238221335,0.130295702101,0.104861057539,0.103750358522,0.103750353115,0.103750014593,0.0
0.099868000989,0.100128979142,0.0962382210861,0.167058874676,0.149322249833,0.0992433830492,0.0960469224761,0.0960469166489,0.0960464520994,0.0
0.0939170951927,0.0943028073164,0.0888986160084,0.195253888628,0.166639894048,0.0956988093041,0.0884297919721,0.0884297872087,0.0884293103221,0.0
0.0882007618134,0.0886940590623,0.0824145169116,0.219682982748,0.180404325868,0.0964273162216,0.0813921607334,0.0813921571188,0.0813917195223,0.0
0.082956857931,0.0835270027162,0.0772603461704,0.237283894975,0.189034706494,0.104004356226,0.0753110740275,0.0753110712763,0.0753106901827,0.0
0.0781729873365,0.0787803222828,0.0733906595667,0.246412396856,0.19188536035,0.12068144737,0.070225717222,0.0702257150521,0.070225393963,0.0
0.0736285542754,0.0742330093287,0.0702552106078,0.24679339888,0.189025562504,0.148461296485,0.0658677425246,0.0658677407112,0.0658674846832,0.0
0.0690636006626,0.0696300067597,0.0671724491479,0.238401629217,0.180542963491,0.189521563442,0.0618893198259,0.0618893180984,0.0618891493557,0.0
0.0643001769877,0.0648006467485,0.0636204510687,0.221181993869,0.166478938631,0.245567041193,0.0580169174059,0.0580169150757,0.058016919021,0.0
0.0593246516847,0.0597405958559,0.0594115281411,0.195883613435,0.147434104469,0.315816507206,0.0541294825987,0.0541294768584,0.0541300397524,0.0
0.0543476980462,0.054671825997,0.054777546006,0.165142578947,0.125257880612,0.394868130949,0.0503103548671,0.0503103315049,0.0503136530706,0.0
0.0497593029966,0.0499961454624,0.050251980905,0.133408517369,0.102934382063,0.473188248351,0.0468138013761,0.0468136841459,0.04683393733,0.0
0.0459409460404,0.0461043476361,0.0463667262881,0.105187052413,0.0833921288266,0.541150375749,0.0439129576245,0.0439123875453,0.0440330778769,0.0
0.0430844718717,0.0431927015651,0.0434106707707,0.0832021211449,0.068324762224,0.592960156845,0.0417507800684,0.041748538915,0.0423257965953,0.0
0.0411502632118,0.0412210648257,0.0413891265949,0.0679212257944,0.057925732947,0.627546473247,0.0402999419051,0.0402934585504,0.0422527129236,0.0
0.0399263828838,0.0399734792658,0.0401018473585,0.0580835563325,0.0512637631308,0.647739792356,0.0394006700082,0.0393867141858,0.0441237944786,0.0
0.0391604050929,0.0391926577407,0.0392926586346,0.051859303272,0.0470628511025,0.657994640354,0.0388594792344,0.0388352816677,0.0477427229016,0.0
0.038667359994,0.0386900557726,0.0387701072772,0.0478311370033,0.044350015257,0.661915168195,0.038534580778,0.038497972262,0.0527436034613,0.0
0.0383381466374,0.0383544612952,0.0384202918387,0.0451429044403,0.0425416023861,0.661719605748,0.0383437662039,0.0382927772247,0.058846444226,0.0
0.0381112487278,0.0381231670505,0.0381786731728,0.0433068165506,0.0413062782522,0.658686914214,0.0382428042078,0.0381752865915,0.0658688112332,0.0
0.0379510177015,0.0379598343072,0.0380077249408,0.0420403030025,0.040452396391,0.653576427981,0.0382088187401,0.0381221754955,0.07368130144,0.0
0.0378358231314,0.0378424141356,0.0378846168095,0.0411745738052,0.0398653899189,0.646872081231,0.0382314467564,0.0381224395356,0.0821712146768,0.0
0.0377519363187,0.037756912693,0.0377948240751,0.0406071182896,0.0394753516201,0.638915328419,0.0383085465213,0.038173170211,0.0912168118528,0.0
0.0376903021338,0.037694100654,0.0377287435497,0.0402768945116,0.0392400972135,0.629981476707,0.0384441367357,0.0382775897536,0.100666658741,0.0
0.0376447588283,0.0376476986523,0.037679822662,0.0401510076079,0.0391360316575,0.620328332588,0.0386471949518,0.0384440143255,0.110321138726,0.0
0.0376110082732,0.0376133276583,0.0376434752097,0.040217098375,0.0391528857425,0.610230086659,0.0389302764701,0.0386847386494,0.119917102963,0.0
0.0375859921338,0.0375878730618,0.0376164242641,0.0404780576469,0.0392900512796,0.599999868842,0.0393069021544,0.0390137826933,0.129121047924,0.0
0.0375674974909,0.0375690824321,0.0375962883312,0.0409466210076,0.0395529169696,0.589998402868,0.0397867421976,0.0394424264983,0.137540022205,0.0
0.0375538980353,0.0375553011225,0.0375813133999,0.0416379501992,0.0399480238245,0.580624156945,0.0403684233135,0.0399721363468,0.144758796814,0.0
0.0375439790415,0.0375452928421,0.0375701969218,0.042559266298,0.0404765497307,0.572284582207,0.041031734168,0.0405864049816,0.150401993809,0.0
0.0375368159512,0.0375381145379,0.03756197064,0.0436972269091,0.0411267542688,0.565357129855,0.0417332621286,0.0412455166077,0.154203209102,0.0
0.0375316878153,0.0375330268022,0.0375559186605,0.0450055533629,0.0418671847961,0.560153883612,0.0424097099215,0.0418888757263,0.156054159303,0.0
0.0375280149727,0.0375294295165,0.0375515134156,0.0463969422173,0.0426432200704,0.556896381644,0.0429898626183,0.0424464376815,0.156018197863,0.0
0.0375253183348,0.0375268207189,0.0375483596345,0.0477446500636,0.0433798731672,0.555693175102,0.0434114472612,0.0428557151191,0.154314640599,0.0
0.0375232027501,0.0375247817988,0.0375461446789,0.0488993895762,0.0439932612499,0.556508179904,0.0436365580568,0.0430777405784,0.151290741407,0.0
0.0375213637274,0.037522988248,0.0375446004945,0.049722951631,0.0444102801118,0.55912194027,0.04366014886,0.0431060111413,0.147389715516,0.0
0.037519605114,0.0375212320667,0.0375434856091,0.0501291846199,0.0445902866844,0.563112350152,0.0435090130594,0.0429656172155,0.143109225479,0.0
0.0375178453932,0.0375194308001,0.0375425910192,0.0501120088186,0.0445378256182,0.567891964959,0.0432321868431,0.0427036320198,0.138942514529,0.0
0.0375160964626,0.0375176051064,0.0375417606606,0.0497427440712,0.0442982803119,0.572812472843,0.0428868782423,0.0423751146029,0.1353090477,0.0
0.0375144205557,0.0375158312005,0.0375409066101,0.049138696978,0.0439391877162,0.577296536498,0.0425255042599,0.0420303879425,0.132498528239,0.0
0.0375128871845,0.0375141928117,0.0375400049739,0.048423593851,0.0435288238326,0.580934513741,0.0421879728645,0.0417076055995,0.130650405141,0.0
0.0375115473262,0.0375127521985,0.0375390753912,0.0476999058381,0.0431221744712,0.583513147349,0.0418999058286,0.0414311528962,0.129770338701,0.0
0.0375104265774,0.0375115423786,0.0375381570042,0.0470389096539,0.0427565595771,0.58498893475,0.0416747619469,0.0412137997119,0.1297669084,0.0
0.0375095294298,0.0375105718983,0.0375372906917,0.046483093261,0.0424535797717,0.585438667588,0.0415172668544,0.0410600611116,0.130489939394,0.0
0.0375088466854,0.0375098332071,0.0375365098709,0.0460533363877,0.0422232850897,0.58501204586,0.0414264629945,0.040969146037,0.131760533868,0.0
0.0375083617274,0.0375093097963,0.0375358376533,0.045756020913,0.0420680799054,0.583896235593,0.0413977750347,0.040936928638,0.133391450739,0.0
0.0375080544353,0.0375089807121,0.037535287343,0.0455882204144,0.0419854841396,0.582292322273,0.0414241462483,0.0409570071343,0.1352004973,0.0
0.0375079030124,0.0375088227169,0.0375348641187,0.0455408277357,0.0419697490351,0.580400081485,0.0414965600547,0.0410211577337,0.137020034107,0.0
0.0375078844263,0.0375088108793,0.0375345667611,0.0456001366255,0.0420126473852,0.57840751888,0.0416043022955,0.0411195297075,0.138704603039,0.0
0.0375079741747,0.0375089183871,0.037534388981,0.045748532931,0.0421038152916,0.57648283494,0.0417352675497,0.0412408804998,0.140137387245,0.0
0.0375081459853,0.0375091162723,0.0375343202801,0.0459649018401,0.0422309850227,0.574767692144,0.0418765123634,0.0413730569197,0.141235269172,0.0
0.0375083719267,0.0375093735821,0.0375343464722,0.0462252430242,0.0423803755965,0.573371537806,0.0420151239633,0.041503799809,0.14195182782,0.0
0.0375086232376,0.0375096583457,0.0375344500796,0.0465038227138,0.0425374063645,0.572367255024,0.0421393261718,0.0416218037001,0.142277654363,0.0
0.0375088719493,0.0375099394203,0.03753461086,0.0467749720659,0.0426877670787,0.571788682605,0.0422396232497,0.0417178382913,0.14223769448,0.0
0.0375090930962,0.0375101889891,0.0375348066902,0.0470153778586,0.0428187287184,0.571630645927,0.0423097283022,0.0417856787243,0.141885751694,0.0
0.0375092670487,0.0375103851886,0.0375350149265,0.0472064622828,0.0429204493346,0.571852064702,0.0423470565923,0.0418226207492,0.141296679175,0.0
0.0375093813689,0.0375105141941,0.0375352141846,0.0473363068105,0.0429869693006,0.572382373802,0.0423526729706,0.0418294638995,0.140557103469,0.0
0.0375094316623,0.0375105711774,0.0375353862703,0.0474006233188,0.0430166387781,0.573130886453,0.0423307248212,0.041809988305,0.139755749214,0.0
0.0375094211844,0.0375105598669,0.0375355178552,0.0474025219663,0.0430118707603,0.573997993884,0.0422875149019,0.0417700746252,0.138974524956,0.0
0.0375093593358,0.0375104908603,0.0375356014988,0.0473511740244,0.0429783058845,0.574886538597,0.0422304317046,0.0417166802776,0.138281417817,0.0
0.0375092594788,0.0375103791796,0.0375356357873,0.0472597637286,0.0429236260151,0.57571160842,0.0421669460149,0.0416568764294,0.137725904946,0.0
0.037509136617,0.0375102416725,0.0375356246175,0.0471432454543,0.0428563039002,0.576407441256,0.0421038186229,0.0415970871951,0.137337100665,0.0
0.037509005386,0.0375100947628,0.0375355758681,0.0470163532068,0.0427845248539,0.576930900048,0.0420465800345,0.041542589824,0.137124376016,0.0
0.0375088786005,0.0375099528248,0.0375354998079,0.0468921242939,0.0427154093156,0.577261741794,0.0419992711843,0.0414972646122,0.137079857567,0.0
0.0375087664009,0.0375098272299,0.0375354075557,0.046781002044,0.0426545584605,0.577400409479,0.0419643921107,0.0414635427608,0.137182093959,0.0
0.0375086759091,0.0375097259616,0.0375353098064,0.046690444649,0.0426058743013,0.577364249757,0.0419429938752,0.0414424895993,0.137400236142,0.0
0.0375086112473,0.0375096536389,0.0375352159131,0.0466249075343,0.0425715780269,0.577182980138,0.0419348577367,0.0414339695401,0.137698226225,0.0
0.037508573787,0.037509611796,0.0375351333229,0.0465860672888,0.0425523541933,0.576894029621,0.0419387224893,0.0414368558604,0.138038651642,0.0
0.0375085625262,0.0375095993059,0.037535067313,0.0465731865211,0.0425475672267,0.576538165257,0.041952536682,0.0414492639046,0.138386051263,0.0
0.0375085745366,0.0375096128827,0.0375350209548,0.046583556275,0.0425555173516,0.576155651207,0.0419737224946,0.0414687960876,0.138709548211,0.0
0.037508605449,0.0375096476259,0.0375349952442,0.0466129814799,0.0425737182298,0.575783079036,0.0419994415925,0.0414927904005,0.138984740942,0.0
0.0375086499617,0.0375096975909,0.0375349893472,0.0466562902234,0.0425991860382,0.575450945869,0.0420268520779,0.0415185626903,0.139194826201,0.0
0.0375087023562,0.0375097563669,0.0375350009262,0.0467078504305,0.0426287303978,0.575182020418,0.0420533425361,0.0415436295876,0.13933096698,0.0
0.0375087569989,0.0375098176402,0.0375350265222,0.0467620721838,0.0426592341597,0.574990507874,0.0420767270206,0.041565896442,0.139391961158,0.0
0.0375088087982,0.0375098757058,0.0375350619704,0.0468138661066,0.042687904832,0.574881991372,0.042095385631,0.0415837950338,0.13938331055,0.0
0.0375088535818,0.0375099258907,0.0375351028264,0.0468590234204,0.0427124783242,0.574854085811,0.0421083398185,0.0415963599123,0.139315830415,0.0
0.0375088883596,0.0375099648475,0.0375351447725,0.0468944852981,0.0427313576257,0.574897691461,0.042115258976,0.0416032393102,0.139203969349,0.0
0.0375089114509,0.0375099906973,0.0375351839766,0.0469184791678,0.0427436753768,0.574998687661,0.0421164035221,0.0416046449969,0.13906402315,0.0
0.0375089224702,0.0375100030125,0.0375352173715,0.0469305159204,0.042749278799,0.57513987143,0.0421125174535,0.0416012530941,0.138912420449,0.0
0.0375089221855,0.0375100026581,0.0375352428342,0.0469312605442,0.0427486457694,0.575302931707,0.0421046885103,0.0415940730288,0.138764232763,0.0
0.03750891228,0.0375099915241,0.0375352592541,0.0469223048261,0.0427427493583,0.57547026235,0.0420941957917,0.0415843035887,0.138632021027,0.0
0.0375088950571,0.0375099721948,0.0375352664945,0.0469058806897,0.0427328929945,0.575626454825,0.0420823630326,0.0415731935711,0.138525081141,0.0
0.0375088731308,0.0375099476015,0.0375352652649,0.046884554928,0.0427205389405,0.575759366967,0.0420704317223,0.0415619206973,0.138449100748,0.0
0.0375088491364,0.0375099206984,0.0375352569293,0.0468609413264,0.042707149559,0.575860726229,0.0420594630935,0.0415514975402,0.138406195488,0.0
0.0375088254892,0.0375098941923,0.0375352432814,0.0468374568839,0.0426940553865,0.575926283111,0.0420502729298,0.0415427083445,0.138395260382,0.0
0.0375088042046,0.0375098703411,0.0375352263152,0.0468161379377,0.0426823578976,0.575955574958,0.0420433989297,0.0415360766007,0.138412552816,0.0
0.0375087867852,0.0375098508276,0.0375352080155,0.0467985219155,0.0426728693396,0.575951388355,0.0420390973896,0.0415318603945,0.138452416977,0.0
0.0375087741716,0.0375098367044,0.0375351901832,0.04678559258,0.042666087825,0.575919020289,0.0420373641761,0.0415300708567,0.138508063214,0.0
0.037508766749,0.0375098284014,0.0375351743066,0.0467777813987,0.0426622031583,0.575865437213,0.0420379741148,0.0415305082374,0.138572326421,0.0
0.0375087643987,0.037509825784,0.0375351614808,0.0467750147553,0.0426611274025,0.575798421141,0.042040532713,0.0415328099243,0.1386383424,0.0
0.0375087665832,0.0375098282481,0.0375351523735,0.0467767954699,0.0426625436133,0.575725776625,0.0420445343216,0.0415365048834,0.138700097882,0.0
0.0375087724526,0.0375098348401,0.0375351472325,0.0467823069032,0.0426659661385,0.575654654786,0.0420494212746,0.0415410693832,0.13875282699,0.0
0.0375087809618,0.0375098443877,0.0375351459263,0.0467905283412,0.0426708061637,0.575591032364,0.0420546391831,0.0415459794258,0.138793243247,0.0
0.0375087909871,0.0375098556311,0.0375351480108,0.04680035117,0.042676436696,0.575539366039,0.0420596843905,0.0415507560609,0.138819611015,0.0
0.0375088014343,0.0375098673436,0.0375351528127,0.0468106865467,0.042682251889,0.57550242584,0.042064140621,0.0415550006982,0.138831672815,0.0
0.0375088113286,0.0375098784331,0.0375351595195,0.0468205568605,0.042687716565,0.575481296839,0.0420677030466,0.0415584186438,0.138830458764,0.0
0.0375088198834,0.0375098880184,0.03753516727,0.0468291653087,0.0426924029662,0.575475526117,0.0420701892614,0.0415608302829,0.138818010892,0.0
0.0375088265427,0.037509895477,0.0375351752354,0.0468359402799,0.0426960131334,0.575483382768,0.0420715378839,0.0415621705041,0.138797058176,0.0
0.0375088309975,0.0375099004633,0.0375351826875,0.046840553787,0.0426983867426,0.575502193079,0.042071796564,0.0415624779823,0.138770677697,0.0
0.0375088331775,0.0375099028995,0.0375351890481,0.0468429156422,0.042699495582,0.575528711157,0.0420711019468,0.041561876694,0.138741973853,0.0
0.0375088332235,0.0375099029439,0.0375351939184,0.0468431471526,0.0426994269727,0.575559487226,0.04206965457,0.0415605524642,0.138713801528,0.0
0.0375088314435,0.0375099009425,0.0375351970887,0.0468415395926,0.0426983591975,0.575591201018,0.0420676917324,0.041558727424,0.138688551561,0.0
0.0375088282613,0.0375098973706,0.0375351985294,0.0468385034653,0.042696532353,0.575620935329,0.0420654611121,0.0415566350241,0.138668008555,0.0
0.0375088241616,0.0375098927719,0.0375351983671,0.0468345145801,0.042694217983,0.575646373883,0.0420631974104,0.041554497787,0.138653283056,0.0
0.0375088196384,0.0375098877,0.037535196851,0.046830062359,0.0426916904478,0.575665916857,0.0420611036561,0.0415525093772,0.138644813113,0.0
0.0375088151499,0.0375098826687,0.0375351943127,0.0468256047152,0.0426892023576,0.575678716035,0.0420593381109,0.0415508219136,0.138642424737,0.0
0.0375088110838,0.037509878112,0.0375351911244,0.0468215325343,0.0426869656357,0.575684638485,0.0420580070652,0.0415495388295,0.13864543713,0.0
0.0375088077335,0.0375098743589,0.0375351876608,0.0468181454091,0.0426851390138,0.575684172784,0.0420571632445,0.0415487130479,0.138652796747,0.0
0.0375088052871,0.0375098716195,0.0375351842653,0.0468156390101,0.0426838220552,0.575678294692,0.0420568091081,0.0415483498157,0.138663224147,0.0
0.0375088038258,0.0375098699848,0.0375351812251,0.0468141033897,0.042683055218,0.575668310171,0.0420569040184,0.0415484132491,0.138675358919,0.0
0.0375088033333,0.0375098694359,0.0375351787538,0.0468135306987,0.0426828250337,0.575655692812,0.0420573740868,0.0415488354774,0.138687890368,0.0
0.0375088037109,0.0375098698621,0.0375351769844,0.0468138302327,0.0426830731864,0.575641930646,0.0420581234601,0.0415495272179,0.138699664699,0.0
0.0375088047986,0.0375098710838,0.0375351759688,0.0468148484358,0.042683708139,0.57562839419,0.0420590458692,0.0415503886695,0.138709762845,0.0
0.0375088063977,0.0375098728781,0.0375351756857,0.0468163914233,0.0426846179412,0.575616234041,0.0420600354091,0.0415513197422,0.138717546482,0.0
0.0375088082938,0.0375098750046,0.0375351760529,0.0468182477336,0.0426856829495,0.575606312552,0.0420609957311,0.0415522288356,0.138722672846,0.0
0.0375088102777,0.0375098772288,0.0375351769433,0.0468202093193,0.0426867873785,0.575599170553,0.0420618470758,0.0415530396122,0.138725081611,0.0
0.0375088121631,0.0375098793419,0.0375351782028,0.0468220892171,0.0426878288538,0.575595026932,0.0420625308417,0.0415536954604,0.138724958987,0.0
0.0375088137993,0.0375098811752,0.0375351796674,0.0468237348353,0.0426887254176,0.575593806378,0.0420630116422,0.0415541615861,0.138722685498,0.0
0.0375088150794,0.037509882609,0.037535181179,0.0468250363207,0.0426894197394,0.575595188812,0.0420632770286,0.0415544248877,0.138718774345,0.0
0.0375088159434,0.0375098835761,0.0375351825985,0.0468259299725,0.04268988056,0.575598673045,0.0420633352388,0.0415544919442,0.138713807121,0.0
0.0375088163764,0.03750988406,0.0375351838151,0.0468263971109,0.0426901016371,0.57560364707,0.0420632114563,0.041554385566,0.138708372909,0.0
0.0375088164034,0.037509884089,0.0375351847519,0.0468264591527,0.0426900986447,0.575609457819,0.0420629431252,0.0415541404223,0.138703015592,0.0
0.0375088160814,0.0375098837269,0.0375351853678,0.0468261698778,0.0426899045981,0.57561547438,0.0420625748731,0.0415537982651,0.138698192829,0.0
0.0375088154897,0.0375098830627,0.0375351856558,0.0468256059793,0.0426895644213,0.575621140029,0.0420621535474,0.0415534032327,0.138694248582,0.0
0.0375088147195,0.0375098821987,0.0375351856386,0.0468248569838,0.042689129264,0.575626010158,0.0420617237856,0.0415529976321,0.138691399619,0.0
0.0375088138643,0.0375098812397,0.0375351853624,0.0468240155229,0.0426886511063,0.575629774821,0.0420613244301,0.0415526185024,0.138689735151,0.0
0.0375088130113,0.0375098802836,0.0375351848891,0.0468231687628,0.0426881780834,0.575632266169,0.0420609859779,0.0415522951455,0.138689227677,0.0
0.037508812235,0.0375098794136,0.0375351842891,0.0468223915732,0.0426877508347,0.575633452347,0.042060729135,0.0415520476961,0.138689752476,0.0
0.0375088115919,0.0375098786932,0.0375351836334,0.0468217417784,0.0426874000468,0.575633420374,0.0420605644398,0.0415518867037,0.138691112739,0.0
0.037508811119,0.0375098781636,0.0375351829875,0.0468212575969,0.0426871452277,0.575632351129,0.04206049283,0.0415518136134,0.138693067333,0.0
0.0375088108326,0.0375098778431,0.0375351824065,0.0468209571717,0.0426869946382,0.575630489791,0.0420605069651,0.0415518219714,0.138695358381,0.0
0.0375088107305,0.0375098777294,0.0375351819317,0.046820839922,0.0426869462158,0.575628114986,0.0420605930781,0.0415518991441,0.138697736263,0.0
0.0375088107949,0.037509877802,0.0375351815892,0.0468208893334,0.042686989265,0.575625509527,0.0420607331185,0.0415520283251,0.138699980245,0.0
0.0375088109956,0.0375098780275,0.0375351813895,0.0468210767292,0.0426871066534,0.575622935071,0.0420609069555,0.0415521906142,0.138701913564,0.0
0.0375088112952,0.0375098783637,0.0375351813294,0.0468213655547,0.0426872772497,0.575620612323,0.0420610944423,0.0415523669754,0.138703412467,0.0
0.0375088116531,0.0375098787651,0.0375351813935,0.0468217157224,0.0426874783553,0.57561870772,0.0420612771805,0.0415525399221,0.138704409288,0.0
0.0375088120294,0.037509879187,0.0375351815583,0.0468220876334,0.0426876879174,0.575617326803,0.0420614398743,0.04155269482,0.138704890177,0.0
0.0375088123885,0.0375098795895,0.0375351817945,0.0468224455697,0.0426878863641,0.575616513874,0.0420615712159,0.041552820752,0.138704888452,0.0
0.0375088127015,0.0375098799402,0.037535182071,0.0468227602526,0.0426880579546,0.575616257066,0.0420616642931,0.0415529109302,0.138704474791,0.0
0.0375088129478,0.037509880216,0.0375351823579,0.0468230104646,0.0426881915974,0.575616497587,0.0420617165523,0.0415529626878,0.138703745589,0.0
0.0375088131155,0.0375098804038,0.0375351826283,0.04682318373,0.0426882811422,0.575617141715,0.0420617293852,0.04155297711,0.13870281077,0.0
0.0375088132014,0.0375098804998,0.0375351828612,0.0468232761302,0.0426883251969,0.575618074102,0.0420617074311,0.0415529583912,0.138701782186,0.0
0.0375088132101,0.0375098805092,0.0375351830416,0.0468232913966,0.0426883265541,0.575619171032,0.0420616576954,0.0415529130134,0.138700763547,0.0
0.0375088131519,0.0375098804438,0.0375351831613,0.0468232394664,0.0426882913353,0.575620312468,0.0420615885911,0.0415528488439,0.138699842538,0.0
0.0375088130418,0.0375098803203,0.0375351832189,0.0468231347055,0.0426882279687,0.575621392021,0.0420615089964,0.041552774245,0.138699085482,0.0
0.037508812897,0.0375098801578,0.0375351832182,0.0468229940036,0.0426881461135,0.575622324267,0.0420614274097,0.0415526972688,0.138698534664,0.0
0.0375088127353,0.0375098799765,0.037535183168,0.0468228349264,0.0426880556351,0.575623049159,0.0420613512613,0.0415526249985,0.13869820814,0.0
0.0375088125732,0.0375098797948,0.0375351830798,0.0468226740798,0.0426879657112,0.575623533573,0.0420612864193,0.04155256307,0.138698101699,0.0
0.037508812425,0.0375098796287,0.0375351829668,0.046822525797,0.0426878841292,0.575623770268,0.0420612369048,0.0415525153903,0.13869819249,0.0
0.0375088123017,0.0375098794905,0.0375351828427,0.0468224012163,0.0426878168083,0.575623774739,0.0420612048101,0.0415524840488,0.138698443742,0.0
0.0375088122103,0.0375098793882,0.0375351827199,0.0468223077738,0.0426877675545,0.575623580536,0.0420611903974,0.0415524693999,0.13869881002,0.0
0.0375088121543,0.0375098793255,0.0375351826089,0.0468222490946,0.0426877380367,0.575623233688,0.0420611923435,0.0415524702857,0.138699242462,0.0
0.0375088121333,0.0375098793021,0.0375351825178,0.046822225232,0.0426877279531,0.575622786854,0.0420612080874,0.0415524843584,0.138699693562,0.0
0.0375088121441,0.0375098793143,0.0375351824515,0.0468222331857,0.0426877353459,0.575622293744,0.0420612342351,0.0415525084594,0.13870012112,0.0
0.0375088121811,0.0375098793558,0.0375351824124,0.0468222676098,0.042687757014,0.575621804268,0.0420612669783,0.0415525390145,0.138700491166,0.0
0.0375088122372,0.0375098794188,0.0375351823997,0.046822321624,0.0426877889754,0.575621360724,0.0420613024882,0.0415525724068,0.138700779726,0.0
0.0375088123047,0.0375098794945,0.0375351824109,0.0468223876392,0.0426878269292,0.575620995208,0.0420613372532,0.0415526053,0.13870097346,0.0
0.037508812376,0.0375098795745,0.0375351824413,0.0468224581252,0.0426878666787,0.575620728301,0.0420613683403,0.0415526348887,0.138701069275,0.0
0.0375088124444,0.0375098796511,0.0375351824856,0.0468225262612,0.0426879044834,0.575620568945,0.0420613935668,0.0415526590668,0.138701073096,0.0
0.0375088125043,0.0375098797182,0.0375351825378,0.0468225864286,0.0426879373196,0.575620515367,0.0420614115817,0.0415526765094,0.138700998033,0.0
0.0375088125516,0.0375098797713,0.0375351825922,0.046822634527,0.04268796304,0.575620556796,0.0420614218627,0.0415526866745,0.138700862184,0.0
0.0375088125842,0.0375098798077,0.0375351826437,0.0468226681115,0.042687980434,0.575620675723,0.0420614246403,0.0415526897362,0.13870068632,0.0
0.0375088126012,0.0375098798268,0.0375351826883,0.0468226863644,0.0426879891963,0.575620850414,0.0420614207682,0.0415526864648,0.138700491676,0.0
0.0375088126035,0.0375098798293,0.037535182723,0.0468226899292,0.0426879898218,0.575621057435,0.042061411557,0.041552678072,0.13870029803,0.0
0.0375088125931,0.0375098798175,0.0375351827463,0.0468226806407,0.0426879834449,0.575621273945,0.042061398593,0.0415526660408,0.138700122179,0.0
0.0375088125726,0.0375098797945,0.0375351827578,0.04682266119,0.042687971647,0.575621479612,0.0420613835591,0.0415526519557,0.138699976911,0.0
0.0375088125454,0.037509879764,0.0375351827581,0.0468226347644,0.0426879562527,0.575621658025,0.0420613680733,0.0415526373494,0.138699870468,0.0
0.0375088125148,0.0375098797297,0.037535182749,0.0468226046956,0.0426879391347,0.575621797555,0.0420613535567,0.0415526235761,0.138699806488,0.0
0.037508812484,0.0375098796952,0.0375351827326,0.0468225741472,0.0426879220427,0.575621891676,0.0420613411379,0.0415526117192,0.138699784365,0.0
0.0375088124557,0.0375098796635,0.0375351827113,0.0468225458622,0.0426879064686,0.575621938789,0.0420613315969,0.0415526025362,0.138699799917,0.0
0.0375088124321,0.037509879637,0.0375351826879,0.0468225219849,0.0426878935533,0.57562194164,0.0420613253481,0.0415525964398,0.138699846277,0.0
0.0375088124144,0.0375098796173,0.0375351826645,0.0468225039604,0.0426878840382,0.575621906451,0.0420613224569,0.0415525935123,0.138699914885,0.0
0.0375088124035,0.037509879605,0.0375351826433,0.0468224925104,0.0426878782591,0.575621841858,0.0420613226858,0.0415525935468,0.138699996488,0.0
0.0375088123992,0.0375098796002,0.0375351826258,0.046822487676,0.0426878761755,0.575621757812,0.0420613255586,0.0415525961073,0.138700082045,0.0
0.037508812401,0.0375098796022,0.037535182613,0.0468224889132,0.0426878774298,0.57562166451,0.0420613304376,0.0415526006007,0.138700163492,0.0
0.0375088124078,0.0375098796099,0.0375351826053,0.0468224952266,0.0426878814242,0.575621571468,0.0420613366027,0.0415526063512,0.138700234304,0.0
0.0375088124183,0.0375098796216,0.0375351826027,0.0468225053219,0.042687887409,0.57562148679,0.0420613433265,0.0415526126721,0.138700289838,0.0
0.037508812431,0.0375098796359,0.0375351826046,0.0468225177628,0.0426878945694,0.575621416663,0.042061349939,0.0415526189267,0.138700327468,0.0
0.0375088124445,0.0375098796511,0.0375351826102,0.0468225311182,0.0426879021072,0.575621365096,0.0420613558778,0.0415526245776,0.138700346517,0.0
0.0375088124575,0.0375098796657,0.0375351826185,0.0468225440856,0.0426879093076,0.575621333889,0.0420613607218,0.0415526292185,0.138700348036,0.0
0.037508812469,0.0375098796785,0.0375351826284,0.0468225555872,0.0426879155899,0.575621322797,0.0420613642071,0.0415526325909,0.138700334452,0.0
0.0375088124781,0.0375098796887,0.0375351826387,0.0468225648308,0.0426879205385,0.575621329852,0.0420613662272,0.0415526345851,0.138700309161,0.0
0.0375088124844,0.0375098796958,0.0375351826485,0.0468225713374,0.0426879239154,0.575621351783,0.0420613668196,0.0415526352281,0.138700276088,0.0
0.0375088124878,0.0375098796995,0.0375351826571,0.0468225749378,0.0426879256548,0.575621384497,0.0420613661411,0.041552634661,0.138700239263,0.0
0.0375088124883,0.0375098797002,0.0375351826637,0.0468225757417,0.0426879258437,0.575621423557,0.0420613644368,0.0415526331104,0.138700202458,0.0
0.0375088124865,0.037509879698,0.0375351826683,0.0468225740874,0.0426879246923,0.575621464616,0.0420613620057,0.0415526308555,0.13870016889,0.0
0.0375088124826,0.0375098796938,0.0375351826705,0.046822570479,0.0426879224972,0.575621503791,0.0420613591669,0.0415526281968,0.138700141023,0.0
0.0375088124775,0.037509879688,0.0375351826707,0.0468225655177,0.0426879196029,0.575621537927,0.0420613562281,0.0415526254258,0.138700120462,0.0
0.0375088124718,0.0375098796816,0.0375351826691,0.0468225598355,0.042687916365,0.575621564776,0.0420613534614,0.0415526228014,0.138700107939,0.0
0.0375088124659,0.037509879675,0.037535182666,0.0468225540348,0.042687913117,0.575621583052,0.0420613510835,0.0415526205319,0.138700103374,0.0
0.0375088124605,0.037509879669,0.037535182662,0.0468225486406,0.0426879101445,0.575621592409,0.0420613492457,0.0415526187639,0.138700106005,0.0
0.037508812456,0.0375098796639,0.0375351826576,0.0468225440655,0.0426879076675,0.575621593332,0.0420613480299,0.0415526175789,0.138700114549,0.0
0.0375088124526,0.0375098796601,0.0375351826531,0.04682254059,0.0426879058301,0.575621586973,0.0420613474516,0.0415526169953,0.138700127394,0.0
0.0375088124504,0.0375098796577,0.0375351826491,0.0468225383577,0.0426879046998,0.575621574953,0.0420613474682,0.0415526169763,0.138700142788,0.0
0.0375088124496,0.0375098796567,0.0375351826457,0.046822537382,0.042687904272,0.57562155915,0.0420613479913,0.0415526174411,0.138700159012,0.0
0.0375088124498,0.037509879657,0.0375351826432,0.0468225375648,0.0426879044816,0.5756215415,0.0420613489012,0.0415526182783,0.138700174524,0.0
0.0375088124511,0.0375098796584,0.0375351826417,0.0468225387208,0.042687905217,0.575621523818,0.0420613500616,0.0415526193602,0.138700188071,0.0
0.0375088124531,0.0375098796606,0.0375351826412,0.0468225406065,0.0426879063371,0.575621507656,0.0420613513344,0.0415526205564,0.138700198755,0.0
0.0375088124555,0.0375098796633,0.0375351826415,0.0468225429503,0.0426879076876,0.575621494205,0.0420613525919,0.0415526217454,0.13870020606,0.0
0.037508812458,0.0375098796662,0.0375351826426,0.0468225454802,0.0426879091167,0.575621484246,0.0420613537262,0.0415526228244,0.13870020984,0.0
0.0375088124605,0.037509879669,0.0375351826441,0.0468225479477,0.0426879104878,0.575621478141,0.0420613546561,0.041552623715,0.138700210279,0.0
0.0375088124627,0.0375098796714,0.037535182646,0.0468225501458,0.0426879116895,0.57562147586,0.04206135533,0.0415526243667,0.138700207828,0.0
0.0375088124644,0.0375098796734,0.0375351826479,0.0468225519217,0.0426879126413,0.575621477044,0.0420613557265,0.0415526247575,0.138700203123,0.0
0.0375088124657,0.0375098796748,0.0375351826498,0.0468225531817,0.0426879132965,0.575621481083,0.0420613558514,0.0415526248913,0.138700196905,0.0
0.0375088124663,0.0375098796755,0.0375351826514,0.0468225538909,0.0426879136411,0.575621487207,0.0420613557334,0.041552624794,0.13870018994,0.0
0.0375088124665,0.0375098796756,0.0375351826527,0.0468225540677,0.0426879136904,0.575621494574,0.0420613554184,0.0415526245078,0.138700182947,0.0
0.0375088124661,0.0375098796753,0.0375351826536,0.0468225537745,0.0426879134832,0.575621502359,0.0420613549627,0.0415526240854,0.13870017654,0.0
0.0375088124654,0.0375098796745,0.037535182654,0.0468225531057,0.042687913075,0.575621509819,0.0420613544268,0.0415526235837,0.138700171196,0.0
0.0375088124645,0.0375098796734,0.0375351826541,0.0468225521746,0.0426879125311,0.575621516349,0.0420613538692,0.0415526230581,0.138700167226,0.0
0.0375088124634,0.0375098796722,0.0375351826538,0.0468225511011,0.0426879119188,0.575621521514,0.042061353342,0.0415526225582,0.138700164777,0.0
0.0375088124623,0.0375098796709,0.0375351826532,0.0468225499999,0.0426879113017,0.57562152506,0.0420613528868,0.0415526221239,0.138700163841,0.0
0.0375088124612,0.0375098796698,0.0375351826525,0.0468225489713,0.0426879107345,0.575621526915,0.0420613525329,0.0415526217836,0.138700164279,0.0
0.0375088124604,0.0375098796688,0.0375351826516,0.0468225480949,0.0426879102595,0.575621527163,0.0420613522966,0.0415526215534,0.138700165851,0.0
0.0375088124597,0.0375098796681,0.0375351826508,0.0468225474251,0.0426879099049,0.575621526018,0.0420613521812,0.0415526214373,0.138700168255,0.0
0.0375088124593,0.0375098796676,0.03753518265,0.0468225469901,0.042687909684,0.575621523782,0.0420613521792,0.0415526214288,0.138700171158,0.0
0.0375088124591,0.0375098796674,0.0375351826494,0.0468225467939,0.0426879095967,0.575621520812,0.0420613522743,0.041552621513,0.138700174234,0.0
0.0375088124591,0.0375098796674,0.0375351826489,0.0468225468187,0.042687909631,0.575621517474,0.0420613524438,0.0415526216689,0.138700177188,0.0
0.0375088124594,0.0375098796677,0.0375351826486,0.04682254703,0.0426879097662,0.575621514115,0.0420613526622,0.0415526218724,0.138700179779,0.0
0.0375088124597,0.0375098796681,0.0375351826485,0.046822547382,0.0426879099757,0.57562151103,0.0420613529031,0.0415526220987,0.138700181834,0.0
0.0375088124602,0.0375098796686,0.0375351826485,0.0468225478234,0.0426879102304,0.575621508451,0.0420613531421,0.0415526223247,0.138700183251,0.0
0.0375088124607,0.0375098796692,0.0375351826487,0.0468225483026,0.0426879105013,0.575621506529,0.0420613533587,0.0415526225306,0.138700184,0.0
0.0375088124612,0.0375098796697,0.037535182649,0.046822548772,0.0426879107623,0.575621505335,0.0420613535372,0.0415526227015,0.138700184112,0.0
0.0375088124616,0.0375098796702,0.0375351826494,0.046822549192,0.0426879109921,0.575621504869,0.0420613536675,0.0415526228274,0.138700183671,0.0
0.0375088124619,0.0375098796705,0.0375351826497,0.0468225495331,0.0426879111751,0.575621505064,0.0420613537452,0.0415526229039,0.138700182796,0.0
0.0375088124621,0.0375098796708,0.0375351826501,0.0468225497769,0.0426879113022,0.575621505807,0.0420613537713,0.0415526229315,0.138700181628,0.0
0.0375088124623,0.037509879671,0.0375351826504,0.0468225499164,0.0426879113703,0.575621506953,0.0420613537509,0.041552622915,0.138700180311,0.0
0.0375088124623,0.037509879671,0.0375351826507,0.0468225499546,0.0426879113822,0.575621508342,0.0420613536928,0.0415526228623,0.138700178982,0.0
0.0375088124622,0.0375098796709,0.0375351826508,0.046822549903,0.0426879113451,0.575621509818,0.0420613536074,0.0415526227832,0.13870017776,0.0
0.0375088124621,0.0375098796708,0.0375351826509,0.0468225497791,0.0426879112692,0.575621511238,0.0420613535062,0.0415526226885,0.138700176735,0.0
0.0375088124619,0.0375098796706,0.0375351826509,0.0468225496044,0.0426879111671,0.575621512487,0.0420613534005,0.0415526225889,0.138700175969,0.0
0.0375088124617,0.0375098796703,0.0375351826509,0.0468225494017,0.0426879110513,0.57562151348,0.0420613533,0.0415526224937,0.13870017549,0.0
0.0375088124615,0.0375098796701,0.0375351826508,0.0468225491927,0.0426879109341,0.575621514168,0.0420613532129,0.0415526224106,0.1387001753,0.0
0.0375088124613,0.0375098796699,0.0375351826506,0.0468225489966,0.0426879108259,0.575621514535,0.0420613531448,0.0415526223451,0.138700175371,0.0
0.0375088124612,0.0375098796697,0.0375351826505,0.0468225488287,0.0426879107348,0.575621514596,0.0420613530989,0.0415526223004,0.13870017566,0.0
0.037508812461,0.0375098796696,0.0375351826503,0.0468225486997,0.0426879106664,0.57562151439,0.0420613530759,0.0415526222774,0.13870017611,0.0
0.0375088124609,0.0375098796695,0.0375351826502,0.046822548615,0.0426879106233,0.575621513975,0.0420613530746,0.0415526222748,0.138700176657,0.0
0.0375088124609,0.0375098796694,0.03753518265,0.0468225485757,0.0426879106055,0.575621513417,0.0420613530918,0.04155262229,0.13870017724,0.0
0.0375088124609,0.0375098796694,0.03753518265,0.0468225485785,0.042687910611,0.575621512786,0.0420613531234,0.041552622319,0.138700177802,0.0
0.037508812461,0.0375098796695,0.0375351826499,0.046822548617,0.0426879106358,0.575621512147,0.0420613531644,0.0415526223573,0.138700178298,0.0
0.037508812461,0.0375098796696,0.0375351826499,0.0468225486827,0.042687910675,0.575621511559,0.04206135321,0.0415526224001,0.138700178693,0.0
0.0375088124611,0.0375098796696,0.0375351826499,0.0468225487658,0.042687910723,0.575621511065,0.0420613532555,0.041552622443,0.138700178968,0.0
0.0375088124612,0.0375098796698,0.0375351826499,0.0468225488565,0.0426879107743,0.575621510694,0.0420613532968,0.0415526224823,0.138700179116,0.0
0.0375088124613,0.0375098796699,0.03753518265,0.0468225489458,0.042687910824,0.575621510461,0.042061353331,0.0415526225151,0.138700179142,0.0
0.0375088124614,0.0375098796699,0.03753518265,0.046822549026,0.042687910868,0.575621510366,0.0420613533562,0.0415526225394,0.138700179063,0.0
0.0375088124614,0.03750987967,0.0375351826501,0.0468225490915,0.0426879109031,0.575621510397,0.0420613533714,0.0415526225544,0.138700178901,0.0
0.0375088124615,0.0375098796701,0.0375351826502,0.0468225491387,0.0426879109278,0.575621510534,0.0420613533768,0.0415526225601,0.138700178681,0.0
0.0375088124615,0.0375098796701,0.0375351826502,0.0468225491661,0.0426879109412,0.575621510748,0.0420613533734,0.0415526225573,0.138700178432,0.0
0.0375088124615,0.0375098796701,0.0375351826503,0.0468225491742,0.042687910944,0.57562151101,0.0420613533626,0.0415526225476,0.13870017818,0.0
0.0375088124615,0.0375098796701,0.0375351826503,0.0468225491652,0.0426879109373,0.575621511289,0.0420613533467,0.0415526225328,0.138700177947,0.0
0.0375088124615,0.0375098796701,0.0375351826503,0.0468225491423,0.0426879109233,0.57562151156,0.0420613533276,0.0415526225149,0.13870017775,0.0
0.0375088124614,0.03750987967,0.0375351826503,0.0468225491095,0.0426879109041,0.575621511798,0.0420613533075,0.041552622496,0.138700177603,0.0
0.0375088124614,0.03750987967,0.0375351826503,0.0468225490712,0.0426879108822,0.575621511989,0.0420613532884,0.0415526224779,0.138700177509,0.0
0.0375088124614,0.0375098796699,0.0375351826503,0.0468225490316,0.0426879108599,0.575621512123,0.0420613532717,0.041552622462,0.13870017747,0.0
0.0375088124613,0.0375098796699,0.0375351826503,0.0468225489942,0.0426879108393,0.575621512195,0.0420613532586,0.0415526224494,0.138700177482,0.0
0.0375088124613,0.0375098796699,0.0375351826503,0.0468225489621,0.0426879108218,0.575621512209,0.0420613532497,0.0415526224408,0.138700177535,0.0
0.0375088124613,0.0375098796698,0.0375351826502,0.0468225489372,0.0426879108086,0.575621512173,0.0420613532451,0.0415526224362,0.138700177619,0.0
0.0375088124613,0.0375098796698,0.0375351826502,0.0468225489208,0.0426879108002,0.575621512096,0.0420613532447,0.0415526224355,0.138700177722,0.0
0.0375088124613,0.0375098796698,0.0375351826502,0.0468225489129,0.0426879107966,0.575621511991,0.0420613532478,0.0415526224383,0.138700177832,0.0
0.0375088124613,0.0375098796698,0.0375351826502,0.0468225489131,0.0426879107975,0.575621511871,0.0420613532537,0.0415526224437,0.13870017794,0.0
0.0375088124613,0.0375098796698,0.0375351826501,0.0468225489201,0.042687910802,0.57562151175,0.0420613532614,0.0415526224508,0.138700178034,0.0
0.0375088124613,0.0375098796698,0.0375351826501,0.0468225489323,0.0426879108093,0.575621511638,0.04206135327,0.0415526224589,0.13870017811,0.0
0.0375088124613,0.0375098796698,0.0375351826501,0.046822548948,0.0426879108184,0.575621511543,0.0420613532787,0.0415526224671,0.138700178163,0.0
0.0375088124613,0.0375098796699,0.0375351826501,0.0468225489651,0.0426879108281,0.575621511472,0.0420613532865,0.0415526224746,0.138700178193,0.0
0.0375088124613,0.0375098796699,0.0375351826502,0.0468225489821,0.0426879108376,0.575621511426,0.0420613532931,0.0415526224809,0.138700178199,0.0
0.0375088124613,0.0375098796699,0.0375351826502,0.0468225489974,0.042687910846,0.575621511407,0.042061353298,0.0415526224856,0.138700178185,0.0
0.0375088124614,0.0375098796699,0.0375351826502,0.04682254901,0.0426879108527,0.575621511412,0.042061353301,0.0415526224885,0.138700178155,0.0
0.0375088124614,0.0375098796699,0.0375351826502,0.0468225490191,0.0426879108575,0.575621511437,0.0420613533021,0.0415526224897,0.138700178113,0.0
0.0375088124614,0.0375098796699,0.0375351826502,0.0468225490245,0.0426879108602,0.575621511477,0.0420613533015,0.0415526224892,0.138700178066,0.0
0.0375088124614,0.0375098796699,0.0375351826502,0.0468225490262,0.0426879108608,0.575621511526,0.0420613532995,0.0415526224874,0.138700178018,0.0
0.0375088124614,0.0375098796699,0.0375351826502,0.0468225490246,0.0426879108596,0.575621511579,0.0420613532965,0.0415526224847,0.138700177974,0.0
0.0375088124614,0.0375098796699,0.0375351826502,0.0468225490204,0.042687910857,0.575621511631,0.0420613532929,0.0415526224813,0.138700177936,0.0
0.0375088124614,0.0375098796699,0.0375351826502,0.0468225490143,0.0426879108534,0.575621511676,0.0420613532891,0.0415526224777,0.138700177908,0.0
0.0375088124613,0.0375098796699,0.0375351826502,0.046822549007,0.0426879108492,0.575621511713,0.0420613532855,0.0415526224743,0.13870017789,0.0
0.0375088124613,0.0375098796699,0.0375351826502,0.0468225489995,0.042687910845,0.575621511739,0.0420613532823,0.0415526224712,0.138700177882,0.0
