0.0 0.0,0.0 1.0,0.0 2.0,0.0 3.0,0.0 4.0,1.0 0.0,1.0 1.0,1.0 2.0,1.0 3.0,1.0 4.0,2.0 0.0,2.0 1.0,2.0 2.0,2.0 3.0,2.0 4.0,3.0 0.0,3.0 1.0,3.0 2.0,3.0 3.0,3.0 4.0,4.0 0.0,4.0 1.0,4.0 2.0,4.0 3.0,4.0 4.0,other
0.04,0.04,0.04,0.04,0.04,0.04,0.04,0.04,0.04,0.04,0.04,0.04,0.04,0.04,0.04,0.04,0.04,0.04,0.04,0.04,0.04,0.04,0.04,0.04,0.04,0.0
0.0386217948718,0.0386217948718,0.0386217948718,0.0386217948718,0.0386217948973,0.0386217948718,0.0386217948718,0.0386217948718,0.0386217948718,0.0386217948718,0.0386217948718,0.0386217948718,0.0386217948718,0.0386217948718,0.0386217948718,0.0386217948718,0.0386217948718,0.0386217948718,0.0386217948718,0.0386217948718,0.0386217948745,0.0386218555245,0.0386217948748,0.0386218602484,0.0730767970164,0.0
0.036275395493,0.036275395493,0.036275395493,0.036275395493,0.0362753957418,0.036275395493,0.036275395493,0.036275395493,0.036275395493,0.036275395493,0.036275395493,0.036275395493,0.036275395493,0.036275395493,0.036275395493,0.036275395493,0.036275395493,0.036275395493,0.036275395493,0.036275395493,0.0362753955013,0.0362755416126,0.0362753954969,0.0362754738425,0.129390283438,0.0
0.0325968261211,0.0325968261211,0.0325968261211,0.0325968261211,0.0325968355155,0.0325968261211,0.0325968261211,0.0325968261211,0.0325968261211,0.0325968261211,0.0325968261211,0.0325968261211,0.0325968261211,0.0325968261211,0.0325968261211,0.0325968261211,0.0325968261211,0.0325968261211,0.0325968261211,0.0325968261211,0.0325968261485,0.0325971294463,0.0325968261247,0.0325968973273,0.217675789138,0.0
0.0275150810247,0.0275150810873,0.0275150810247,0.0275150810247,0.0275181467991,0.0275150810247,0.0275150810247,0.0275150810247,0.0275150810247,0.0275150810247,0.0275150810247,0.0275150810247,0.0275150810247,0.0275150810247,0.0275150810247,0.0275150810247,0.0275150810247,0.0275150810247,0.0275150810247,0.0275150810247,0.0275150811889,0.0275158204067,0.0275150810277,0.0275151395567,0.339634191489,0.0
0.0230665493993,0.0230672820399,0.0230665486443,0.0230665486445,0.0297326335763,0.0230665486443,0.0230665486443,0.0230665486443,0.0230665486443,0.0230665486443,0.0230665486443,0.0230665486443,0.0230665486443,0.0230665486443,0.0230665486443,0.0230665486443,0.0230665486443,0.0230665486443,0.0230665486443,0.0230665486443,0.0230665502827,0.023068609681,0.0230665486468,0.0230665960246,0.439733903395,0.0
0.0225105323179,0.0225194276266,0.0225105058867,0.0225105058869,0.0547849795021,0.0225105058867,0.0225105058867,0.0225105058867,0.0225105058867,0.0225105058867,0.0225105058867,0.0225105058867,0.0225105058867,0.0225105058867,0.0225105058867,0.0225105058867,0.0225105058867,0.0225105058867,0.0225105058867,0.0225105058867,0.0225105075135,0.0225125179697,0.0225105058891,0.022510551873,0.427462377234,0.0
0.0215543886184,0.0215679283133,0.0215543451318,0.0215543451319,0.0986272850858,0.0215543451318,0.0215543451318,0.0215543451318,0.0215543451318,0.0215543451318,0.0215543451318,0.0215543451318,0.0215543451318,0.0215543451318,0.0215543451318,0.0215543451318,0.0215543451318,0.0215543451318,0.0215543451318,0.0215543451318,0.0215543466843,0.0215562552873,0.021554345134,0.0215543887211,0.405607194916,0.0
0.0199930524325,0.0200076004518,0.0199930026498,0.01999300265,0.170544899066,0.0199930026498,0.0199930026498,0.0199930026498,0.0199930026498,0.0199930026498,0.0199930026498,0.0199930026498,0.0199930026498,0.0199930026498,0.0199930026498,0.0199930026498,0.0199930026498,0.0199930026498,0.0199930026498,0.0199930026498,0.0199930040642,0.0199947415522,0.0199930026518,0.0199930423249,0.36959961241,0.0
0.0176872423025,0.0177002368205,0.017687195929,0.0176871959299,0.276819065506,0.0176871959289,0.0176871959289,0.0176871959289,0.0176871959289,0.0176871959289,0.0176871959289,0.0176871959289,0.0176871959289,0.0176871959289,0.0176871959289,0.0176871959289,0.0176871959289,0.0176871959289,0.0176871959289,0.0176871959289,0.0176871971373,0.0176886814887,0.0176871959307,0.0176872298237,0.316360820198,0.0
0.0147559458346,0.0147661974763,0.0147559086116,0.0147559086306,0.411926252095,0.0147559086114,0.0147559086114,0.0147559086114,0.0147559086114,0.0147559086114,0.0147559086114,0.0147559086114,0.0147559086114,0.0147559086114,0.0147559086114,0.0147559086114,0.0147559086114,0.0147559086114,0.0147559086114,0.0147559086114,0.0147559095578,0.0147570720978,0.0147559086127,0.0147559351576,0.248676332756,0.0
0.0116665495741,0.0116738158349,0.0116665230967,0.0116665241665,0.554320571893,0.0116665230695,0.0116665230695,0.0116665230695,0.0116665230695,0.0116665230695,0.0116665230695,0.0116665230695,0.0116665230695,0.0116665230695,0.0116665230695,0.0116665230695,0.0116665230695,0.0116665230695,0.0116665230695,0.0116665230695,0.0116665237398,0.0116673471116,0.0116665230705,0.0116665418709,0.177341233599,0.0
0.00899187103956,0.00899654627568,0.00899185811673,0.00899193101424,0.67759992944,0.00899185396798,0.00899185396798,0.00899185396798,0.00899185396798,0.00899185396798,0.00899185396798,0.00899185396798,0.00899185396798,0.00899185396798,0.00899185396798,0.00899185396798,0.00899185396798,0.00899185396798,0.00899185396798,0.00899185396798,0.00899185439922,0.00899238413244,0.0089918539686,0.00899186606428,0.11558209603,0.0
0.00704368368086,0.00704647130737,0.00704398106269,0.00704660818824,0.767391275502,0.00704367349869,0.00704367349869,0.00704367349869,0.00704367349869,0.00704367349869,0.00704367349869,0.00704367349869,0.00704367349869,0.00704367349869,0.00704367349869,0.00704367349869,0.00704367349869,0.00704367349869,0.00704367349869,0.00704367349869,0.00704367375582,0.00704398960803,0.00704367349906,0.00704368071108,0.0705978602047,0.0
0.00580334066152,0.00580492648725,0.0058101214286,0.00584348348011,0.824516616868,0.00580333486826,0.00580333486826,0.00580333486826,0.00580333486826,0.00580333486826,0.00580333486826,0.00580333486826,0.00580333486826,0.00580333486826,0.00580333486826,0.00580333486826,0.00580333486826,0.00580333486826,0.00580333486826,0.00580333486826,0.00580333501453,0.00580351469616,0.00580333486847,0.00580333897123,0.0419579644999,0.0
0.00509619068915,0.00509709133577,0.00514374836212,0.00530654179959,0.856899105064,0.00509618739862,0.00509618739862,0.00509618739862,0.00509618739862,0.00509618739862,0.00509618739862,0.00509618739862,0.00509618739862,0.00509618739862,0.00509618739862,0.00509618739862,0.00509618739862,0.00509618739862,0.00509618739862,0.00509618739862,0.00509618748169,0.00509628952913,0.00509618739874,0.00509618972884,0.0256296576316,0.0
0.00471781879522,0.00471835282525,0.00486549586808,0.00528323333617,0.873883581055,0.00471781684395,0.00471781684395,0.00471781684395,0.00471781684395,0.00471781684395,0.00471781684395,0.00471781684395,0.00471781684395,0.00471781684395,0.00471781684395,0.00471781684395,0.00471781684395,0.00471781684395,0.00471781684395,0.00471781684395,0.00471781689321,0.00471787740124,0.00471781684402,0.00471781822563,0.0168929360965,0.0
0.00451004948085,0.0045103821964,0.00479966014857,0.00556022665438,0.882833246111,0.00451004826503,0.00451004826503,0.00451004826503,0.00451004826503,0.00451004826503,0.00451004826503,0.00451004826503,0.00451004826503,0.00451004826503,0.00451004826503,0.00451004826503,0.00451004826503,0.00451004826503,0.00451004826503,0.00451004826503,0.00451004829572,0.00451008599387,0.00451004826507,0.00451004912585,0.0120954797526,0.0
0.00438851914055,0.00438873410134,0.00483509626069,0.00599520106624,0.887721268317,0.00438851835494,0.00438851835494,0.00438851835494,0.00438851835494,0.00438851835494,0.00438851835494,0.00438851835494,0.00438851835494,0.00438851835494,0.00438851835494,0.00438851835494,0.00438851835494,0.00438851835494,0.00438851835494,0.00438851835494,0.00438851837476,0.00438854273075,0.00438851835496,0.0043885189111,0.00928930741818,0.0
0.00431348639392,0.00431362865297,0.00491540424919,0.0065147480045,0.890429705989,0.00431348587392,0.00431348587392,0.00431348587392,0.00431348587392,0.00431348587392,0.00431348587392,0.00431348587392,0.00431348587392,0.00431348587392,0.00431348587392,0.00431348587392,0.00431348587392,0.00431348587392,0.00431348587392,0.00431348587392,0.00431348588704,0.00431350200559,0.00431348587394,0.00431348624198,0.00755677859261,0.0
0.00426537111068,0.00426546674921,0.0050124104882,0.00707930946254,0.891889604486,0.00426537076102,0.00426537076102,0.00426537076102,0.00426537076102,0.00426537076102,0.00426537076102,0.00426537076102,0.00426537076102,0.00426537076102,0.00426537076102,0.00426537076102,0.00426537076102,0.00426537076102,0.00426537076102,0.00426537076102,0.00426537076984,0.00426538160607,0.00426537076103,0.00426537100846,0.00644578214244,0.0
0.00423371862329,0.00423378359265,0.00511164042523,0.0076650340267,0.892600249832,0.00423371838569,0.00423371838569,0.00423371838569,0.00423371838569,0.00423371838569,0.00423371838569,0.00423371838569,0.00423371838569,0.00423371838569,0.00423371838569,0.00423371838569,0.00423371838569,0.00423371838569,0.00423371838569,0.00423371838569,0.00423371839168,0.00423372575295,0.0042337183857,0.00423371855378,0.00571491663038,0.0
0.00421253567138,0.00421258011585,0.00520564684949,0.0082561601031,0.892849101574,0.00421253550877,0.00421253550877,0.00421253550877,0.00421253550877,0.00421253550877,0.00421253550877,0.00421253550877,0.00421253550877,0.00421253550877,0.00421253550877,0.00421253550877,0.00421253550877,0.00421253550877,0.00421253550877,0.00421253550877,0.00421253551287,0.00421254054858,0.00421253550878,0.00421253562376,0.00522579586067,0.0
0.00419819380352,0.00419822435166,0.00529082584445,0.00884171589164,0.892810718629,0.00419819369168,0.00419819369168,0.00419819369168,0.00419819369168,0.00419819369168,0.00419819369168,0.00419819369168,0.00419819369168,0.00419819369168,0.00419819369168,0.00419819369168,0.00419819369168,0.00419819369168,0.00419819369168,0.00419819369168,0.0041981936945,0.0041981971557,0.00419819369169,0.00419819377072,0.00489463779182,0.0
0.00418840658948,0.00418842765445,0.00536576416026,0.00941393504242,0.892595092317,0.00418840651229,0.00418840651229,0.00418840651229,0.00418840651229,0.00418840651229,0.00418840651229,0.00418840651229,0.00418840651229,0.00418840651229,0.00418840651229,0.00418840651229,0.00418840651229,0.00418840651229,0.00418840651229,0.00418840651229,0.00418840651424,0.00418840890095,0.0041884065123,0.00418840656679,0.00466864805796,0.0
0.00418169125405,0.0041817058123,0.00543030935063,0.0099673813142,0.892273188836,0.00418169120064,0.00418169120064,0.00418169120064,0.00418169120064,0.00418169120064,0.00418169120064,0.00418169120064,0.00418169120064,0.00418169120064,0.00418169120064,0.00418169120064,0.00418169120064,0.00418169120064,0.00418169120064,0.00418169120064,0.00418169120198,0.00418169285145,0.00418169120064,0.00418169123831,0.00451358893087,0.0
0.00417706637078,0.00417707644782,0.00548501456195,0.0104983867257,0.891891395406,0.00417706633375,0.00417706633375,0.00417706633375,0.00417706633375,0.00417706633375,0.00417706633375,0.00417706633375,0.00417706633375,0.00417706633375,0.00417706633375,0.00417706633375,0.00417706633375,0.00417706633375,0.00417706633375,0.00417706633375,0.00417706633468,0.00417706747641,0.00417706633375,0.00417706635982,0.00440679897672,0.0
0.00417387292388,0.00417387990667,0.00553079601871,0.0110046445249,0.891480159429,0.00417387289815,0.00417387289815,0.00417387289815,0.00417387289815,0.00417387289815,0.00417387289815,0.00417387289815,0.00417387289815,0.00417387289815,0.00417387289815,0.00417387289815,0.00417387289815,0.00417387289815,0.00417387289815,0.00417387289815,0.00417387289879,0.00417387368993,0.00417387289815,0.00417387291621,0.00433306132131,0.0
0.00417166388978,0.00417166873215,0.00556872034595,0.0114848922222,0.891059386627,0.00417166387187,0.00417166387187,0.00417166387187,0.00417166387187,0.00417166387187,0.00417166387187,0.00417166387187,0.00417166387187,0.00417166387187,0.00417166387187,0.00417166387187,0.00417166387187,0.00417166387187,0.00417166387187,0.00417166387187,0.00417166387232,0.00417166442093,0.00417166387187,0.0041716638844,0.0042820540555,0.0
0.00417013388349,0.00417013724339,0.0055998749428,0.0119386571909,0.890641927053,0.004170133871,0.004170133871,0.004170133871,0.004170133871,0.004170133871,0.004170133871,0.004170133871,0.004170133871,0.004170133871,0.004170133871,0.004170133871,0.004170133871,0.004170133871,0.004170133871,0.004170133871,0.00417013387131,0.00417013425195,0.004170133871,0.00417013387969,0.00424672574726,0.0
0.00416907324086,0.00416907557306,0.00562529263332,0.0123660516431,0.890235880041,0.00416907323212,0.00416907323212,0.00416907323212,0.00416907323212,0.00416907323212,0.00416907323212,0.00416907323212,0.00416907323212,0.00416907323212,0.00416907323212,0.00416907323212,0.00416907323212,0.00416907323212,0.00416907323212,0.00416907323212,0.00416907323234,0.00416907349654,0.00416907323212,0.00416907323816,0.00422223518803,0.0
0.00416833751345,0.00416833913278,0.00564591180387,0.0127676089202,0.889846142783,0.00416833750732,0.00416833750732,0.00416833750732,0.00416833750732,0.00416833750732,0.00416833750732,0.00416833750732,0.00416833750732,0.00416833750732,0.00416833750732,0.00416833750732,0.00416833750732,0.00416833750732,0.00416833750732,0.00416833750732,0.00416833750747,0.00416833769091,0.00416833750732,0.00416833751151,0.00420524701964,0.0
0.00416782694011,0.00416782806473,0.00566255934962,0.0131441547581,0.88947546125,0.00416782693579,0.00416782693579,0.00416782693579,0.00416782693579,0.00416782693579,0.00416782693579,0.00416782693579,0.00416782693579,0.00416782693579,0.00416782693579,0.00416782693579,0.00416782693579,0.00416782693579,0.00416782693579,0.00416782693579,0.00416782693589,0.00416782706327,0.00416782693579,0.0041678269387,0.0041934577266,0.0
0.00416747250409,0.00416747328528,0.00567594779113,0.0134967078386,0.889125147279,0.00416747250102,0.00416747250102,0.00416747250102,0.00416747250102,0.00416747250102,0.00416747250102,0.00416747250102,0.00416747250102,0.00416747250102,0.00416747250102,0.00416747250102,0.00416747250102,0.00416747250102,0.00416747250102,0.00416747250102,0.0041674725011,0.00416747258956,0.00416747250102,0.00416747250304,0.00418527369171,0.0
0.00416722640064,0.00416722694338,0.00568668070954,0.0138264043999,0.888795568824,0.00416722639845,0.00416722639845,0.00416722639845,0.00416722639845,0.00416722639845,0.00416722639845,0.00416722639845,0.00416722639845,0.00416722639845,0.00416722639845,0.00416722639845,0.00416722639845,0.00416722639845,0.00416722639845,0.00416722639845,0.0041672263985,0.00416722645995,0.00416722639845,0.00416722639985,0.0041795910886,0.0
0.00416705548934,0.00416705586647,0.00569526260796,0.0141344422014,0.888486484829,0.00416705548775,0.00416705548775,0.00416705548775,0.00416705548775,0.00416705548775,0.00416705548775,0.00416705548775,0.00416705548775,0.00416705548775,0.00416705548775,0.00416705548775,0.00416705548775,0.00416705548775,0.00416705548775,0.00416705548775,0.00416705548779,0.00416705553047,0.00416705548775,0.00416705548873,0.00417564469494,0.0
0.00416693678185,0.00416693704396,0.00570211068196,0.0144220397458,0.88819727318,0.00416693678068,0.00416693678068,0.00416693678068,0.00416693678068,0.00416693678068,0.00416693678068,0.00416693678068,0.00416693678068,0.00416693678068,0.00416693678068,0.00416693678068,0.00416693678068,0.00416693678068,0.00416693678068,0.00416693678068,0.0041669367807,0.00416693681036,0.00416693678068,0.00416693678136,0.00417290370305,0.0
0.00416685432508,0.0041668545073,0.0057075669361,0.0146904073102,0.887927084989,0.0041668543242,0.0041668543242,0.0041668543242,0.0041668543242,0.0041668543242,0.0041668543242,0.0041668543242,0.0041668543242,0.0041668543242,0.0041668543242,0.0041668543242,0.0041668543242,0.0041668543242,0.0041668543242,0.0041668543242,0.00416685432422,0.00416685434482,0.0041668543242,0.00416685432467,0.00417099975129,0.0
0.00416679704471,0.00416679717143,0.00571190973287,0.0149407269565,0.887674948113,0.00416679704404,0.00416679704404,0.00416679704404,0.00416679704404,0.00416679704404,0.00416679704404,0.00416679704404,0.00416679704404,0.00416679704404,0.00416679704404,0.00416679704404,0.00416679704404,0.00416679704404,0.00416679704404,0.00416679704404,0.00416679704405,0.00416679705836,0.00416679704404,0.00416679704436,0.00416967713025,0.0
0.00416675725143,0.00416675733959,0.00571536429128,0.0151741392662,0.887439835783,0.0041667572509,0.0041667572509,0.0041667572509,0.0041667572509,0.0041667572509,0.0041667572509,0.0041667572509,0.0041667572509,0.0041667572509,0.0041667572509,0.0041667572509,0.0041667572509,0.0041667572509,0.0041667572509,0.0041667572509,0.00416675725091,0.00416675726085,0.0041667572509,0.00416675725113,0.00416875829141,0.0
0.00416672960538,0.00416672966675,0.00571811192892,0.015391735029,0.887220711333,0.00416672960494,0.00416672960494,0.00416672960494,0.00416672960494,0.00416672960494,0.00416672960494,0.00416672960494,0.00416672960494,0.00416672960494,0.00416672960494,0.00416672960494,0.00416672960494,0.00416672960494,0.00416672960494,0.00416672960494,0.00416672960495,0.00416672961186,0.00416672960494,0.0041667296051,0.00416811993568,0.0
0.00416671039781,0.00416671044057,0.00572029801161,0.0155945505284,0.887016556638,0.00416671039744,0.00416671039744,0.00416671039744,0.00416671039744,0.00416671039744,0.00416671039744,0.00416671039744,0.00416671039744,0.00416671039744,0.00416671039744,0.00416671039744,0.00416671039744,0.00416671039744,0.00416671039744,0.00416671039744,0.00416671039745,0.00416671040225,0.00416671039744,0.00416671039755,0.0041676764271,0.0
0.00416669705262,0.00416669708245,0.00572203867356,0.0157835653921,0.88682638952,0.0041666970523,0.0041666970523,0.0041666970523,0.0041666970523,0.0041666970523,0.0041666970523,0.0041666970523,0.0041666970523,0.0041666970523,0.0041666970523,0.0041666970523,0.0041666970523,0.0041666970523,0.0041666970523,0.0041666970523,0.0041666970523,0.00416669705564,0.0041666970523,0.00416669705237,0.00416736828256,0.0
0.0041666877803,0.00416668780114,0.00572342642185,0.0159597022398,0.886649273752,0.00416668778001,0.00416668778001,0.00416668778001,0.00416668778001,0.00416668778001,0.00416668778001,0.00416668778001,0.00416668778001,0.00416668778001,0.00416668778001,0.00416668778001,0.00416668778001,0.00416668778001,0.00416668778001,0.00416668778001,0.00416668778001,0.00416668778233,0.00416668778001,0.00416668778006,0.00416715418187,0.0
0.00416668133769,0.00416668135229,0.00572453476087,0.0161238275593,0.886484324157,0.00416668133742,0.00416668133742,0.00416668133742,0.00416668133742,0.00416668133742,0.00416668133742,0.00416668133742,0.00416668133742,0.00416668133742,0.00416668133742,0.00416668133742,0.00416668133742,0.00416668133742,0.00416668133742,0.00416668133742,0.00416668133743,0.00416668133904,0.00416668133742,0.00416668133746,0.00416700542011,0.0
0.00416667686114,0.00416667687141,0.00572542197508,0.0162767533956,0.886330708483,0.00416667686089,0.00416667686089,0.00416667686089,0.00416667686089,0.00416667686089,0.00416667686089,0.00416667686089,0.00416667686089,0.00416667686089,0.00416667686089,0.00416667686089,0.00416667686089,0.00416667686089,0.00416667686089,0.00416667686089,0.00416667686089,0.00416667686201,0.00416667686089,0.00416667686092,0.00416690205526,0.0
0.00416667375063,0.00416667375788,0.00572613420171,0.0164192395555,0.886187647244,0.00416667375039,0.00416667375039,0.00416667375039,0.00416667375039,0.00416667375039,0.00416667375039,0.00416667375039,0.00416667375039,0.00416667375039,0.00416667375039,0.00416667375039,0.00416667375039,0.00416667375039,0.00416667375039,0.00416667375039,0.00416667375039,0.00416667375117,0.00416667375039,0.00416667375041,0.00416683023252,0.0
0.00416667158926,0.00416667159442,0.00572670791184,0.0165519961132,0.886054412273,0.00416667158903,0.00416667158903,0.00416667158903,0.00416667158903,0.00416667158903,0.00416667158903,0.00416667158903,0.00416667158903,0.00416667158903,0.00416667158903,0.00416667158903,0.00416667158903,0.00416667158903,0.00416667158903,0.00416667158903,0.00416667158903,0.00416667158957,0.00416667158903,0.00416667158904,0.00416678032596,0.0
0.0041666700874,0.0041666700911,0.00572717190422,0.0166756860675,0.885930324546,0.00416667008718,0.00416667008718,0.00416667008718,0.00416667008718,0.00416667008718,0.00416667008718,0.00416667008718,0.00416667008718,0.00416667008718,0.00416667008718,0.00416667008718,0.00416667008718,0.00416667008718,0.00416667008718,0.00416667008718,0.00416667008718,0.00416667008755,0.00416667008718,0.00416667008718,0.00416674564753,0.0
0.00416666904379,0.00416666904648,0.00572754890081,0.0167909280456,0.885814751585,0.00416666904357,0.00416666904357,0.00416666904357,0.00416666904357,0.00416666904357,0.00416666904357,0.00416666904357,0.00416666904357,0.00416666904357,0.00416666904357,0.00416666904357,0.00416666904357,0.00416666904357,0.00416666904357,0.00416666904357,0.00416666904357,0.00416666904383,0.00416666904357,0.00416666904358,0.00416672155032,0.0
0.00416666831861,0.00416666832059,0.00572785681925,0.0168982989854,0.885707104701,0.00416666831839,0.00416666831839,0.00416666831839,0.00416666831839,0.00416666831839,0.00416666831839,0.00416666831839,0.00416666831839,0.00416666831839,0.00416666831839,0.00416666831839,0.00416666831839,0.00416666831839,0.00416666831839,0.00416666831839,0.00416666831839,0.00416666831857,0.00416666831839,0.00416666831839,0.00416670480556,0.0
0.00416666781468,0.00416666781618,0.00572810978461,0.0169983367467,0.885606836193,0.00416666781447,0.00416666781447,0.00416666781447,0.00416666781447,0.00416666781447,0.00416666781447,0.00416666781447,0.00416666781447,0.00416666781447,0.00416666781447,0.00416666781447,0.00416666781447,0.00416666781447,0.00416666781447,0.00416666781447,0.00416666781447,0.00416666781459,0.00416666781447,0.00416666781447,0.00416669316978,0.0
0.0041666674645,0.00416666746567,0.00572831893182,0.0170915426236,0.885513436609,0.00416666746429,0.00416666746429,0.00416666746429,0.00416666746429,0.00416666746429,0.00416666746429,0.00416666746429,0.00416666746429,0.00416666746429,0.00416666746429,0.00416666746429,0.00416666746429,0.00416666746429,0.00416666746429,0.00416666746429,0.00416666746429,0.00416666746438,0.00416666746429,0.00416666746429,0.00416668508409,0.0
0.00416666722117,0.00416666722209,0.00572849304076,0.0171783837409,0.885426432112,0.00416666722095,0.00416666722095,0.00416666722095,0.00416666722095,0.00416666722095,0.00416666722095,0.00416666722095,0.00416666722095,0.00416666722095,0.00416666722095,0.00416666722095,0.00416666722095,0.00416666722095,0.00416666722095,0.00416666722095,0.00416666722095,0.00416666722101,0.00416666722095,0.00416666722095,0.00416667946532,0.0
0.00416666705207,0.00416666705283,0.00572863903797,0.0172592953235,0.885345381988,0.00416666705185,0.00416666705185,0.00416666705185,0.00416666705185,0.00416666705185,0.00416666705185,0.00416666705185,0.00416666705185,0.00416666705185,0.00416666705185,0.00416666705185,0.00416666705185,0.00416666705185,0.00416666705185,0.00416666705185,0.00416666705185,0.0041666670519,0.00416666705185,0.00416666705185,0.00416667556077,0.0
0.00416666693456,0.0041666669352,0.00572876239231,0.0173346828371,0.885269876301,0.00416666693434,0.00416666693434,0.00416666693434,0.00416666693434,0.00416666693434,0.00416666693434,0.00416666693434,0.00416666693434,0.00416666693434,0.00416666693434,0.00416666693434,0.00416666693434,0.00416666693434,0.00416666693434,0.00416666693434,0.00416666693434,0.00416666693437,0.00416666693434,0.00416666693434,0.00416667284744,0.0
0.0041666668529,0.00416666685347,0.00572886742664,0.0174049239994,0.885199533705,0.00416666685268,0.00416666685268,0.00416666685268,0.00416666685268,0.00416666685268,0.00416666685268,0.00416666685268,0.00416666685268,0.00416666685268,0.00416666685268,0.00416666685268,0.00416666685268,0.00416666685268,0.00416666685268,0.00416666685268,0.00416666685268,0.00416666685271,0.00416666685268,0.00416666685269,0.0041666709619,0.0
0.00416666679615,0.00416666679666,0.00572895756307,0.0174703706656,0.885133999404,0.00416666679594,0.00416666679594,0.00416666679594,0.00416666679594,0.00416666679594,0.00416666679594,0.00416666679594,0.00416666679594,0.00416666679594,0.00416666679594,0.00416666679594,0.00416666679594,0.00416666679594,0.00416666679594,0.00416666679594,0.00416666679594,0.00416666679595,0.00416666679594,0.00416666679594,0.00416666965158,0.0
0.00416666675671,0.00416666675719,0.00572903551571,0.0175313505922,0.885072943264,0.0041666667565,0.0041666667565,0.0041666667565,0.0041666667565,0.0041666667565,0.0041666667565,0.0041666667565,0.0041666667565,0.0041666667565,0.0041666667565,0.0041666667565,0.0041666667565,0.0041666667565,0.0041666667565,0.0041666667565,0.0041666667565,0.00416666675651,0.0041666667565,0.0041666667565,0.00416666874101,0.0
0.00416666672931,0.00416666672976,0.00572910344203,0.0175881690848,0.885016058053,0.0041666667291,0.0041666667291,0.0041666667291,0.0041666667291,0.0041666667291,0.0041666667291,0.0041666667291,0.0041666667291,0.0041666667291,0.0041666667291,0.0041666667291,0.0041666667291,0.0041666667291,0.0041666667291,0.0041666667291,0.0041666667291,0.0041666667291,0.0041666667291,0.0041666667291,0.00416666810822,0.0
0.00416666671026,0.00416666671069,0.0057291630618,0.0176411105362,0.884963057822,0.00416666671005,0.00416666671005,0.00416666671005,0.00416666671005,0.00416666671005,0.00416666671005,0.00416666671005,0.00416666671005,0.00416666671005,0.00416666671005,0.00416666671005,0.00416666671005,0.00416666671005,0.00416666671005,0.00416666671005,0.00416666671005,0.00416666671006,0.00416666671005,0.00416666671005,0.00416666766847,0.0
0.00416666669703,0.00416666669745,0.00572921575025,0.0176904398603,0.884913676393,0.00416666669682,0.00416666669682,0.00416666669682,0.00416666669682,0.00416666669682,0.00416666669682,0.00416666669682,0.00416666669682,0.00416666669682,0.00416666669682,0.00416666669682,0.00416666669682,0.00416666669682,0.00416666669682,0.00416666669682,0.00416666669682,0.00416666669682,0.00416666669682,0.00416666669682,0.00416666736287,0.0
0.00416666668783,0.00416666668824,0.00572926261126,0.0177364038297,0.884867665968,0.00416666668762,0.00416666668762,0.00416666668762,0.00416666668762,0.00416666668762,0.00416666668762,0.00416666668762,0.00416666668762,0.00416666668762,0.00416666668762,0.00416666668762,0.00416666668762,0.00416666668762,0.00416666668762,0.00416666668762,0.00416666668762,0.00416666668762,0.00416666668762,0.00416666668762,0.00416666715049,0.0
0.00416666668144,0.00416666668184,0.00572930453472,0.0177792323204,0.884824795835,0.00416666668123,0.00416666668123,0.00416666668123,0.00416666668123,0.00416666668123,0.00416666668123,0.00416666668123,0.00416666668123,0.00416666668123,0.00416666668123,0.00416666668123,0.00416666668123,0.00416666668123,0.00416666668123,0.00416666668123,0.00416666668123,0.00416666668123,0.00416666668123,0.00416666668123,0.0041666670029,0.0
0.004166666677,0.0041666666774,0.00572934224151,0.0178191394729,0.884784851172,0.00416666667679,0.00416666667679,0.00416666667679,0.00416666667679,0.00416666667679,0.00416666667679,0.00416666667679,0.00416666667679,0.00416666667679,0.00416666667679,0.00416666667679,0.00416666667679,0.00416666667679,0.00416666667679,0.00416666667679,0.00416666667679,0.00416666667679,0.00416666667679,0.00416666667679,0.00416666690034,0.0
0.00416666667391,0.00416666667431,0.0057293763188,0.0178563247722,0.884747631931,0.0041666666737,0.0041666666737,0.0041666666737,0.0041666666737,0.0041666666737,0.0041666666737,0.0041666666737,0.0041666666737,0.0041666666737,0.0041666666737,0.0041666666737,0.0041666666737,0.0041666666737,0.0041666666737,0.0041666666737,0.0041666666737,0.0041666666737,0.0041666666737,0.0041666666737,0.00416666682906,0.0
0.00416666667177,0.00416666667216,0.00572940724772,0.0178909740544,0.884712951815,0.00416666667155,0.00416666667155,0.00416666667155,0.00416666667155,0.00416666667155,0.00416666667155,0.00416666667155,0.00416666667155,0.00416666667155,0.00416666667155,0.00416666667155,0.00416666667155,0.00416666667155,0.00416666667155,0.00416666667155,0.00416666667155,0.00416666667155,0.00416666667155,0.00416666667155,0.00416666677952,0.0
0.00416666667028,0.00416666667067,0.00572943542511,0.0179232604432,0.884680637314,0.00416666667006,0.00416666667006,0.00416666667006,0.00416666667006,0.00416666667006,0.00416666667006,0.00416666667006,0.00416666667006,0.00416666667006,0.00416666667006,0.00416666667006,0.00416666667006,0.00416666667006,0.00416666667006,0.00416666667006,0.00416666667006,0.00416666667006,0.00416666667006,0.00416666667006,0.0041666667451,0.0
0.00416666666924,0.00416666666963,0.00572946118058,0.017953345223,0.884650526825,0.00416666666903,0.00416666666903,0.00416666666903,0.00416666666903,0.00416666666903,0.00416666666903,0.00416666666903,0.00416666666903,0.00416666666903,0.00416666666903,0.00416666666903,0.00416666666903,0.00416666666903,0.00416666666903,0.00416666666903,0.00416666666903,0.00416666666903,0.00416666666903,0.00416666666903,0.00416666672117,0.0
0.00416666666852,0.00416666666891,0.00572948478995,0.0179813786502,0.88462246982,0.00416666666831,0.00416666666831,0.00416666666831,0.00416666666831,0.00416666666831,0.00416666666831,0.00416666666831,0.00416666666831,0.00416666666831,0.00416666666831,0.00416666666831,0.00416666666831,0.00416666666831,0.00416666666831,0.00416666666831,0.00416666666831,0.00416666666831,0.00416666666831,0.00416666666831,0.00416666670455,0.0
0.00416666666802,0.00416666666841,0.00572950648581,0.0180075007103,0.884596326086,0.00416666666781,0.00416666666781,0.00416666666781,0.00416666666781,0.00416666666781,0.00416666666781,0.00416666666781,0.00416666666781,0.00416666666781,0.00416666666781,0.00416666666781,0.00416666666781,0.00416666666781,0.00416666666781,0.00416666666781,0.00416666666781,0.00416666666781,0.00416666666781,0.00416666666781,0.00416666669299,0.0
0.00416666666767,0.00416666666806,0.00572952646584,0.0180318418214,0.88457196501,0.00416666666746,0.00416666666746,0.00416666666746,0.00416666666746,0.00416666666746,0.00416666666746,0.00416666666746,0.00416666666746,0.00416666666746,0.00416666666746,0.00416666666746,0.00416666666746,0.00416666666746,0.00416666666746,0.00416666666746,0.00416666666746,0.00416666666746,0.00416666666746,0.00416666666746,0.00416666668496,0.0
0.00416666666743,0.00416666666782,0.0057295448994,0.0180545234904,0.884549264918,0.00416666666722,0.00416666666722,0.00416666666722,0.00416666666722,0.00416666666722,0.00416666666722,0.00416666666722,0.00416666666722,0.00416666666722,0.00416666666722,0.00416666666722,0.00416666666722,0.00416666666722,0.00416666666722,0.00416666666722,0.00416666666722,0.00416666666722,0.00416666666722,0.00416666666722,0.00416666667938,0.0
0.00416666666726,0.00416666666765,0.00572956193274,0.0180756589231,0.88452811246,0.00416666666705,0.00416666666705,0.00416666666705,0.00416666666705,0.00416666666705,0.00416666666705,0.00416666666705,0.00416666666705,0.00416666666705,0.00416666666705,0.00416666666705,0.00416666666705,0.00416666666705,0.00416666666705,0.00416666666705,0.00416666666705,0.00416666666705,0.00416666666705,0.00416666666705,0.0041666666755,0.0
0.00416666666714,0.00416666666753,0.00572957769312,0.0180953535928,0.884508402035,0.00416666666693,0.00416666666693,0.00416666666693,0.00416666666693,0.00416666666693,0.00416666666693,0.00416666666693,0.00416666666693,0.00416666666693,0.00416666666693,0.00416666666693,0.00416666666693,0.00416666666693,0.00416666666693,0.00416666666693,0.00416666666693,0.00416666666693,0.00416666666693,0.00416666666693,0.00416666667281,0.0
0.00416666666706,0.00416666666745,0.00572959229208,0.0181137057699,0.884490035262,0.00416666666685,0.00416666666685,0.00416666666685,0.00416666666685,0.00416666666685,0.00416666666685,0.00416666666685,0.00416666666685,0.00416666666685,0.00416666666685,0.00416666666685,0.00416666666685,0.00416666666685,0.00416666666685,0.00416666666685,0.00416666666685,0.00416666666685,0.00416666666685,0.00416666666685,0.00416666667093,0.0
0.00416666666701,0.0041666666674,0.00572960582811,0.0181308070147,0.884472920484,0.0041666666668,0.0041666666668,0.0041666666668,0.0041666666668,0.0041666666668,0.0041666666668,0.0041666666668,0.0041666666668,0.0041666666668,0.0041666666668,0.0041666666668,0.0041666666668,0.0041666666668,0.0041666666668,0.0041666666668,0.0041666666668,0.0041666666668,0.0041666666668,0.0041666666668,0.00416666666963,0.0
0.00416666666697,0.00416666666736,0.00572961838869,0.0181467426364,0.884456972303,0.00416666666676,0.00416666666676,0.00416666666676,0.00416666666676,0.00416666666676,0.00416666666676,0.00416666666676,0.00416666666676,0.00416666666676,0.00416666666676,0.00416666666676,0.00416666666676,0.00416666666676,0.00416666666676,0.00416666666676,0.00416666666676,0.00416666666676,0.00416666666676,0.00416666666676,0.00416666666873,0.0
0.00416666666694,0.00416666666733,0.00572963005202,0.0181615921211,0.884442111157,0.00416666666673,0.00416666666673,0.00416666666673,0.00416666666673,0.00416666666673,0.00416666666673,0.00416666666673,0.00416666666673,0.00416666666673,0.00416666666673,0.00416666666673,0.00416666666673,0.00416666666673,0.00416666666673,0.00416666666673,0.00416666666673,0.00416666666673,0.00416666666673,0.00416666666673,0.0041666666681,0.0
0.00416666666692,0.00416666666731,0.0057296408884,0.0181754295295,0.884428262913,0.00416666666671,0.00416666666671,0.00416666666671,0.00416666666671,0.00416666666671,0.00416666666671,0.00416666666671,0.00416666666671,0.00416666666671,0.00416666666671,0.00416666666671,0.00416666666671,0.00416666666671,0.00416666666671,0.00416666666671,0.00416666666671,0.00416666666671,0.00416666666671,0.00416666666671,0.00416666666766,0.0
0.00416666666691,0.0041666666673,0.00572965096128,0.0181883238683,0.884415358502,0.0041666666667,0.0041666666667,0.0041666666667,0.0041666666667,0.0041666666667,0.0041666666667,0.0041666666667,0.0041666666667,0.0041666666667,0.0041666666667,0.0041666666667,0.0041666666667,0.0041666666667,0.0041666666667,0.0041666666667,0.0041666666667,0.0041666666667,0.0041666666667,0.0041666666667,0.00416666666736,0.0
0.0041666666669,0.00416666666729,0.00572966032826,0.0182003394354,0.884403333568,0.00416666666669,0.00416666666669,0.00416666666669,0.00416666666669,0.00416666666669,0.00416666666669,0.00416666666669,0.00416666666669,0.00416666666669,0.00416666666669,0.00416666666669,0.00416666666669,0.00416666666669,0.00416666666669,0.00416666666669,0.00416666666669,0.00416666666669,0.00416666666669,0.00416666666669,0.00416666666715,0.0
0.00416666666689,0.00416666666728,0.00572966904174,0.0182115361416,0.884392128149,0.00416666666668,0.00416666666668,0.00416666666668,0.00416666666668,0.00416666666668,0.00416666666668,0.00416666666668,0.00416666666668,0.00416666666668,0.00416666666668,0.00416666666668,0.00416666666668,0.00416666666668,0.00416666666668,0.00416666666668,0.00416666666668,0.00416666666668,0.00416666666668,0.00416666666668,0.004166666667,0.0
0.00416666666689,0.00416666666728,0.00572967714964,0.0182219698105,0.884381686372,0.00416666666668,0.00416666666668,0.00416666666668,0.00416666666668,0.00416666666668,0.00416666666668,0.00416666666668,0.00416666666668,0.00416666666668,0.00416666666668,0.00416666666668,0.00416666666668,0.00416666666668,0.00416666666668,0.00416666666668,0.00416666666668,0.00416666666668,0.00416666666668,0.00416666666668,0.0041666666669,0.0
0.00416666666689,0.00416666666727,0.00572968469584,0.018231692458,0.884371956178,0.00416666666667,0.00416666666667,0.00416666666667,0.00416666666667,0.00416666666667,0.00416666666667,0.00416666666667,0.00416666666667,0.00416666666667,0.00416666666667,0.00416666666667,0.00416666666667,0.00416666666667,0.00416666666667,0.00416666666667,0.00416666666667,0.00416666666667,0.00416666666667,0.00416666666667,0.00416666666683,0.0
0.00416666666688,0.00416666666727,0.00572969172065,0.0182407525515,0.88436288906,0.00416666666667,0.00416666666667,0.00416666666667,0.00416666666667,0.00416666666667,0.00416666666667,0.00416666666667,0.00416666666667,0.00416666666667,0.00416666666667,0.00416666666667,0.00416666666667,0.00416666666667,0.00416666666667,0.00416666666667,0.00416666666667,0.00416666666667,0.00416666666667,0.00416666666667,0.00416666666678,0.0
0.00416666666688,0.00416666666727,0.0057296982612,0.0182491952532,0.884354439818,0.00416666666667,0.00416666666667,0.00416666666667,0.00416666666667,0.00416666666667,0.00416666666667,0.00416666666667,0.00416666666667,0.00416666666667,0.00416666666667,0.00416666666667,0.00416666666667,0.00416666666667,0.00416666666667,0.00416666666667,0.00416666666667,0.00416666666667,0.00416666666667,0.00416666666667,0.00416666666674,0.0
0.00416666666688,0.00416666666727,0.00572970435173,0.018257062645,0.884346566336,0.00416666666667,0.00416666666667,0.00416666666667,0.00416666666667,0.00416666666667,0.00416666666667,0.00416666666667,0.00416666666667,0.00416666666667,0.00416666666667,0.00416666666667,0.00416666666667,0.00416666666667,0.00416666666667,0.00416666666667,0.00416666666667,0.00416666666667,0.00416666666667,0.00416666666667,0.00416666666672,0.0
0.00416666666688,0.00416666666727,0.00572971002387,0.0182643939393,0.884339229369,0.00416666666667,0.00416666666667,0.00416666666667,0.00416666666667,0.00416666666667,0.00416666666667,0.00416666666667,0.00416666666667,0.00416666666667,0.00416666666667,0.00416666666667,0.00416666666667,0.00416666666667,0.00416666666667,0.00416666666667,0.00416666666667,0.00416666666667,0.00416666666667,0.00416666666667,0.0041666666667,0.0
0.00416666666688,0.00416666666727,0.00572971530688,0.0182712256746,0.884332392351,0.00416666666667,0.00416666666667,0.00416666666667,0.00416666666667,0.00416666666667,0.00416666666667,0.00416666666667,0.00416666666667,0.00416666666667,0.00416666666667,0.00416666666667,0.00416666666667,0.00416666666667,0.00416666666667,0.00416666666667,0.00416666666667,0.00416666666667,0.00416666666667,0.00416666666667,0.00416666666669,0.0
0.00416666666688,0.00416666666727,0.00572972022786,0.0182775918978,0.884326021207,0.00416666666667,0.00416666666667,0.00416666666667,0.00416666666667,0.00416666666667,0.00416666666667,0.00416666666667,0.00416666666667,0.00416666666667,0.00416666666667,0.00416666666667,0.00416666666667,0.00416666666667,0.00416666666667,0.00416666666667,0.00416666666667,0.00416666666667,0.00416666666667,0.00416666666667,0.00416666666668,0.0
0.00416666666688,0.00416666666727,0.00572972481195,0.0182835243349,0.884320084186,0.00416666666667,0.00416666666667,0.00416666666667,0.00416666666667,0.00416666666667,0.00416666666667,0.00416666666667,0.00416666666667,0.00416666666667,0.00416666666667,0.00416666666667,0.00416666666667,0.00416666666667,0.00416666666667,0.00416666666667,0.00416666666667,0.00416666666667,0.00416666666667,0.00416666666667,0.00416666666668,0.0
0.00416666666688,0.00416666666727,0.00572972908244,0.0182890525485,0.884314551702,0.00416666666667,0.00416666666667,0.00416666666667,0.00416666666667,0.00416666666667,0.00416666666667,0.00416666666667,0.00416666666667,0.00416666666667,0.00416666666667,0.00416666666667,0.00416666666667,0.00416666666667,0.00416666666667,0.00416666666667,0.00416666666667,0.00416666666667,0.00416666666667,0.00416666666667,0.00416666666668,0.0
0.00416666666688,0.00416666666727,0.00572973306099,0.018294204086,0.884309396185,0.00416666666667,0.00416666666667,0.00416666666667,0.00416666666667,0.00416666666667,0.00416666666667,0.00416666666667,0.00416666666667,0.00416666666667,0.00416666666667,0.00416666666667,0.00416666666667,0.00416666666667,0.00416666666667,0.00416666666667,0.00416666666667,0.00416666666667,0.00416666666667,0.00416666666667,0.00416666666667,0.0
0.00416666666688,0.00416666666727,0.0057297367677,0.018299004617,0.884304591948,0.00416666666667,0.00416666666667,0.00416666666667,0.00416666666667,0.00416666666667,0.00416666666667,0.00416666666667,0.00416666666667,0.00416666666667,0.00416666666667,0.00416666666667,0.00416666666667,0.00416666666667,0.00416666666667,0.00416666666667,0.00416666666667,0.00416666666667,0.00416666666667,0.00416666666667,0.00416666666667,0.0
