0.0 0.0 0.0 0.0,0.0 0.0 0.0 10.0,0.0 0.0 10.0 0.0,0.0 0.0 10.0 10.0,0.0 10.0 0.0 0.0,0.0 10.0 0.0 10.0,0.0 10.0 10.0 0.0,0.0 10.0 10.0 10.0,10.0 0.0 0.0 0.0,10.0 0.0 0.0 10.0,10.0 0.0 10.0 0.0,10.0 0.0 10.0 10.0,10.0 10.0 0.0 0.0,10.0 10.0 0.0 10.0,10.0 10.0 10.0 0.0,10.0 10.0 10.0 10.0,other
0.0625,0.0625,0.0625,0.0625,0.0625,0.0625,0.0625,0.0625,0.0625,0.0625,0.0625,0.0625,0.0625,0.0625,0.0625,0.0625,0.0
0.0614949134951,0.0672675291278,0.0915814111324,0.0646258211765,0.05882498808,0.0588345268736,0.0588488903817,0.0588270180933,0.0596536238708,0.0601327406483,0.0651410770211,0.0594695532312,0.0588240489799,0.0588242332913,0.0588253777258,0.0588242468714,0.0
0.0595818265932,0.0723028798163,0.130516799014,0.0658600788483,0.0545088500962,0.0545284826746,0.0545537300596,0.0545126380288,0.0560775859338,0.0571190656068,0.0666527281406,0.0557539065837,0.0545069874922,0.0545074374735,0.054509573286,0.0545074303525,0.0
0.0566410435799,0.0777248017475,0.179720730129,0.0659152891522,0.0495764807327,0.049606771039,0.0496388667295,0.0495816854972,0.0517612107778,0.0534634265368,0.066713668795,0.0513558542209,0.0495737240673,0.0495745322908,0.0495774578566,0.0495744568481,0.0
0.0526885788106,0.0838302513978,0.237728318646,0.0646087926625,0.0441734036454,0.0442148982363,0.0442493271779,0.0441796218859,0.0468170687921,0.0492843884654,0.0651420870475,0.046396989782,0.0441698050505,0.0441710697611,0.044174535959,0.0441708626804,0.0
0.0479126304713,0.0911496202038,0.30101038356,0.0619430531811,0.0385577216628,0.0386108855194,0.0386429197548,0.0385645161203,0.0414833641571,0.0448064576443,0.0619814889133,0.0411147396104,0.0385533675106,0.0385551807879,0.0385589068457,0.038554764057,0.0
0.0426329497474,0.100426621423,0.364772513428,0.0581142074432,0.0330314943847,0.033096552741,0.0331217032935,0.033038439767,0.0360628945616,0.040288176172,0.0574995463884,0.0357985460922,0.0330265186448,0.0330289480078,0.0330326515775,0.0330282363271,0.0
0.037196912241,0.11252122242,0.424361520802,0.053432370664,0.0278476722102,0.0279243379107,0.0279388953305,0.027854402573,0.0308293085875,0.0359247253819,0.0520891740363,0.0306988442072,0.0278422658681,0.0278453331714,0.0278487656446,0.0278442489519,0.0
0.0318830868599,0.128291716298,0.47633533369,0.0482123455805,0.0231542436688,0.0232414105865,0.0232429240366,0.0231604833799,0.0259632280272,0.0317940572521,0.0461438659045,0.0259702406564,0.0231486503474,0.0231523154738,0.0231552900472,0.0231508081914,0.0
0.0268666439811,0.148493699298,0.51868237252,0.0427072903058,0.0189990186221,0.0190945595397,0.0190821371106,0.019004589555,0.0215479084305,0.0278743882733,0.0399862911828,0.0216741220507,0.0189935108946,0.018997666522,0.0190000715994,0.0189957301146,0.0
0.0222395982433,0.17366544605,0.550482110531,0.0371038819242,0.0153686908557,0.0154694544247,0.0154438482818,0.0153735013825,0.0176028920697,0.0241037077599,0.0338637791896,0.0178160423403,0.0153635321668,0.0153680110612,0.0153698097624,0.0153656939576,0.0
0.0180491023579,0.203947956679,0.571539388467,0.0315521465499,0.0122279389279,0.0123299730872,0.0122934538478,0.0122319655117,0.0141216297491,0.020440575608,0.0279760983234,0.0143839936362,0.0122233430909,0.0122279363091,0.0122291567757,0.0122253410788,0.0
0.0143271015729,0.238845077987,0.582264254311,0.0261978299783,0.00954294975552,0.0096419449661,0.0095979543361,0.00954621936489,0.0110952403964,0.0169025522551,0.0225001264948,0.0113711026671,0.00953905068609,0.00954353469891,0.00954425483572,0.00954080569403,0.0
0.0111019430328,0.277034247536,0.583758348262,0.021196625897,0.00728840534309,0.00738030851995,0.00733288181457,0.00729098155334,0.00851943048193,0.0135714173271,0.0175937215409,0.00878056799222,0.00728524613277,0.00728941566414,0.00728974395479,0.00728671494674,0.0
0.00839329770631,0.316417939627,0.57788189668,0.0167019319805,0.00544253171691,0.00552419009979,0.00547722803377,0.00544450313361,0.00638843659393,0.0105639570282,0.0133782320752,0.0066169247228,0.00544007534677,0.00544377482045,0.0054438290371,0.00544125139717,0.0
0.00619899910712,0.354534983512,0.567064632987,0.0128329733231,0.00397734091911,0.00404695243305,0.00400355249642,0.00397880952156,0.00468377951031,0.0079835011822,0.0099135328224,0.00487187578477,0.00397549648731,0.00397863978843,0.0039785275092,0.00397640261609,0.0
0.0044860388531,0.389195733262,0.553831339711,0.00964453739717,0.00285202060331,0.00290921379931,0.00287129886956,0.00285308972636,0.00336713518961,0.00588069449572,0.0071856630242,0.00351491539568,0.00285067362837,0.00285324504656,0.00285305079478,0.00285135020348,0.0
0.0031935236522,0.418994462559,0.54028158277,0.00711894431463,0.00201397761936,0.00205953225026,0.00202786304801,0.00201474176488,0.00238257346551,0.00424390749381,0.00511776696011,0.00249471547403,0.00201301433044,0.00201505278015,0.00201483407978,0.00201350743822,0.0
0.00224539306879,0.443447976147,0.527802411541,0.00518296947836,0.00140582123694,0.00144121189755,0.00141566912262,0.00140635994037,0.00166590787105,0.00301604112169,0.0035974718428,0.00174890038081,0.00140514264793,0.00140671870539,0.00140650926841,0.00140549572951,0.0
0.00156476100138,0.462801523502,0.517081936363,0.0037359134645,0.000973201507105,0.00100016602932,0.000980109830845,0.000973577562966,0.00115490449369,0.00212003030506,0.00250525709736,0.00121524869794,0.00097272845618,0.000973923704507,0.000973739853642,0.000972978129802,0.0
0.00108372456406,0.477712060802,0.508298091235,0.00267395596978,0.000669857260682,0.000690096350606,0.000674666986997,0.000670117992985,0.000795929170998,0.00147889910927,0.00173340408886,0.000839268629602,0.000669529830915,0.000670423026899,0.000670270119913,0.00066970486147,0.0
0.000747415724437,0.488977859371,0.501333070745,0.0019045685898,0.000459274289394,0.000474291243855,0.000462605739376,0.000459454226661,0.000546339140999,0.00102630384719,0.00119410279049,0.000577200002368,0.000459048734001,0.000459708744283,0.000459586097558,0.000459170713172,0.0
0.000514011942579,0.497371546548,0.495936287047,0.00135204510333,0.000314071543934,0.000325114392773,0.000316371032469,0.00031419533352,0.000374008501757,0.000709710240654,0.000820163931002,0.000395851983247,0.000313916662178,0.000314400149564,0.000314304261127,0.000314001326814,0.0
0.000352821787636,0.503562474702,0.491823509322,0.000957630008679,0.000214401111173,0.000222464319406,0.000215984545536,0.000214486092926,0.000255574728241,0.000489606758634,0.000562208371794,0.000270969730878,0.000214294986228,0.0002146467584,0.000214573188318,0.000214353588267,0.0
0.000241868502616,0.508095008307,0.488727410922,0.000677219753212,0.000146190043109,0.000152044179371,0.000147278635803,0.000146248299303,0.00017443324925,0.000337215425065,0.000384869102905,0.000185249920632,0.000146117431046,0.000146371979137,0.000146316334309,0.000146157915395,0.0
0.000165663097419,0.511394996919,0.486418220339,0.000478409185177,9.96018100184e-05,0.000103832292319,0.000100349369195,9.96417062276e-05,0.000118956180718,0.000231998411896,0.000263230242036,0.000126538678167,9.95521763902e-05,9.97355525885e-05,9.96939332986e-05,9.95801065829e-05,0.0
0.00011340072772,0.513787341268,0.484708367731,0.000337716271124,6.78244167344e-05,7.08696553013e-05,6.83373813594e-05,6.78517208002e-05,8.10784483396e-05,0.000159489240986,0.000179924913811,8.63845470434e-05,6.77905125014e-05,6.79221266062e-05,6.78912749746e-05,6.78097629622e-05,0.0
7.75944963601e-05,0.515515803552,0.483449625006,0.000238278909176,4.61687723656e-05,4.83535632618e-05,4.65205678965e-05,4.61874498728e-05,5.5240940099e-05,0.000109584545499,0.000122931797153,5.89490202642e-05,4.61456233273e-05,4.62397887039e-05,4.62170857275e-05,4.61588820946e-05,0.0
5.30794051582e-05,0.51676115778,0.482527383355,0.000168061343695,3.14198254369e-05,3.29827973844e-05,3.16609947043e-05,3.14325976831e-05,3.76275076681e-05,7.52677574291e-05,8.39676161513e-05,4.02160210448e-05,3.14040248105e-05,3.14712135346e-05,3.14546085401e-05,3.1413152028e-05,0.0
3.63026762085e-05,0.517656353451,0.481854386245,0.000118507285357,2.13789334211e-05,2.24942532618e-05,2.15442166306e-05,2.13876654259e-05,2.56255689952e-05,5.16842996771e-05,5.73420281981e-05,2.7430922476e-05,2.13681509171e-05,2.14159769654e-05,2.14038946062e-05,2.13744315155e-05,0.0
2.48252863646e-05,0.51829856531,0.481364954859,8.35505404614e-05,1.45451431163e-05,1.53392488297e-05,1.46583942638e-05,1.45511119224e-05,1.74497427663e-05,3.54839216955e-05,3.91538587247e-05,1.87079277047e-05,1.45377861723e-05,1.4571757514e-05,1.45630048819e-05,1.45421066192e-05,0.0
1.69750266877e-05,0.518758484157,0.481010082104,5.88982826177e-05,9.89498825138e-06,1.04592606715e-05,9.97257467651e-06,9.8990677559e-06,1.18814174906e-05,2.4358526781e-05,2.67322002393e-05,1.27576935774e-05,9.88996913338e-06,9.91405355797e-06,9.90773742274e-06,9.89294044171e-06,0.0
1.1606447848e-05,0.519087342437,0.480753452482,4.15164812895e-05,6.73113967348e-06,7.13137430468e-06,6.78428603801e-06,6.73392763912e-06,8.08951295332e-06,1.67198716819e-05,1.82501357795e-05,8.69944907818e-06,6.72771575782e-06,6.74476142619e-06,6.74021894066e-06,6.72975879734e-06,0.0
7.93540676242e-06,0.519322157179,0.48056830605,2.92626522373e-05,4.57873313117e-06,4.86215039593e-06,4.61513442934e-06,4.58063831509e-06,5.50755809891e-06,1.14759487999e-05,1.24588369178e-05,5.93188395615e-06,4.57639755619e-06,4.58844270547e-06,4.58518559839e-06,4.57780207984e-06,0.0
5.42532621417e-06,0.519489606111,0.480435016143,2.06247900196e-05,3.11451595037e-06,3.31490954122e-06,3.13944600714e-06,3.11581780493e-06,3.74958943771e-06,7.87636533735e-06,8.5050129305e-06,4.04464625487e-06,3.11292283869e-06,3.12142221648e-06,3.11909302246e-06,3.11388825384e-06,0.0
3.70914087317e-06,0.519608873528,0.480339245019,1.45362804194e-05,2.11849676247e-06,2.25999111144e-06,2.13556930178e-06,2.11938630907e-06,2.55270101558e-06,5.4056781745e-06,5.805809071e-06,2.75777856726e-06,2.11741012461e-06,2.12339958268e-06,2.12173796456e-06,2.1180736214e-06,0.0
2.53579649616e-06,0.519693728742,0.480270554573,1.02449204869e-05,1.44098514991e-06,1.54076373183e-06,1.45267597756e-06,1.44159294732e-06,1.73784222965e-06,3.70992779411e-06,3.96317957654e-06,1.88032073313e-06,1.44024398845e-06,1.44445955357e-06,1.44327676258e-06,1.44069992908e-06,0.0
1.73360840987e-06,0.51975403772,0.480221368598,7.22034544885e-06,9.80138281622e-07,1.05041610845e-06,9.8814339381e-07,9.80553556022e-07,1.18308699049e-06,2.54609360513e-06,2.70532863122e-06,1.28203559224e-06,9.79632768483e-07,9.82596434879e-07,9.81756160132e-07,9.7994604393e-07,0.0
1.18518051428e-06,0.519796858772,0.480186202842,5.08865751639e-06,6.66672465822e-07,7.16116897984e-07,6.72153551695e-07,6.66956191905e-07,8.05415870244e-07,1.74734559725e-06,1.8466857966e-06,8.74108141187e-07,6.66327683302e-07,6.68409014722e-07,6.67813153656e-07,6.66542909887e-07,0.0
8.10244014184e-07,0.519827234484,0.480161096916,3.58629138804e-06,4.53456698114e-07,4.88207600246e-07,4.57209401777e-07,4.53650542085e-07,5.48304382922e-07,1.19916824666e-06,1.26056047846e-06,5.95975093266e-07,4.53221544152e-07,4.54681774062e-07,4.54259938119e-07,4.53369393444e-07,0.0
5.53918216098e-07,0.519848762718,0.480143197103,2.52746935682e-06,3.08430861429e-07,3.32831025494e-07,3.11000082702e-07,3.08563294084e-07,3.73268963085e-07,8.22960955174e-07,8.60464103473e-07,4.06339988686e-07,3.08270479879e-07,3.09293999109e-07,3.08995822411e-07,3.08372034151e-07,0.0
3.78681779172e-07,0.519864007458,0.480130451206,1.78124971415e-06,2.09787172501e-07,2.26903989354e-07,2.11546064416e-07,2.09877647425e-07,2.54109608775e-07,5.64776735178e-07,5.8735504754e-07,2.77044783816e-07,2.09677788931e-07,2.10394575221e-07,2.10184107503e-07,2.09747537333e-07,0.0
2.58882345374e-07,0.519874793848,0.480121386123,1.25534392558e-06,1.4269192736e-07,1.54689133288e-07,1.43896014311e-07,1.42753736422e-07,1.72989454457e-07,3.87590642681e-07,4.00929368078e-07,1.88890303922e-07,1.42617326171e-07,1.43118887727e-07,1.42970525437e-07,1.42665225423e-07,0.0
1.76982345692e-07,0.519882419728,0.480114946226,8.84707991296e-07,9.70553413104e-08,1.05457391574e-07,9.78795897236e-08,9.70975660707e-08,1.1776539871e-07,2.65992266162e-07,2.73674596477e-07,1.28786056968e-07,9.70044626515e-08,9.73551496742e-08,9.72506950542e-08,9.70373540772e-08,0.0
1.20992124142e-07,0.519887807055,0.480110376233,6.23500333624e-07,6.60144750146e-08,7.18942117818e-08,6.65786845094e-08,6.60433202175e-08,8.01706604442e-08,1.82542587821e-07,1.86810258418e-07,8.78067038485e-08,6.59797756119e-08,6.6224791588e-08,6.61513345119e-08,6.60023594193e-08,0.0
8.27149489513e-08,0.519891610146,0.480107136552,4.39413192315e-07,4.49012772091e-08,4.90129234026e-08,4.5287470766e-08,4.49209819878e-08,5.45774186166e-08,1.25273445791e-07,1.2751658964e-07,5.98668291164e-08,4.48776122954e-08,4.50486788982e-08,4.49970760429e-08,4.48931173395e-08,0.0
5.65471520201e-08,0.519894292954,0.480104842212,3.09677217257e-07,3.05406353631e-08,3.34138972887e-08,3.08049689418e-08,3.05540958646e-08,3.71544094869e-08,8.59713174745e-08,8.70427234499e-08,4.08173368601e-08,3.05244960688e-08,3.06438530212e-08,3.06076389688e-08,3.05351402205e-08,0.0
3.86578187881e-08,0.519896184165,0.48010321891,2.18245478313e-07,2.07729099433e-08,2.27794666901e-08,2.09538282888e-08,2.07821047535e-08,2.52934241293e-08,5.89994492727e-08,5.94152765488e-08,2.78293431082e-08,2.07619031472e-08,2.08451286134e-08,2.08197381676e-08,2.07692096926e-08,0.0
2.64279739782e-08,0.519897516445,0.480102071442,1.53808783675e-07,1.41291663172e-08,1.5529586652e-08,1.42529878271e-08,1.41354471358e-08,1.72188765983e-08,4.04894805407e-08,4.05568002713e-08,1.89740989554e-08,1.41216598753e-08,1.41796566816e-08,1.41618707146e-08,1.41266749432e-08,0.0
1.8067178531e-08,0.519898454358,0.480101261049,1.08396919452e-07,9.61027215201e-09,1.05870798441e-08,9.69501304551e-09,9.61456239394e-09,1.17220062253e-08,2.77866609857e-08,2.76840217543e-08,1.2936574946e-08,9.60515292719e-09,9.64554569336e-09,9.63309708901e-09,9.60859488808e-09,0.0
1.23514163216e-08,0.519899114211,0.480100689208,7.63928453173e-08,6.53664352134e-09,7.21759392387e-09,6.59463626576e-09,6.53957400603e-09,7.97992932207e-09,1.90691114485e-08,1.88970771223e-08,8.82017934311e-09,6.53315234981e-09,6.56126917431e-09,6.55256314572e-09,6.53551445973e-09,0.0
8.44390145431e-09,0.519899578142,0.480100286035,5.38379348372e-08,4.44604538533e-09,4.92049363805e-09,4.48573146294e-09,4.44804704091e-09,5.43245473419e-09,1.30865300719e-08,1.28991192684e-08,6.01361325469e-09,4.44366451846e-09,4.46322604772e-09,4.45714197588e-09,4.44528543242e-09,0.0
5.77257430498e-09,0.519899904119,0.480100002013,3.79423365086e-08,3.02407783753e-09,3.35447753314e-09,3.05123515014e-09,3.02544503593e-09,3.69822363464e-09,8.98087242533e-09,8.80492091932e-09,4.10009154285e-09,3.02245417413e-09,3.0360568135e-09,3.0318080701e-09,3.02356638242e-09,0.0
3.9463526686e-09,0.519900133021,0.48009980209,2.67398970711e-08,2.05689454987e-09,2.28686795076e-09,2.07547771569e-09,2.05782837616e-09,2.51762017874e-09,6.16328889923e-09,6.01022659827e-09,2.79544916085e-09,2.055787279e-09,2.06524173948e-09,2.06227667333e-09,2.05655037501e-09,0.0
2.69787762167e-09,0.519900293657,0.480099661473,1.88449668391e-08,1.39904305956e-09,1.55904007996e-09,1.4117586667e-09,1.39968087214e-09,1.71390696286e-09,4.22967023024e-09,4.10257209857e-09,1.90594179581e-09,1.39828795209e-09,1.40485624101e-09,1.402788336e-09,1.39881147986e-09,0.0
1.84437230005e-09,0.519900406319,0.480099562647,1.32810072745e-08,9.51590569936e-10,1.06285364525e-09,9.60290969094e-10,9.52026194718e-10,1.16676735484e-09,2.90268882666e-09,2.80040981261e-09,1.29947420398e-09,9.51075625136e-10,9.55636812118e-10,9.5419548474e-10,9.51434768865e-10,0.0
1.26088341331e-09,0.519900485285,0.480099493245,9.35980164268e-09,6.47245700128e-10,7.2458551578e-10,6.53198566215e-10,6.47543225929e-10,7.94294017489e-10,1.99202344939e-09,1.91155568714e-09,8.85983607893e-10,6.46894536412e-10,6.50060612415e-10,6.49056590707e-10,6.4714089371e-10,0.0
8.61988097468e-10,0.519900540601,0.480099444541,6.59632843068e-09,4.40238698165e-10,4.93975975477e-10,4.44311545079e-10,4.40441900791e-10,5.40727317527e-10,1.36706261436e-09,1.30482513625e-09,6.04065048145e-10,4.3999922566e-10,4.42196022366e-10,4.41497011902e-10,4.40168204251e-10,0.0
5.89288009048e-10,0.519900579325,0.48009941039,4.64876822274e-09,2.99438235703e-10,3.36761166087e-10,3.02224711491e-10,2.99577015641e-10,3.68108060881e-10,9.38171775401e-10,8.90671738199e-10,4.11852518761e-10,2.99274930976e-10,3.00798598782e-10,3.00312196894e-10,2.99390826739e-10,0.0
4.02859804394e-10,0.519900606419,0.48009938646,3.27622344854e-09,2.03669638997e-10,2.29582182637e-10,2.05575967962e-10,2.0376441902e-10,2.5059496654e-10,6.43837572505e-10,6.07971229289e-10,2.80801706895e-10,2.03558276503e-10,2.04614678053e-10,2.04276388961e-10,2.03637759377e-10,0.0
2.75410358077e-10,0.519900625364,0.480099369704,2.30892131688e-09,1.38530477459e-10,1.56514419638e-10,1.39834622738e-10,1.38595206584e-10,1.70596202002e-10,4.41845330432e-10,4.15000273136e-10,1.91451052997e-10,1.38454536468e-10,1.39186706838e-10,1.38951542528e-10,1.38509043205e-10,0.0
1.88281045601e-10,0.519900638602,0.480099357981,1.62721429661e-09,9.42246141898e-11,1.06701501115e-10,9.51167681767e-11,9.42688196115e-11,1.16135868542e-10,3.03224452586e-10,2.83278579768e-10,1.30531633994e-10,9.41728283901e-11,9.46801056312e-11,9.4516704748e-11,9.42102048267e-11,0.0
1.28716117782e-10,0.519900647848,0.480099349785,1.14678068204e-09,6.40889865752e-11,7.27422454379e-11,6.46992812075e-11,6.41191752647e-11,7.90611970781e-11,2.08093335233e-10,1.93365544177e-10,8.89966766214e-11,6.40536729537e-11,6.44050182434e-11,6.42915314558e-11,6.40793010985e-11,0.0
8.79952568241e-11,0.5199006543,0.480099344059,8.08194675936e-10,4.3591562912e-11,4.9591001177e-11,4.40090329603e-11,4.36121789861e-11,5.38220702795e-11,1.42807863086e-10,1.31991037483e-10,6.06780762682e-11,4.3567482108e-11,4.38107493049e-11,4.37319627785e-11,4.35850535926e-11,0.0
6.01569201458e-11,0.519900658801,0.480099340061,5.69575895283e-10,2.96497800592e-11,3.38079664939e-11,2.99353400067e-11,2.96638586994e-11,3.66401642612e-11,9.80045118559e-11,9.00968889708e-11,4.13704092918e-11,2.96333591621e-11,2.98017422564e-11,2.97470681473e-11,2.96454059762e-11,0.0
4.11255693834e-11,0.519900661938,0.480099337273,4.01409103474e-10,2.01669634794e-11,2.30481049164e-11,2.03622874835e-11,2.01765775774e-11,2.49433295601e-11,6.72573913662e-11,6.15000044957e-11,2.82064111047e-11,2.0155766008e-11,2.02722814674e-11,2.02343550766e-11,2.0164024654e-11,0.0
2.81150107505e-11,0.519900664124,0.480099335329,2.82893411784e-10,1.37170129111e-11,1.57127208524e-11,1.38506110627e-11,1.37235781348e-11,1.69805376677e-11,4.61566167275e-11,4.19798130102e-11,1.92311761184e-11,1.37093773626e-11,1.3789978863e-11,1.37636799446e-11,1.3715038697e-11,0.0
1.92204956964e-11,0.519900665645,0.480099333975,1.99369375821e-10,9.32993424438e-12,1.0711926097e-11,9.42131020066e-12,9.334417399e-12,1.15597502225e-11,3.16758236348e-11,2.86553588807e-11,1.31118465746e-11,9.32472760219e-12,9.3804694512e-12,9.3622398573e-12,9.32860823454e-12,0.0
1.31398653211e-11,0.519900666704,0.480099333033,1.40505739447e-10,6.34596420945e-12,7.30270471756e-12,6.40845992174e-12,6.3490255466e-12,7.86946961306e-12,2.17381141396e-11,1.95601060028e-11,8.9396779226e-12,6.34241384896e-12,6.3809530086e-12,6.36832122575e-12,6.34507371842e-12,0.0
8.98291403963e-12,0.519900667439,0.480099332378,9.90215409648e-11,4.31635000737e-12,4.97851606744e-12,4.35909206794e-12,4.31844041949e-12,5.35725692976e-12,1.49181789784e-11,1.3351699708e-11,6.09508667582e-12,4.31392906521e-12,4.34056754905e-12,4.33181758311e-12,4.31575209042e-12,0.0
6.14106329602e-12,0.51990066795,0.480099331922,6.97855163262e-11,2.93586234812e-12,3.39403319605e-12,2.96509362433e-12,2.93728974923e-12,3.64703127668e-12,1.02378735606e-11,9.11385066396e-12,4.15563982338e-12,2.93421155128e-12,2.95261955721e-12,2.94656046815e-12,2.9354609468e-12,0.0
4.19826553361e-12,0.519900668305,0.480099331606,4.91814027649e-11,1.99689267832e-12,2.31383431918e-12,2.01688334719e-12,1.99786733925e-12,2.48277006441e-12,7.02592824415e-12,6.22110111349e-12,2.83332186388e-12,1.99576703678e-12,2.00848440918e-12,2.00428998349e-12,1.99662325113e-12,0.0
2.87009474427e-12,0.519900668551,0.480099331387,3.46606359765e-11,1.35823138002e-12,1.57742395174e-12,1.37190218976e-12,1.35889688996e-12,1.69018215773e-12,4.82167194165e-12,4.24651450742e-12,1.93176336864e-12,1.35746383496e-12,1.36624768063e-12,1.36334495125e-12,1.35805056824e-12,0.0
1.96210644014e-12,0.519900668722,0.480099331235,2.44271130696e-11,9.23831561733e-13,1.07538655765e-12,9.33180206408e-13,9.2428597296e-13,1.15061630846e-12,3.30896068165e-12,2.89866458241e-12,1.31707934772e-12,9.23308196412e-13,9.29373768729e-13,9.27365536615e-13,9.23710241686e-13,0.0
1.34137093908e-12,0.51990066884,0.48009933113,1.72150289829e-11,6.2836477422e-13,7.33129636509e-13,6.34757568084e-13,6.28675042317e-13,7.83298938056e-13,2.27083487325e-12,1.97862419792e-12,8.97986801238e-13,6.28007909748e-13,6.32195475414e-13,6.30806486428e-13,6.28283386893e-13,0.0
9.17012430812e-13,0.519900668922,0.480099331057,1.21323065085e-11,4.27396406263e-13,4.99800801952e-13,4.31767805907e-13,4.2760825155e-13,5.33242247518e-13,1.55840202335e-12,1.35060597914e-12,6.122488342e-13,4.27153074386e-13,4.300434686e-13,4.29083039649e-13,4.27341818276e-13,0.0
6.26904738846e-13,0.519900668979,0.480099331007,8.55025346516e-12,2.90703259603e-13,3.40732155939e-13,2.93692344274e-13,2.90847901514e-13,3.63012485683e-13,1.0694819315e-12,9.21921662944e-13,4.17432232255e-13,2.90537342163e-13,2.92531965313e-13,2.9186804333e-13,2.90666653705e-13,0.0
4.28576034937e-13,0.519900669018,0.480099330972,6.02579849652e-12,1.97728347514e-13,2.3228934735e-13,1.9977217362e-13,1.97827103449e-13,2.47126077077e-13,7.33951563622e-13,6.29302376656e-13,2.84605962137e-13,1.97615216307e-13,1.9899139733e-13,1.98532560938e-13,1.97703805156e-13,0.0
2.92990954351e-13,0.519900669045,0.480099330948,4.24668668226e-12,1.34489374022e-13,1.58359990249e-13,1.35886828958e-13,1.34556799809e-13,1.68234703709e-13,5.03687703247e-13,4.29560880475e-13,1.9404479919e-13,1.34412235705e-13,1.35361536196e-13,1.35044512934e-13,1.34472923106e-13,0.0
2.00299812247e-13,0.519900669063,0.480099330932,2.99285609827e-12,9.147596666e-14,1.07959692503e-13,9.24314430261e-14,9.1522001076e-14,1.14528243505e-13,3.45664911659e-13,2.93217627771e-13,1.32300053766e-13,9.14233703501e-14,9.20780783853e-14,9.18590904558e-14,9.14649418829e-14,0.0
1.36932605564e-13,0.519900669076,0.480099330921,2.10921791389e-12,6.2219432109e-14,7.35999995139e-14,6.28726987406e-14,6.22508612932e-14,7.79667825431e-14,2.3721887666e-13,2.00149923197e-13,9.02023877961e-14,6.21835698387e-14,6.26350199426e-14,6.24837863902e-14,6.22120453724e-14,0.0
9.36123616706e-14,0.519900669085,0.480099330913,1.48647314211e-12,4.2319943405e-14,5.01757628504e-14,4.27665750692e-14,4.23414008236e-14,5.307703143e-14,1.62795798896e-13,1.36622044385e-13,6.15001319539e-14,4.22954912192e-14,4.2606728898e-14,4.2502310248e-14,4.23149953385e-14,0.0
6.39969875796e-14,0.519900669091,0.480099330908,1.04759322764e-12,2.87848594738e-14,3.4206619487e-14,2.90902089425e-14,2.87995087371e-14,3.61329680862e-14,1.11721598682e-13,9.32580073665e-14,4.19308881146e-14,2.87681871935e-14,2.89827216316e-14,2.89106419565e-14,2.87815457566e-14,0.0
4.375078618e-14,0.519900669095,0.480099330904,7.38292229782e-13,1.95786683124e-14,2.33198809596e-14,1.97874217178e-14,1.95886694196e-14,2.45980482997e-14,7.66709933352e-14,6.36577792193e-14,2.85885464343e-14,1.95673006871e-14,1.97151523926e-14,1.96654067382e-14,1.95764496608e-14,0.0
2.99097092498e-14,0.519900669098,0.480099330901,5.20312085047e-13,1.33168707402e-14,1.58980003323e-14,1.34595821918e-14,1.33236984399e-14,1.67454823725e-14,5.26168734455e-14,4.3452706846e-14,1.94917165835e-14,1.33091200223e-14,1.3410998415e-14,1.33766736401e-14,1.33153856489e-14,0.0
2.04474201613e-14,0.5199006691,0.4800993309,3.66690390235e-13,9.05776856126e-15,1.08382377681e-14,9.15532884278e-15,9.06242972995e-15,1.1399732876e-14,3.61092931074e-14,2.96607540414e-14,1.32894834735e-14,9.052483968e-15,9.12267249601e-15,9.0989929705e-15,9.0567747498e-15,0.0
1.39786377647e-14,0.519900669101,0.480099330898,2.58425368457e-13,6.16084460905e-15,7.38881591794e-15,6.22753700859e-15,6.16402667625e-15,7.76053545391e-15,2.47806637555e-14,2.02463872601e-14,9.06079104102e-15,6.15724148957e-15,6.20558968797e-15,6.18925715802e-15,6.1601797373e-15,0.0
9.55633093154e-15,0.519900669102,0.480099330898,1.82125501078e-13,4.19043675494e-15,5.03722116429e-15,4.23602667466e-15,4.19260904612e-15,5.28309840119e-15,1.7006184373e-14,1.38201542858e-14,6.17766179192e-15,4.18798010523e-15,4.2212787308e-15,4.2100157998e-15,4.18999207159e-15,0.0
6.53307299396e-15,0.519900669103,0.480099330897,1.28353103803e-13,2.85021962271e-15,3.43405456839e-15,2.88138343677e-15,2.85170255367e-15,3.59654676954e-15,1.16708055031e-14,9.43361707101e-15,4.21193966869e-15,2.84854465941e-15,2.87147475407e-15,2.86370925978e-15,2.84992229264e-15,0.0
4.46625834226e-15,0.519900669103,0.480099330897,9.04569604933e-14,1.93864085601e-15,2.34111832576e-15,1.95994292467e-15,1.93965317662e-15,2.44840199505e-15,8.00930403336e-15,6.43937319383e-15,2.87170718797e-15,1.93749885929e-15,1.95328661978e-15,1.94793347924e-15,1.93844211046e-15,0.0
3.05330486867e-15,0.519900669103,0.480099330897,6.37496208449e-14,1.3186100954e-15,1.59602443877e-15,1.33317080224e-15,1.31930114546e-15,1.66678559003e-15,5.49653158747e-15,4.39550670938e-15,1.95793454373e-15,1.3178314819e-15,1.32870003945e-15,1.32501050048e-15,1.31847728807e-15,0.0
2.08735588195e-15,0.519900669104,0.480099330896,4.49276002167e-14,8.96882255571e-16,1.08806717761e-15,9.06834768285e-16,8.97353987501e-16,1.13468875158e-15,3.77209547374e-15,3.00036644106e-15,1.33492289659e-15,8.96351399827e-16,9.03832431434e-16,9.01289928582e-16,8.96793538368e-16,0.0
1.42699624352e-15,0.519900669104,0.480099330896,3.16627649621e-14,6.10034598678e-16,7.4177447051e-16,6.16837164142e-16,6.10356613163e-16,7.72456019942e-16,2.58866960674e-15,2.04804573758e-15,9.10152561305e-16,6.09672665288e-16,6.14821283853e-16,6.13069507803e-16,6.09975353944e-16,0.0
9.75549160846e-16,0.519900669104,0.480099330896,2.23143608875e-14,4.14928725898e-16,5.05694295741e-16,4.19578185986e-16,4.15148537167e-16,5.25860771874e-16,1.77652193046e-15,1.39799302039e-15,6.20543468814e-16,4.14681963872e-16,4.18224880997e-16,4.17018108689e-16,4.14889176271e-16,0.0
6.66922684309e-16,0.519900669104,0.480099330896,1.57260650614e-14,2.82223086933e-16,3.44749962302e-16,2.85400855184e-16,2.82373131043e-16,3.57987437805e-16,1.2191707127e-15,9.54267987867e-16,4.23087527366e-16,2.82054848366e-16,2.84492511367e-16,2.83661315334e-16,2.82196694463e-16,0.0
4.55933831627e-16,0.519900669104,0.480099330896,1.10829579015e-14,1.91960367713e-16,2.35028430236e-16,1.94132228177e-16,1.92062787163e-16,2.43705201986e-16,8.36678231338e-16,6.51381930658e-16,2.88461751365e-16,1.91845665878e-16,1.93522654202e-16,1.92950234391e-16,1.91942761876e-16,0.0
3.1169378957e-16,0.519900669104,0.480099330896,7.81072413008e-15,1.30566153085e-16,1.60227321419e-16,1.32050487349e-16,1.30636063271e-16,1.65905892785e-16,5.74185760453e-16,4.44632351689e-16,1.96673682438e-16,1.30487952005e-16,1.31641488591e-16,1.31247339483e-16,1.30554413143e-16,0.0
2.13085785079e-16,0.519900669104,0.480099330896,5.50461456035e-15,8.88074998735e-17,1.09232719222e-16,8.98219289652e-17,8.88552190614e-17,1.12942871291e-16,3.94045494622e-16,3.03505391943e-16,1.34092430559e-16,8.8754184466e-17,8.95475601551e-17,8.92762021025e-17,8.87996745725e-17,0.0
1.45673585173e-16,0.519900669104,0.480099330896,3.87938185415e-15,6.04044145242e-17,7.44678675461e-17,6.109768381e-17,6.04369862101e-17,7.68875171422e-17,2.70420937833e-16,2.0717233595e-16,9.14244331537e-17,6.03680657042e-17,6.09136649512e-17,6.07268710609e-17,6.03992007191e-17,0.0
9.95880293436e-17,0.519900669104,0.480099330896,2.73399770416e-15,4.10854184524e-17,5.07674196554e-17,4.15591939514e-17,4.11076506337e-17,5.23423056693e-17,1.85581321488e-16,1.41415533043e-16,6.23333244289e-17,4.10606370708e-17,4.14357975958e-17,4.13072328571e-17,4.1081946134e-17,0.0
6.80821823446e-17,0.519900669104,0.480099330896,1.92678723761e-15,2.79451696156e-17,3.4609973179e-17,2.82689374487e-17,2.79603442625e-17,3.5632792742e-17,1.27358580889e-16,9.65300357024e-17,4.24989600736e-17,2.79282746099e-17,2.81862095111e-17,2.80977342732e-17,2.79428581514e-17,0.0
4.65435814259e-17,0.519900669104,0.480099330896,1.35790496581e-15,1.90075344066e-17,2.3594861657e-17,1.92287854624e-17,1.90178917848e-17,2.42575465937e-17,8.74021587741e-17,6.58912609684e-17,2.89758588025e-17,1.89960160955e-17,1.91733344764e-17,1.91124560199e-17,1.90059964327e-17,0.0
3.1818970799e-17,0.519900669104,0.480099330896,9.56984694619e-16,1.29284011938e-17,1.6085464549e-17,1.30795927873e-17,1.29354704843e-17,1.6513680839e-17,5.99813322748e-17,4.49772782161e-17,1.97557867742e-17,1.29205485316e-17,1.30424332084e-17,1.3000549139e-17,1.29273783821e-17,0.0
2.17526643135e-17,0.519900669104,0.480099330896,6.74435788065e-16,8.79354227915e-18,1.0966038857e-17,8.89685663275e-18,8.79836727135e-18,1.12419305803e-17,4.11632878629e-17,3.07014242253e-17,1.3469526951e-17,8.788188719e-18,8.87196038872e-18,8.84314803603e-18,8.79286242242e-18,0.0
1.48709525435e-17,0.519900669104,0.480099330896,4.75309202729e-16,5.98112517212e-18,7.47594250992e-18,6.051721887e-18,5.98441832756e-18,7.65310922521e-18,2.82490602229e-17,2.09567472032e-17,9.18354497129e-18,5.97747539682e-18,6.03504575271e-18,6.01522799928e-18,5.98067352052e-18,0.0
1.01663514117e-17,0.519900669104,0.480099330896,3.34974570147e-16,4.0681965457e-18,5.096618491e-18,4.11643564793e-18,4.07044416477e-18,5.20996641946e-18,1.93864349742e-17,1.43050449424e-17,6.26135561749e-18,4.06570833445e-18,4.10526824303e-18,4.09163882996e-18,4.06789666899e-18,0.0
6.95010630447e-18,0.519900669104,0.480099330896,2.36073616923e-16,2.76707520043e-18,3.47454785913e-18,2.80003654496e-18,2.76860921006e-18,3.54676109972e-18,1.33042960737e-17,9.76460272291e-18,4.26900225253e-18,2.76537888715e-18,2.79255999669e-18,2.78318765587e-18,2.76687621433e-18,0.0
4.75135824912e-18,0.519900669104,0.480099330896,1.66373084926e-16,1.88208831084e-18,2.36872405629e-18,1.90461003734e-18,1.88313526675e-18,2.41450966967e-18,9.1303168557e-18,6.66530351497e-18,2.91061254869e-18,1.88093187224e-18,1.89960579272e-18,1.89316160339e-18,1.88195635444e-18,0.0
3.24821005931e-18,0.519900669104,0.480099330896,1.17251574948e-16,1.28014461235e-18,1.61484425667e-18,1.2955328747e-18,1.28085914762e-18,1.64371289214e-18,6.26584716873e-18,4.54972641564e-18,1.98446028076e-18,1.27935623015e-18,1.29218429399e-18,1.2877539353e-18,1.28005716399e-18,0.0
2.22060051804e-18,0.519900669104,0.480099330896,8.26331484677e-17,8.7071909383e-19,1.10089732334e-18,8.81233111509e-19,8.71206750254e-19,1.11898167389e-18,4.30005238179e-18,3.10563658665e-18,1.35300818643e-18,8.70181630596e-19,8.78993028987e-19,8.75947512837e-19,8.70661181494e-19,0.0
1.51808736834e-18,0.519900669104,0.480099330896,5.82357825788e-17,5.92239136929e-19,7.50521241622e-19,5.99422686979e-19,5.92571949149e-19,7.6176319629e-19,2.9509897047e-18,2.11990298475e-18,9.2248314078e-19,5.91872734412e-19,5.97924575158e-19,5.95831256431e-19,5.92200812812e-19,0.0
1.03782253457e-18,0.519900669104,0.480099330896,4.1041717948e-17,4.02824743129e-19,5.11657283729e-19,4.0773270202e-19,4.03051875821e-19,5.18581475248e-19,2.02517073376e-18,1.44704267205e-18,6.28950477579e-19,4.02574958404e-19,4.06731095455e-19,4.0529241871e-19,4.02799401363e-19,0.0
7.09495142193e-19,0.519900669104,0.480099330896,2.89241860852e-17,2.73990291352e-19,3.48815145361e-19,2.77343450469e-19,2.74145299716e-19,3.53031949798e-19,1.3898105081e-18,9.87749208238e-19,4.28819439358e-19,2.73820008443e-19,2.76674000173e-19,2.75685343612e-19,2.73973547871e-19,0.0
4.85037990627e-19,0.519900669104,0.480099330896,2.03843450644e-17,1.86360646995e-19,2.37799811519e-19,1.88651509033e-19,1.864664324e-19,2.403316808e-19,9.53782916288e-19,6.74236162638e-19,2.92369778109e-19,1.86244562555e-19,1.8820420476e-19,1.87524871361e-19,1.86349594064e-19,0.0
3.31590504799e-19,0.519900669104,0.480099330896,1.43658847472e-17,1.2675737734e-19,1.62116671568e-19,1.28322452902e-19,1.2682956975e-19,1.6360931873e-19,6.54550995333e-19,4.60232616961e-19,1.99338181309e-19,1.26678241224e-19,1.28023676483e-19,1.27556934722e-19,1.26750087655e-19,0.0
2.26687939908e-19,0.519900669104,0.480099330896,1.01243696531e-17,8.6216875554e-20,1.10520757071e-19,8.72860864096e-20,8.62661421466e-20,1.11379444799e-19,4.49197608989e-19,3.14154110165e-19,1.35909090141e-19,8.61629278157e-20,8.70865864087e-20,8.67659392468e-20,8.62120725359e-20,0.0
1.54972537984e-19,0.519900669104,0.480099330896,7.13515823615e-18,5.86423432409e-20,7.53459692044e-20,5.93727809001e-20,5.86759640952e-20,7.58231916134e-20,3.08270086457e-19,2.1444113541e-19,9.26630345563e-20,5.86055668129e-20,5.92396167696e-20,5.90193565702e-20,5.86391819404e-20,0.0
1.05945148819e-19,0.519900669104,0.480099330896,5.02850891454e-18,3.98869061154e-20,5.13660530909e-20,4.03858994808e-20,3.99098496446e-20,5.16177504458e-20,2.11555992958e-19,1.46377204907e-19,6.31778048419e-20,3.98618355775e-20,4.02970461897e-20,4.01457585799e-20,3.98848276986e-20,0.0
7.2428152138e-20,0.519900669104,0.480099330896,3.54384599005e-18,2.71299745462e-20,3.50180830906e-20,2.74708519989e-20,2.71456314902e-20,3.51395411403e-20,1.45184174926e-19,9.99168656484e-20,4.30747281669e-20,2.71128840146e-20,2.74115873829e-20,2.73076838789e-20,2.71286097096e-20,0.0
4.95146524461e-20,0.519900669104,0.480099330896,2.49752851485e-18,1.84530611813e-20,2.38730848401e-20,1.86859205626e-20,1.84637455556e-20,2.39217583271e-20,9.96352991665e-20,6.82031061283e-20,2.93684184074e-20,1.8441410661e-20,1.86464069678e-20,1.85750531366e-20,1.84521660802e-20,0.0
3.38501084797e-20,0.519900669104,0.480099330896,1.76013537269e-18,1.25512637831e-20,1.62751392847e-20,1.27103312007e-20,1.25585547739e-20,1.62850880486e-20,6.83765489254e-20,4.65553403358e-20,2.00234345393e-20,1.2543321728e-20,1.26839970247e-20,1.2635000484e-20,1.25506775576e-20,0.0
2.31412276464e-20,0.519900669104,0.480099330896,1.24045692043e-18,8.53702380362e-21,1.10953469361e-20,8.64568158096e-21,8.54199910491e-21,1.10863126834e-20,4.69246590521e-20,3.17786071166e-20,1.36520096244e-20,8.53160980276e-21,8.62813842911e-21,8.59449693396e-21,8.53664043938e-21,0.0
1.58202274981e-20,0.519900669104,0.480099330896,8.74213083442e-19,5.80664837285e-21,7.56409647124e-21,5.88087035807e-21,5.81004343429e-21,7.54717005816e-21,3.22029067241e-20,2.16920306668e-20,9.30796194922e-21,5.8029577336e-21,5.86918875861e-21,5.84609218191e-21,5.80639807349e-21,0.0
1.08153120446e-20,0.519900669104,0.480099330896,6.16102423773e-19,3.94952223415e-21,5.15671621229e-21,4.00022090156e-21,3.95183894235e-21,5.13784677676e-21,2.20998345524e-20,1.48069483576e-20,6.3461833116e-21,3.94700639579e-21,3.99244599136e-21,3.97659037661e-21,3.94935909826e-21,0.0
7.39376059138e-21,0.519900669104,0.480099330896,4.34198713984e-19,2.68635620352e-21,3.51551863401e-21,2.72098622942e-21,2.68793705295e-21,3.49766459454e-21,1.51664162316e-20,1.01072012589e-20,4.32683790975e-21,2.68464121292e-21,2.71581399909e-21,2.70493015356e-21,2.68625007958e-21,0.0
5.05465727269e-21,0.519900669104,0.480099330896,3.06001917783e-19,1.82718547317e-21,2.3966553049e-21,1.85083930185e-21,1.82826418435e-21,2.38108650326e-21,1.04082309197e-20,6.89916077379e-21,2.95004499209e-21,1.82601640823e-21,1.84740023875e-21,1.83992979983e-21,1.82711658032e-21,0.0
3.45555686157e-21,0.519900669104,0.480099330896,2.15655115207e-19,1.24280121489e-21,1.63388599194e-21,1.25895753687e-21,1.24353727857e-21,1.6209595811e-21,7.14283910082e-21,4.70935703795e-21,2.0113453836e-21,1.24200429729e-21,1.25667208553e-21,1.25154494797e-21,1.24275659346e-21,0.0
2.36235071526e-21,0.519900669104,0.480099330896,1.51983128249e-19,8.4531914379e-22,1.11387875812e-21,8.56354237817e-22,8.45821395192e-22,1.10349202348e-21,4.90190415775e-21,3.2146002156e-21,1.37133849245e-21,8.44775910845e-22,8.5483627068e-22,8.51317673605e-22,8.45290315471e-22,0.0
1.61499321975e-21,0.519900669104,0.480099330896,1.07110240582e-19,5.7496279075e-22,7.59371151907e-22,5.82499853369e-22,5.75305497385e-22,7.51218389449e-22,3.36402150918e-21,2.19428139826e-21,9.34980772679e-22,5.74592488209e-22,5.81492227037e-22,5.7907770917e-22,5.7494421771e-22,0.0
1.10407107759e-21,0.519900669104,0.480099330896,7.54860343354e-20,3.91073848469e-22,5.17690585395e-22,3.96221638419e-22,3.91307688837e-22,5.1140294324e-22,2.30862137448e-21,1.49781326815e-21,6.37471382952e-22,3.90821427632e-22,3.95553185683e-22,3.93896430973e-22,3.91061919708e-22,0.0
7.5478517771e-22,0.519900669104,0.480099330896,5.31988477362e-20,2.65997656574e-22,3.52928263779e-22,2.69513521494e-22,2.66157212193e-22,3.48145058784e-22,1.58433370184e-21,1.02240514277e-21,4.3462900624e-22,2.6582559193e-22,2.69070359721e-22,2.6793363978e-22,2.65990021875e-22,0.0
5.15999989542e-22,0.519900669104,0.480099330896,3.74919337779e-20,1.80924277038e-22,2.40603872059e-22,1.83325520933e-22,1.81033145075e-22,2.37004858024e-22,1.08727802078e-21,6.97892252783e-22,2.96330750081e-22,1.80806988381e-22,1.83031918591e-22,1.8225205836e-22,1.80919409872e-22,0.0
3.52757310385e-22,0.519900669104,0.480099330896,2.64224726328e-20,1.23059708282e-22,1.6402830034e-22,1.24699667902e-22,1.23133990418e-22,1.61344535301e-22,7.46164455826e-22,4.76380229441e-22,2.02038778321e-22,1.22979758307e-22,1.24505290207e-22,1.2397029654e-22,1.23056619334e-22,0.0
2.41158377039e-22,0.519900669104,0.480099330896,1.86212603534e-20,8.37018229415e-23,1.11823983056e-22,8.48218354748e-23,8.37525061496e-23,1.09837660243e-22,5.12069024201e-22,3.25176446791e-22,1.37750361494e-22,8.36473251874e-23,8.4693245904e-23,8.43262598104e-23,8.36998726259e-23,0.0
1.64865081755e-22,0.519900669104,0.480099330896,1.3123349278e-20,5.69316737505e-23,7.62344251611e-23,5.76965752543e-23,5.6966254911e-23,7.47735991502e-23,3.51416746669e-22,2.21964966244e-22,9.39184163029e-23,5.68945256303e-23,5.7611575298e-23,5.73598538688e-23,5.69304497029e-23,0.0
1.12708069757e-22,0.519900669104,0.480099330896,9.2486917107e-21,3.87233558616e-23,5.19717454236e-23,3.92457293271e-23,3.87469503634e-23,5.0903224973e-23,2.41166178782e-22,1.51512960813e-22,6.40337261201e-23,3.86980341505e-23,3.91895903019e-23,3.90169425662e-23,3.87225930184e-23,0.0
7.70515433181e-23,0.519900669104,0.480099330896,6.51802345173e-21,2.63385597226e-23,3.54310053059e-23,2.66952980074e-23,2.63546579428e-23,3.46531174386e-23,1.65504707273e-22,1.03422525107e-22,4.36582966604e-23,2.63212994664e-23,2.66582536597e-23,2.65398480738e-23,2.63380882795e-23,0.0
5.26753793271e-23,0.519900669104,0.480099330896,4.5935826435e-21,1.79147626239e-23,2.41545887434e-23,1.81583817633e-23,1.79257461237e-23,2.35906182535e-23,1.13580636671e-22,7.05960641394e-23,2.97662963375e-23,1.79029974211e-23,1.81339606439e-23,1.8052760915e-23,1.79144742163e-23,0.0
3.60109021542e-23,0.519900669104,0.480099330896,3.23733132581e-21,1.2185127936e-23,1.64670506052e-23,1.23514945655e-23,1.2192621691e-23,1.60596595839e-23,7.79467922041e-23,4.81887699688e-23,2.02947083471e-23,1.21771083935e-23,1.23354114952e-23,1.22797303039e-23,1.21849537082e-23,0.0
2.46184287711e-23,0.519900669104,0.480099330896,2.28151204113e-21,8.28798828845e-24,1.12261797753e-23,8.40159767487e-24,8.29310103317e-24,1.09328489477e-23,5.34924137861e-23,3.28935837913e-23,1.38369645395e-23,8.28252193415e-24,8.39101726001e-24,8.35283738854e-24,8.28788470584e-24,0.0
1.68300986342e-23,0.519900669104,0.480099330896,1.60789757672e-21,5.63726127704e-24,7.65328991634e-24,5.71484229021e-24,5.64074950324e-24,7.4426973679e-24,3.67101487021e-23,2.24531121118e-23,9.43406450549e-24,5.63353526739e-24,5.70788989773e-24,5.68171211522e-24,5.6372009728e-24,0.0
