0.0 0.0 0.0 0.0,0.0 0.0 0.0 10.0,0.0 0.0 10.0 0.0,0.0 0.0 10.0 10.0,0.0 10.0 0.0 0.0,0.0 10.0 0.0 10.0,0.0 10.0 10.0 0.0,0.0 10.0 10.0 10.0,10.0 0.0 0.0 0.0,10.0 0.0 0.0 10.0,10.0 0.0 10.0 0.0,10.0 0.0 10.0 10.0,10.0 10.0 0.0 0.0,10.0 10.0 0.0 10.0,10.0 10.0 10.0 0.0,10.0 10.0 10.0 10.0,other
0.0625,0.0625,0.0625,0.0625,0.0625,0.0625,0.0625,0.0625,0.0625,0.0625,0.0625,0.0625,0.0625,0.0625,0.0625,0.0625,0.0
0.0588235339708,0.0888166752123,0.0876532373824,0.0588235294118,0.0588235294118,0.0588237040632,0.0588237205825,0.0588235294118,0.0588235294118,0.0588236873219,0.058823676759,0.0588235294118,0.0588235294118,0.0588235294128,0.0588235294127,0.0588235294118,0.0
0.0540535785564,0.123133511675,0.120115583499,0.0540535736565,0.0540535736565,0.0540538027399,0.0540538229656,0.0540535736565,0.0540535736565,0.0540537751739,0.0540537624791,0.0540535736565,0.0540535736565,0.0540535736576,0.0540535736574,0.0540535736565,0.0
0.0481912894095,0.165461563289,0.159859597395,0.0481912849777,0.0481912849777,0.0481915097065,0.0481915286999,0.0481912849777,0.0481912849777,0.0481914792614,0.0481914674379,0.0481912849777,0.0481912849777,0.0481912849787,0.0481912849785,0.0481912849777,0.0
0.0414480720927,0.21423081535,0.205495483242,0.0414480682778,0.0414480682778,0.0414482661962,0.0414482826018,0.0414480682778,0.0414480682778,0.041448238108,0.0414482279076,0.0414480682778,0.0414480682778,0.0414480682787,0.0414480682785,0.0414480682778,0.0
0.0342576659958,0.266181836527,0.254210265069,0.0342576628425,0.0342576628425,0.034257827254,0.0342578407967,0.0342576628425,0.0342576628425,0.0342578035988,0.0342577951741,0.0342576628425,0.0342576628425,0.0342576628433,0.0342576628431,0.0342576628425,0.0
0.0271841235439,0.317051969125,0.302369845068,0.0271841210418,0.0271841210418,0.0271842516333,0.0271842623725,0.0271841210417,0.0271841210418,0.0271842327818,0.0271842260989,0.0271841210417,0.0271841210417,0.0271841210423,0.0271841210422,0.0271841210417,0.0
0.0207560944905,0.362835739998,0.346578588766,0.02075609258,0.02075609258,0.0207561923108,0.0207562005089,0.02075609258,0.02075609258,0.0207561779035,0.0207561728013,0.02075609258,0.02075609258,0.0207560925805,0.0207560925804,0.02075609258,0.0
0.015322058872,0.400896363144,0.384594555476,0.0153220574617,0.0153220574617,0.0153221310857,0.0153221371371,0.0153220574617,0.0153220574617,0.015322120448,0.0153221166816,0.0153220574617,0.0153220574617,0.015322057462,0.015322057462,0.0153220574617,0.0
0.0110019848346,0.430341262994,0.415630764658,0.0110019838219,0.0110019838219,0.0110020366882,0.0110020410333,0.0110019838219,0.0110019838219,0.0110020290493,0.0110020263449,0.0110019838219,0.0110019838219,0.0110019838222,0.0110019838221,0.0110019838219,0.0
0.00773214243094,0.451679875761,0.440070000425,0.00773214171924,0.00773214171924,0.00773217887354,0.00773218192722,0.00773214171924,0.00773214171924,0.00773217350486,0.00773217160421,0.00773214171924,0.00773214171924,0.0077321417194,0.00773214171938,0.00773214171924,0.0
0.00534805978815,0.466186224816,0.458940848384,0.00534805929589,0.00534805929589,0.0053480849943,0.00534808710642,0.00534805929589,0.00534805929589,0.00534808128093,0.00534807996632,0.00534805929589,0.00534805929589,0.005348059296,0.00534805929598,0.00534805929589,0.0
0.00365679304083,0.475344022981,0.473460813069,0.00365679270424,0.00365679270424,0.00365681027582,0.00365681172,0.00365679270424,0.00365679270424,0.00365680773676,0.00365680683788,0.00365679270424,0.00365679270424,0.00365679270432,0.00365679270431,0.00365679270424,0.0
0.00248021687535,0.48051590294,0.484761019176,0.00248021664706,0.00248021664706,0.00248022856497,0.00248022954449,0.00248021664706,0.00248021664706,0.00248022684285,0.00248022623319,0.00248021664706,0.00248021664706,0.00248021664711,0.0024802166471,0.00248021664706,0.0
0.00167279091908,0.482809564397,0.493771334658,0.00167279076511,0.00167279076511,0.00167279880319,0.00167279946382,0.00167279076511,0.00167279076511,0.0016727976417,0.00167279723051,0.00167279076511,0.00167279076511,0.00167279076514,0.00167279076514,0.00167279076511,0.0
0.00112387855872,0.483062449236,0.501203232078,0.00112387845527,0.00112387845527,0.00112388385572,0.00112388429958,0.00112387845527,0.00112387845527,0.00112388307537,0.0011238827991,0.00112387845527,0.00112387845527,0.00112387845529,0.00112387845529,0.00112387845527,0.0
0.000753099131766,0.481879268176,0.507577331338,0.000753099062447,0.000753099062447,0.000753102681234,0.000753102978656,0.000753099062447,0.000753099062447,0.000753102158325,0.000753101973206,0.000753099062447,0.000753099062447,0.000753099062463,0.000753099062461,0.000753099062447,0.0
0.000503734780397,0.479683737704,0.513263966916,0.000503734734032,0.000503734734031,0.000503737154575,0.000503737353515,0.000503734734031,0.000503734734031,0.00050373680481,0.000503736680988,0.000503734734031,0.000503734734031,0.000503734734042,0.00050373473404,0.000503734734031,0.0
0.000336522222379,0.476766783816,0.518521899423,0.000336522191404,0.000336522191404,0.000336523808459,0.000336523941361,0.000336522191404,0.000336522191404,0.000336523574797,0.000336523492077,0.000336522191404,0.000336522191404,0.000336522191411,0.00033652219141,0.000336522191404,0.0
0.000224621855537,0.473325328157,0.523529962095,0.000224621834861,0.000224621834861,0.000224622914213,0.000224623002923,0.000224621834861,0.000224621834861,0.000224622758249,0.000224622703035,0.000224621834861,0.000224621834861,0.000224621834866,0.000224621834865,0.000224621834861,0.0
0.000149839475142,0.469491245446,0.528410999387,0.000149839461351,0.000149839461351,0.000149840181358,0.000149840240534,0.00014983946135,0.000149839461351,0.000149840077319,0.000149840040487,0.00014983946135,0.00014983946135,0.000149839461354,0.000149839461353,0.00014983946135,0.0
9.9909955801e-05,0.465352070126,0.533249188816,9.99099466049e-05,9.99099466049e-05,9.99104266917e-05,9.99104661491e-05,9.99099466049e-05,9.99099466049e-05,9.99103573207e-05,9.9910332762e-05,9.99099466049e-05,9.99099466049e-05,9.9909946607e-05,9.99099466067e-05,9.99099466049e-05,0.0
6.65957930786e-05,0.460965418016,0.538102239763,6.65957869488e-05,6.65957869488e-05,6.65961069546e-05,6.65961332552e-05,6.65957869488e-05,6.65957869488e-05,6.6596060715e-05,6.65960443452e-05,6.65957869488e-05,6.65957869488e-05,6.65957869502e-05,6.659578695e-05,6.65957869488e-05,0.0
4.43782959026e-05,0.456368865515,0.543009837597,4.43782918179e-05,4.43782918179e-05,4.43785050643e-05,4.43785225906e-05,4.43782918178e-05,4.43782918179e-05,4.43784742511e-05,4.43784633427e-05,4.43782918178e-05,4.43782918178e-05,4.43782918188e-05,4.43782918187e-05,4.43782918178e-05,0.0
2.95664466115e-05,0.451586646471,0.54799942278,2.956644389e-05,2.956644389e-05,2.95665859626e-05,2.95665976392e-05,2.956644389e-05,2.956644389e-05,2.95665654339e-05,2.95665581663e-05,2.956644389e-05,2.956644389e-05,2.95664438907e-05,2.95664438906e-05,2.956644389e-05,0.0
1.96944342226e-05,0.446634162364,0.553090115226,1.96944324098e-05,1.96944324098e-05,1.96945270454e-05,1.96945348233e-05,1.96944324098e-05,1.96944324098e-05,1.96945133712e-05,1.96945085303e-05,1.96944324098e-05,1.96944324098e-05,1.96944324102e-05,1.96944324101e-05,1.96944324098e-05,0.0
1.31162504254e-05,0.441521008655,0.558295363619,1.31162492181e-05,1.31162492181e-05,1.31163122443e-05,1.31163174243e-05,1.31162492181e-05,1.31162492181e-05,1.31163031376e-05,1.31162999136e-05,1.31162492181e-05,1.31162492181e-05,1.31162492184e-05,1.31162492183e-05,1.31162492181e-05,0.0
8.73373637508e-06,0.436253002534,0.56362472501,8.73373557119e-06,8.73373557118e-06,8.7337775385e-06,8.73378098771e-06,8.73373557118e-06,8.73373557118e-06,8.73377147472e-06,8.73376932797e-06,8.73373557118e-06,8.73373557118e-06,8.73373557137e-06,8.73373557134e-06,8.73373557118e-06,0.0
5.81452905335e-06,0.430833542447,0.569085054048,5.81452851815e-06,5.81452851815e-06,5.8145564581e-06,5.81455875443e-06,5.81452851815e-06,5.81452851815e-06,5.81455242121e-06,5.81455099202e-06,5.81452851815e-06,5.81452851815e-06,5.81452851828e-06,5.81452851826e-06,5.81452851815e-06,0.0
3.87035907516e-06,0.425264522311,0.574681292597,3.87035871891e-06,3.87035871891e-06,3.87037731675e-06,3.87037884526e-06,3.87035871891e-06,3.87035871891e-06,3.87037462973e-06,3.87037367843e-06,3.87035871891e-06,3.87035871891e-06,3.87035871899e-06,3.87035871898e-06,3.87035871891e-06,0.0
2.57577029689e-06,0.419546949888,0.580416989285,2.5757700598e-06,2.5757700598e-06,2.57578243688e-06,2.57578345413e-06,2.5757700598e-06,2.5757700598e-06,2.57578064872e-06,2.57578001563e-06,2.5757700598e-06,2.5757700598e-06,2.57577005986e-06,2.57577005985e-06,2.5757700598e-06,0.0
1.71387105858e-06,0.413681369154,0.586294636622,1.71387090083e-06,1.71387090083e-06,1.71387913632e-06,1.71387981318e-06,1.71387090083e-06,1.71387090083e-06,1.71387794658e-06,1.71387752535e-06,1.71387090083e-06,1.71387090083e-06,1.71387090087e-06,1.71387090086e-06,1.71387090083e-06,0.0
1.14014366118e-06,0.407668153092,0.592315884878,1.14014355624e-06,1.14014355624e-06,1.14014903485e-06,1.14014948513e-06,1.14014355624e-06,1.14014355624e-06,1.14014824345e-06,1.14014796324e-06,1.14014355624e-06,1.14014355624e-06,1.14014355626e-06,1.14014355626e-06,1.14014355624e-06,0.0
7.5830887032e-07,0.401507711016,0.598481672647,7.58308800523e-07,7.58308800522e-07,7.58312444345e-07,7.58312743823e-07,7.58308800522e-07,7.58308800522e-07,7.58311918051e-07,7.58311731694e-07,7.58308800522e-07,7.58308800522e-07,7.58308800539e-07,7.58308800536e-07,7.58308800522e-07,0.0
5.04233926451e-07,0.395200639619,0.604792301098,5.04233880039e-07,5.04233880039e-07,5.04236302982e-07,5.04236502119e-07,5.04233880039e-07,5.04233880039e-07,5.04235953084e-07,5.04235829178e-07,5.04233880039e-07,5.04233880039e-07,5.0423388005e-07,5.04233880048e-07,5.04233880039e-07,0.0
3.35205545624e-07,0.388747836947,0.61124747017,3.3520551477e-07,3.3520551477e-07,3.35207125498e-07,3.35207257881e-07,3.3520551477e-07,3.3520551477e-07,3.35206892949e-07,3.35206810588e-07,3.3520551477e-07,3.3520551477e-07,3.35205514777e-07,3.35205514776e-07,3.3520551477e-07,0.0
2.22780416795e-07,0.382150591906,0.617846289165,2.22780396289e-07,2.22780396289e-07,2.22781466792e-07,2.22781554775e-07,2.22780396289e-07,2.22780396289e-07,2.22781312291e-07,2.22781257563e-07,2.22780396289e-07,2.22780396289e-07,2.22780396294e-07,2.22780396293e-07,2.22780396289e-07,0.0
1.48020774158e-07,0.375410657428,0.624587270278,1.48020760533e-07,1.48020760533e-07,1.48021471802e-07,1.4802153026e-07,1.48020760533e-07,1.48020760533e-07,1.48021369199e-07,1.48021332845e-07,1.48020760533e-07,1.48020760533e-07,1.48020760537e-07,1.48020760536e-07,1.48020760533e-07,0.0
9.83198104408e-08,0.368530312472,0.631468311049,9.83198013911e-08,9.8319801391e-08,9.8320273837e-08,9.83203126664e-08,9.8319801391e-08,9.8319801391e-08,9.83202057338e-08,9.83201815949e-08,9.8319801391e-08,9.8319801391e-08,9.83198013931e-08,9.83198013928e-08,9.8319801391e-08,0.0
6.52866948308e-08,0.361512416015,0.63848666997,6.52866888215e-08,6.52866888215e-08,6.52870025369e-08,6.52870283205e-08,6.52866888215e-08,6.52866888215e-08,6.52869573626e-08,6.5286941342e-08,6.52866888215e-08,6.52866888215e-08,6.52866888229e-08,6.52866888227e-08,6.52866888215e-08,0.0
4.33377098324e-08,0.354360454857,0.645638938414,4.33377058434e-08,4.33377058434e-08,4.33379140896e-08,4.33379312049e-08,4.33377058434e-08,4.33377058434e-08,4.33378841496e-08,4.3337873523e-08,4.33377058434e-08,4.33377058434e-08,4.33377058443e-08,4.33377058442e-08,4.33377058434e-08,0.0
2.87578863607e-08,0.347078586103,0.652921011286,2.87578837137e-08,2.87578837137e-08,2.8758021901e-08,2.87580332583e-08,2.87578837137e-08,2.87578837137e-08,2.87580020799e-08,2.87579950362e-08,2.87578837137e-08,2.87578837137e-08,2.87578837143e-08,2.87578837142e-08,2.87578837137e-08,0.0
1.9076100535e-08,0.339671674564,0.66032805837,1.90760987792e-08,1.90760987792e-08,1.90761904436e-08,1.90761979773e-08,1.90760987792e-08,1.90760987792e-08,1.90761773416e-08,1.9076172677e-08,1.90760987792e-08,1.90760987792e-08,1.90760987796e-08,1.90760987795e-08,1.90760987792e-08,0.0
1.26489827568e-08,0.332145324892,0.667854498022,1.26489815926e-08,1.26489815926e-08,1.26490423734e-08,1.26490473688e-08,1.26489815925e-08,1.26489815926e-08,1.26490337319e-08,1.26490306466e-08,1.26489815925e-08,1.26489815925e-08,1.26489815928e-08,1.26489815928e-08,1.26489815925e-08,0.0
8.38390859558e-09,0.324505907927,0.675493974699,8.38390782389e-09,8.38390782389e-09,8.38394811021e-09,8.38395142126e-09,8.38390782389e-09,8.38390782389e-09,8.38394242894e-09,8.38394039164e-09,8.38390782389e-09,8.38390782389e-09,8.38390782407e-09,8.38390782404e-09,8.38390782389e-09,0.0
5.55461381074e-09,0.316760580548,0.683239341687,5.55461329947e-09,5.55461329947e-09,5.55463999048e-09,5.55464218416e-09,5.55461329947e-09,5.55461329947e-09,5.5546362735e-09,5.55463493142e-09,5.55461329947e-09,5.55461329947e-09,5.55461329959e-09,5.55461329957e-09,5.55461329947e-09,0.0
3.67848503113e-09,0.308917298207,0.691082650294,3.67848469255e-09,3.67848469255e-09,3.67850236839e-09,3.67850382113e-09,3.67848469255e-09,3.67848469255e-09,3.67849995478e-09,3.67849907377e-09,3.67848469255e-09,3.67848469255e-09,3.67848469263e-09,3.67848469261e-09,3.67848469255e-09,0.0
2.43491193737e-09,0.300984819215,0.699015146696,2.43491171325e-09,2.43491171325e-09,2.43492341348e-09,2.43492437509e-09,2.43491171325e-09,2.43491171325e-09,2.43492186488e-09,2.43492128958e-09,2.43491171325e-09,2.43491171325e-09,2.4349117133e-09,2.43491171329e-09,2.43491171325e-09,0.0
1.61097214558e-09,0.292972699899,0.707027277547,1.6109719973e-09,1.6109719973e-09,1.61097973834e-09,1.61098037456e-09,1.6109719973e-09,1.6109719973e-09,1.61097876419e-09,1.61097839159e-09,1.6109719973e-09,1.6109719973e-09,1.61097199733e-09,1.61097199733e-09,1.6109719973e-09,0.0
1.06530688816e-09,0.284891279753,0.715108705333,1.06530679011e-09,1.06530679011e-09,1.06531190911e-09,1.06531232983e-09,1.06530679011e-09,1.06530679011e-09,1.06531131699e-09,1.06531107879e-09,1.06530679011e-09,1.06530679011e-09,1.06530679013e-09,1.06530679012e-09,1.06530679011e-09,0.0
7.04100913438e-10,0.276751655806,0.723248334337,7.0410084863e-10,7.0410084863e-10,7.04104231973e-10,7.04104510043e-10,7.04100848629e-10,7.0410084863e-10,7.04103894528e-10,7.041037455e-10,7.04100848629e-10,7.04100848629e-10,7.04100848645e-10,7.04100848642e-10,7.04100848629e-10,0.0
4.65114903574e-10,0.268565645608,0.73143434788,4.65114860763e-10,4.65114860763e-10,4.65117095731e-10,4.65117279419e-10,4.65114860763e-10,4.65114860763e-10,4.65116928807e-10,4.65116839004e-10,4.65114860763e-10,4.65114860763e-10,4.65114860773e-10,4.65114860771e-10,4.65114860763e-10,0.0
3.07073765022e-10,0.260345738387,0.739654257314,3.07073736758e-10,3.07073736758e-10,3.07075212308e-10,3.0707533358e-10,3.07073736758e-10,3.07073736758e-10,3.07075160357e-10,3.07075109968e-10,3.07073736758e-10,3.07073736758e-10,3.07073736764e-10,3.07073736763e-10,3.07073736758e-10,0.0
2.02616358943e-10,0.252105034196,0.747894962968,2.02616340294e-10,2.02616340294e-10,2.02617313905e-10,2.02617393924e-10,2.02616340294e-10,2.02616340294e-10,2.02617340322e-10,2.0261731625e-10,2.02616340294e-10,2.02616340294e-10,2.02616340298e-10,2.02616340297e-10,2.02616340294e-10,0.0
1.33612845252e-10,0.243857171144,0.756142826985,1.33612832953e-10,1.33612832953e-10,1.33613474989e-10,1.33613527757e-10,1.33612832953e-10,1.33612832953e-10,1.33613555684e-10,1.33613549275e-10,1.33612832953e-10,1.33612832953e-10,1.33612832956e-10,1.33612832956e-10,1.33612832953e-10,0.0
8.80555689895e-11,0.23561624112,0.764383757647,8.80555608845e-11,8.80555608845e-11,8.80559840088e-11,8.80560187845e-11,8.80555608845e-11,8.80555608845e-11,8.80561031369e-11,8.80561086749e-11,8.80555608845e-11,8.80555608845e-11,8.80555608864e-11,8.80555608861e-11,8.80555608845e-11,0.0
5.79954385208e-11,0.227396694741,0.772603304447,5.79954331826e-11,5.79954331826e-11,5.79957118621e-11,5.79957347662e-11,5.79954331826e-11,5.79954331826e-11,5.79958589873e-11,5.79958726897e-11,5.79954331826e-11,5.79954331826e-11,5.79954331839e-11,5.79954331836e-11,5.79954331826e-11,0.0
3.81727350912e-11,0.219213236628,0.780786762838,3.81727315776e-11,3.81727315776e-11,3.8172915005e-11,3.81729300806e-11,3.81727315776e-11,3.81727315776e-11,3.81730832063e-11,3.81731025628e-11,3.81727315776e-11,3.81727315776e-11,3.81727315784e-11,3.81727315782e-11,3.81727315776e-11,0.0
2.51090233528e-11,0.211080712462,0.788919287186,2.51090210416e-11,2.51090210416e-11,2.51091416954e-11,2.51091516117e-11,2.51090210416e-11,2.51090210416e-11,2.51093263042e-11,2.5109349636e-11,2.51090210416e-11,2.51090210416e-11,2.51090210421e-11,2.51090210421e-11,2.51090210416e-11,0.0
1.65051256646e-11,0.203013989587,0.796986010182,1.65051241454e-11,1.65051241454e-11,1.65052034558e-11,1.65052099742e-11,1.65051241454e-11,1.65051241454e-11,1.65054012119e-11,1.65054273786e-11,1.65051241454e-11,1.65051241454e-11,1.65051241458e-11,1.65051241457e-11,1.65051241454e-11,0.0
1.08421767544e-11,0.195027833248,0.804972166601,1.08421757564e-11,1.08421757564e-11,1.08422278552e-11,1.08422321371e-11,1.08421757564e-11,1.08421757564e-11,1.08424363406e-11,1.08424645465e-11,1.08421757564e-11,1.08421757564e-11,1.08421757566e-11,1.08421757566e-11,1.08421757564e-11,0.0
7.11737435156e-12,0.187136780827,0.812863219073,7.11737369645e-12,7.11737369645e-12,7.11740789683e-12,7.11741070769e-12,7.11737369645e-12,7.11737369645e-12,7.11762515807e-12,7.11765482397e-12,7.11737369645e-12,7.11737369645e-12,7.1173736966e-12,7.11737369658e-12,7.11737369645e-12,0.0
4.66903205521e-12,0.179355016595,0.82064498334,4.66903162545e-12,4.66903162545e-12,4.66905406107e-12,4.669055905e-12,4.66903162545e-12,4.66903162545e-12,4.66927835896e-12,4.66930903773e-12,4.66903162545e-12,4.66903162545e-12,4.66903162555e-12,4.66903162554e-12,4.66903162545e-12,0.0
3.06081304922e-12,0.171696249652,0.828303750305,3.06081276749e-12,3.06081276749e-12,3.0608274753e-12,3.0608286841e-12,3.06081276749e-12,3.06081276749e-12,3.06105712476e-12,3.06108844696e-12,3.06081276749e-12,3.06081276749e-12,3.06081276756e-12,3.06081276755e-12,3.06081276749e-12,0.0
2.00516518022e-12,0.164173597742,0.83582640223,2.00516499566e-12,2.00516499566e-12,2.00517463087e-12,2.00517542277e-12,2.00516499566e-12,2.00516499566e-12,2.00540790518e-12,2.00543954486e-12,2.00516499566e-12,2.00516499566e-12,2.0051649957e-12,2.0051649957e-12,2.00516499566e-12,0.0
1.3127104986e-12,0.15679947956,0.843200520421,1.31271037777e-12,1.31271037777e-12,1.3127166856e-12,1.31271720403e-12,1.31271037777e-12,1.31271037777e-12,1.312951769e-12,1.31298342364e-12,1.31271037777e-12,1.31271037777e-12,1.3127103778e-12,1.3127103778e-12,1.31271037777e-12,0.0
8.58810072415e-13,0.149585517965,0.850414482023,8.58809993367e-13,8.58809993367e-13,8.58814120117e-13,8.58814459287e-13,8.58809993366e-13,8.58809993367e-13,8.59049097675e-13,8.59080477954e-13,8.58809993366e-13,8.58809993366e-13,8.58809993385e-13,8.58809993382e-13,8.58809993366e-13,0.0
5.6148847094e-13,0.142542456235,0.857457543757,5.61488419258e-13,5.61488419258e-13,5.6149111732e-13,5.61491339068e-13,5.61488419258e-13,5.61488419258e-13,5.61723993898e-13,5.61754820393e-13,5.61488419258e-13,5.61488419258e-13,5.6148841927e-13,5.61488419268e-13,5.61488419258e-13,0.0
3.66867351333e-13,0.13568008905,0.864319910945,3.66867317565e-13,3.66867317565e-13,3.66869080435e-13,3.66869225322e-13,3.66867317565e-13,3.66867317565e-13,3.67097821887e-13,3.6712782653e-13,3.66867317565e-13,3.66867317565e-13,3.66867317573e-13,3.66867317572e-13,3.66867317565e-13,0.0
2.395599487e-13,0.129007209362,0.870992790635,2.3955992665e-13,2.3955992665e-13,2.39561077783e-13,2.39561172392e-13,2.3955992665e-13,2.3955992665e-13,2.3978366806e-13,2.3981259867e-13,2.3955992665e-13,2.3955992665e-13,2.39559926655e-13,2.39559926655e-13,2.3955992665e-13,0.0
1.56341039411e-13,0.122531571656,0.877468428341,1.5634102502e-13,1.5634102502e-13,1.5634177627e-13,1.56341838013e-13,1.5634102502e-13,1.5634102502e-13,1.56556283978e-13,1.56583910505e-13,1.5634102502e-13,1.5634102502e-13,1.56341025024e-13,1.56341025023e-13,1.5634102502e-13,0.0
1.01978221905e-13,0.116259871426,0.883740128573,1.01978212519e-13,1.01978212519e-13,1.01978702544e-13,1.01978742818e-13,1.01978212519e-13,1.01978212519e-13,1.02183350463e-13,1.02209471762e-13,1.01978212519e-13,1.01978212519e-13,1.01978212521e-13,1.01978212521e-13,1.01978212519e-13,0.0
6.64884288925e-14,0.11019773988,0.88980226012,6.64884227726e-14,6.64884227726e-14,6.64887422625e-14,6.64887685207e-14,6.64884227725e-14,6.64884227726e-14,6.66819734172e-14,6.67064235676e-14,6.64884227725e-14,6.64884227725e-14,6.6488422774e-14,6.64884227737e-14,6.64884227725e-14,0.0
4.33336570438e-14,0.104349752233,0.895650247766,4.33336530552e-14,4.33336530552e-14,4.33338612819e-14,4.33338783956e-14,4.33336530551e-14,4.33336530552e-14,4.35143957199e-14,4.35370490827e-14,4.33336530551e-14,4.33336530551e-14,4.33336530561e-14,4.33336530559e-14,4.33336530551e-14,0.0
2.82352161663e-14,0.0987194472535,0.901280552746,2.82352135674e-14,2.82352135674e-14,2.82353492432e-14,2.82353603941e-14,2.82352135674e-14,2.82352135674e-14,2.84022266383e-14,2.84230010624e-14,2.82352135674e-14,2.82352135674e-14,2.8235213568e-14,2.82352135679e-14,2.82352135674e-14,0.0
1.83950213581e-14,0.0933093552676,0.906690644732,1.83950196649e-14,1.83950196649e-14,1.83951080566e-14,1.83951153213e-14,1.83950196649e-14,1.83950196649e-14,1.85477127194e-14,1.85665705474e-14,1.83950196649e-14,1.83950196649e-14,1.83950196653e-14,1.83950196653e-14,1.83950196649e-14,0.0
1.19845684087e-14,0.0881210316038,0.911878968396,1.19845673056e-14,1.19845673056e-14,1.19846248938e-14,1.19846296269e-14,1.19845673056e-14,1.19845673056e-14,1.21226915156e-14,1.21396382884e-14,1.19845673056e-14,1.19845673056e-14,1.19845673059e-14,1.19845673058e-14,1.19845673056e-14,0.0
7.80981962552e-15,0.0831550924995,0.9168449075,7.80981890667e-15,7.80981890667e-15,7.80985643438e-15,7.80985951871e-15,7.80981890666e-15,7.80981890667e-15,7.93345676579e-15,7.94853776753e-15,7.80981890666e-15,7.80981890666e-15,7.80981890683e-15,7.8098189068e-15,7.80981890666e-15,0.0
5.09160724546e-15,0.0784112509088,0.921588749091,5.09160677681e-15,5.09160677681e-15,5.09163124298e-15,5.0916332538e-15,5.09160677681e-15,5.09160677681e-15,5.20114367352e-15,5.21443866779e-15,5.09160677681e-15,5.09160677681e-15,5.09160677692e-15,5.0916067769e-15,5.09160677681e-15,0.0
3.32184022874e-15,0.0738883503785,0.926111649621,3.32183992298e-15,3.32183992298e-15,3.32185588508e-15,3.32185719697e-15,3.32183992298e-15,3.32183992298e-15,3.41792134484e-15,3.42953800389e-15,3.32183992298e-15,3.32183992298e-15,3.32183992305e-15,3.32183992304e-15,3.32183992298e-15,0.0
2.16941738634e-15,0.0695843961803,0.93041560382,2.16941718666e-15,2.16941718666e-15,2.16942761114e-15,2.1694284679e-15,2.16941718666e-15,2.16941718666e-15,2.25289618754e-15,2.26296280117e-15,2.16941718666e-15,2.16941718666e-15,2.16941718671e-15,2.1694171867e-15,2.16941718666e-15,0.0
1.41871043953e-15,0.0654965840663,0.934503415934,1.41871030895e-15,1.41871030895e-15,1.41871712613e-15,1.41871768642e-15,1.41871030895e-15,1.41871030895e-15,1.49059019769e-15,1.49924825742e-15,1.41871030895e-15,1.41871030895e-15,1.41871030898e-15,1.41871030897e-15,1.41871030895e-15,0.0
9.29372766614e-16,0.0616213282009,0.938378671799,9.29372681071e-16,9.2937268107e-16,9.29377146889e-16,9.29377513925e-16,9.2937268107e-16,9.2937268107e-16,9.90749676805e-16,9.98146872076e-16,9.2937268107e-16,9.2937268107e-16,9.2937268109e-16,9.29372681087e-16,9.2937268107e-16,0.0
6.10101176335e-16,0.0579542908097,0.94204570919,6.10101120178e-16,6.10101120178e-16,6.10104051834e-16,6.10104292781e-16,6.10101120178e-16,6.10101120178e-16,6.62111040002e-16,6.683950915e-16,6.10101120178e-16,6.10101120178e-16,6.10101120191e-16,6.10101120189e-16,6.10101120178e-16,0.0
4.01520081701e-16,0.054490416692,0.945509583308,4.01520044743e-16,4.01520044743e-16,4.01521974126e-16,4.01522132698e-16,4.01520044743e-16,4.01520044743e-16,4.45292079505e-16,4.50605691863e-16,4.01520044743e-16,4.01520044743e-16,4.01520044752e-16,4.0152004475e-16,4.01520044743e-16,0.0
2.65025291455e-16,0.0512239758037,0.948776024196,2.65025267061e-16,2.65025267061e-16,2.65026540559e-16,2.65026645225e-16,2.65025267061e-16,2.65025267061e-16,3.01644733473e-16,3.06121799027e-16,2.65025267061e-16,2.65025267061e-16,2.65025267066e-16,2.65025267065e-16,2.65025267061e-16,0.0
1.75518128202e-16,0.0481486165919,0.951851383408,1.75518112047e-16,1.75518112047e-16,1.75518955446e-16,1.75519024763e-16,1.75518112047e-16,1.75518112047e-16,2.05998916318e-16,2.09761964882e-16,1.75518112047e-16,1.75518112047e-16,1.7551811205e-16,1.7551811205e-16,1.75518112047e-16,0.0
1.16677004927e-16,0.0452574316922,0.954742568308,1.16676994188e-16,1.16676994188e-16,1.16677554843e-16,1.16677600923e-16,1.16676994188e-16,1.16676994188e-16,1.41943546649e-16,1.45102328744e-16,1.16676994188e-16,1.16676994188e-16,1.1667699419e-16,1.1667699419e-16,1.16676994188e-16,0.0
7.78826463037e-17,0.0425430361554,0.957456963845,7.78826391351e-17,7.78826391351e-17,7.78830133764e-17,7.78830441346e-17,7.7882639135e-17,7.78826391351e-17,9.87602137307e-17,1.01411234145e-16,7.7882639135e-17,7.7882639135e-17,7.78826391367e-17,7.78826391364e-17,7.7882639135e-17,0.0
5.22200299172e-17,0.0399976568097,0.96000234319,5.22200251106e-17,5.22200251106e-17,5.22202760381e-17,5.22202966613e-17,5.22200251106e-17,5.22200251106e-17,6.94320979804e-17,7.16588834069e-17,5.22200251106e-17,5.22200251106e-17,5.22200251117e-17,5.22200251115e-17,5.22200251106e-17,0.0
3.51807713367e-17,0.0376132299461,0.962386770054,3.51807680985e-17,3.51807680985e-17,3.5180937149e-17,3.51809510429e-17,3.51807680985e-17,3.51807680985e-17,4.9351681046e-17,5.12255641207e-17,3.51807680985e-17,3.51807680985e-17,3.51807680992e-17,3.51807680991e-17,3.51807680985e-17,0.0
2.38207683345e-17,0.0353815034901,0.96461849651,2.38207661419e-17,2.38207661419e-17,2.38208806053e-17,2.38208900129e-17,2.38207661419e-17,2.38207661419e-17,3.54820925818e-17,3.70633161466e-17,2.38207661419e-17,2.38207661419e-17,2.38207661424e-17,2.38207661423e-17,2.38207661419e-17,0.0
1.62134975843e-17,0.0332941393168,0.966705860683,1.62134960919e-17,1.62134960919e-17,1.6213574001e-17,1.62135804041e-17,1.62134960919e-17,1.62134960919e-17,2.58126707547e-17,2.71516508237e-17,1.62134960919e-17,1.62134960919e-17,1.62134960923e-17,1.62134960922e-17,1.62134960919e-17,0.0
1.10951730852e-17,0.031342811423,0.968657188577,1.1095172064e-17,1.1095172064e-17,1.10952253785e-17,1.10952297603e-17,1.1095172064e-17,1.1095172064e-17,1.90052120348e-17,2.01438372571e-17,1.1095172064e-17,1.1095172064e-17,1.10951720642e-17,1.10951720642e-17,1.1095172064e-17,0.0
7.63434274637e-18,0.0295192962065,0.970480703794,7.63434204367e-18,7.63434204367e-18,7.63437872818e-18,7.6343817432e-18,7.63434204366e-18,7.63434204367e-18,1.41637774111e-17,1.51366605014e-17,7.63434204366e-18,7.63434204366e-18,7.63434204383e-18,7.6343420438e-18,7.63434204366e-18,0.0
5.28216789364e-18,0.0278155519693,0.972184448031,5.28216740744e-18,5.28216740744e-18,5.28219278929e-18,5.28219487538e-18,5.28216740744e-18,5.28216740744e-18,1.06845734139e-17,1.15202022916e-17,5.28216740744e-18,5.28216740744e-18,5.28216740755e-18,5.28216740753e-18,5.28216740744e-18,0.0
3.67501535723e-18,0.0262237857986,0.973776214201,3.67501501897e-18,3.67501501897e-18,3.67503267814e-18,3.67503412951e-18,3.67501501897e-18,3.67501501897e-18,8.15776997731e-18,8.87953160506e-18,3.67501501897e-18,3.67501501897e-18,3.67501501905e-18,3.67501501903e-18,3.67501501897e-18,0.0
2.57097979816e-18,0.0247365070042,0.975263492996,2.57097956152e-18,2.57097956152e-18,2.57099191558e-18,2.57099293094e-18,2.57097956152e-18,2.57097956152e-18,6.30305426502e-18,6.93012236786e-18,2.57097956152e-18,2.57097956152e-18,2.57097956158e-18,2.57097956157e-18,2.57097956152e-18,0.0
1.80843046048e-18,0.0233465672044,0.976653432796,1.80843029403e-18,1.80843029403e-18,1.80843898389e-18,1.80843969809e-18,1.80843029403e-18,1.80843029403e-18,4.92714572791e-18,5.47523558723e-18,1.80843029403e-18,1.80843029403e-18,1.80843029406e-18,1.80843029406e-18,1.80843029403e-18,0.0
1.27887169107e-18,0.0220471878626,0.977952812137,1.27887157336e-18,1.27887157336e-18,1.27887771859e-18,1.27887822365e-18,1.27887157336e-18,1.27887157336e-18,3.89564891934e-18,4.37764955112e-18,1.27887157336e-18,1.27887157336e-18,1.27887157338e-18,1.27887157338e-18,1.27887157336e-18,0.0
9.09121763165e-19,0.0208319765697,0.97916802343,9.09121679486e-19,9.09121679485e-19,9.09126047994e-19,9.09126407032e-19,9.09121679485e-19,9.09121679485e-19,3.11430087567e-18,3.54079843706e-18,9.09121679485e-19,9.09121679485e-19,9.09121679505e-19,9.09121679501e-19,9.09121679485e-19,0.0
6.49571020781e-19,0.019694933649,0.980305066351,6.49570960992e-19,6.49570960991e-19,6.49574082307e-19,6.49574338842e-19,6.49570960991e-19,6.49570960991e-19,2.51640063294e-18,2.89610801398e-18,6.49570960991e-19,6.49570960991e-19,6.49570961005e-19,6.49570961003e-19,6.49570960991e-19,0.0
4.66416550565e-19,0.018630450764,0.981369549236,4.66416507634e-19,4.66416507634e-19,4.66418748856e-19,4.66418933058e-19,4.66416507633e-19,4.66416507634e-19,2.0543270168e-18,2.39443418066e-18,4.66416507633e-19,4.66416507633e-19,4.66416507644e-19,4.66416507642e-19,4.66416507633e-19,0.0
3.36505813343e-19,0.017633303178,0.982366696822,3.3650578237e-19,3.3650578237e-19,3.36507399346e-19,3.36507532242e-19,3.3650578237e-19,3.3650578237e-19,1.6937749121e-18,2.00023331685e-18,3.3650578237e-19,3.3650578237e-19,3.36505782377e-19,3.36505782376e-19,3.3650578237e-19,0.0
2.43897841391e-19,0.0166986371895,0.983301362811,2.43897818942e-19,2.43897818942e-19,2.43898990919e-19,2.43899087241e-19,2.43897818942e-19,2.43897818942e-19,1.40981002455e-18,1.68756284748e-18,2.43897818942e-19,2.43897818942e-19,2.43897818947e-19,2.43897818946e-19,2.43897818942e-19,0.0
1.77559424934e-19,0.0158219540911,0.984178045909,1.7755940859e-19,1.7755940859e-19,1.77560261798e-19,1.77560331922e-19,1.7755940859e-19,1.7755940859e-19,1.18414791351e-18,1.43731609477e-18,1.7755940859e-19,1.7755940859e-19,1.77559408594e-19,1.77559408594e-19,1.7755940859e-19,0.0
1.29814363426e-19,0.0149990917982,0.985000908202,1.29814351477e-19,1.29814351477e-19,1.29814975261e-19,1.29815026528e-19,1.29814351477e-19,1.29814351477e-19,1.00326282646e-18,1.23529531911e-18,1.29814351477e-19,1.29814351477e-19,1.2981435148e-19,1.2981435148e-19,1.29814351477e-19,0.0
9.52945328011e-20,0.0142262050883,0.985773794912,9.52945240298e-20,9.52945240297e-20,9.52949819386e-20,9.52950195732e-20,9.52945240297e-20,9.52945240297e-20,8.57062928595e-19,1.07085807393e-18,9.52945240297e-20,9.52945240297e-20,9.52945240318e-20,9.52945240314e-20,9.52945240297e-20,0.0
7.02268582813e-20,0.0134997452041,0.986500254796,7.02268518174e-20,7.02268518173e-20,7.02271892712e-20,7.02272170058e-20,7.02268518173e-20,7.02268518173e-20,7.37954938078e-19,9.35958611909e-19,7.02268518173e-20,7.02268518173e-20,7.02268518188e-20,7.02268518186e-20,7.02268518173e-20,0.0
5.19461892199e-20,0.0128164393982,0.987183560602,5.19461844386e-20,5.19461844386e-20,5.19464340502e-20,5.19464545652e-20,5.19461844385e-20,5.19461844386e-20,6.40178463963e-19,8.24463563917e-19,5.19461844385e-20,5.19461844385e-20,5.19461844397e-20,5.19461844395e-20,5.19461844385e-20,0.0
3.85608266991e-20,0.012173270855,0.987826729145,3.85608231498e-20,3.85608231498e-20,3.85610084422e-20,3.8561023671e-20,3.85608231498e-20,3.85608231498e-20,5.59328538259e-19,7.31659491043e-19,3.85608231498e-20,3.85608231498e-20,3.85608231507e-20,3.85608231505e-20,3.85608231498e-20,0.0
2.87217097806e-20,0.0115674592994,0.988432540701,2.87217071369e-20,2.87217071369e-20,2.87218451504e-20,2.87218564934e-20,2.87217071369e-20,2.87217071369e-20,4.92010455004e-19,6.53895693585e-19,2.87217071369e-20,2.87217071369e-20,2.87217071375e-20,2.87217071374e-20,2.87217071369e-20,0.0
2.14623380919e-20,0.0109964425043,0.989003557496,2.14623361164e-20,2.14623361164e-20,2.14624392471e-20,2.14624477232e-20,2.14623361164e-20,2.14623361164e-20,4.35588325415e-19,5.8832309596e-19,2.14623361164e-20,2.14623361164e-20,2.14623361168e-20,2.14623361167e-20,2.14623361164e-20,0.0
1.60872033968e-20,0.0104578588314,0.989542141169,1.6087201916e-20,1.6087201916e-20,1.60872792182e-20,1.60872855715e-20,1.6087201916e-20,1.6087201916e-20,3.88000510998e-19,5.32701894972e-19,1.6087201916e-20,1.6087201916e-20,1.60872019164e-20,1.60872019163e-20,1.6087201916e-20,0.0
1.20936513882e-20,0.00994953087684,0.990050469123,1.2093650275e-20,1.2093650275e-20,1.20937083874e-20,1.20937131635e-20,1.2093650275e-20,1.2093650275e-20,3.47623136205e-19,4.85258793416e-19,1.2093650275e-20,1.2093650275e-20,1.20936502753e-20,1.20936502752e-20,1.2093650275e-20,0.0
9.11689495928e-21,0.00946945024996,0.99053054975,9.11689412013e-21,9.11689412013e-21,9.11693792859e-21,9.11694152912e-21,9.11689412012e-21,9.11689412013e-21,3.13168419165e-19,4.44580254828e-19,9.11689412012e-21,9.11689412012e-21,9.11689412032e-21,9.11689412029e-21,9.11689412012e-21,0.0
6.89113827128e-21,0.00901576347878,0.990984236521,6.89113763699e-21,6.89113763699e-21,6.89117075026e-21,6.89117347177e-21,6.89113763698e-21,6.89113763699e-21,2.83608398502e-19,4.09532116537e-19,6.89113763698e-21,6.89113763698e-21,6.89113763713e-21,6.89113763711e-21,6.89113763698e-21,0.0
5.22196561793e-21,0.00858675901213,0.991413240988,5.22196513728e-21,5.22196513728e-21,5.22199022984e-21,5.22199229215e-21,5.22196513727e-21,5.22196513728e-21,2.58117314926e-19,3.79198628141e-19,5.22196513727e-21,5.22196513727e-21,5.22196513739e-21,5.22196513737e-21,5.22196513727e-21,0.0
3.96664365769e-21,0.00818085527244,0.991819144728,3.96664329258e-21,3.96664329258e-21,3.96666235308e-21,3.96666391962e-21,3.96664329258e-21,3.96664329258e-21,2.36027790672e-19,3.52835906246e-19,3.96664329258e-21,3.96664329258e-21,3.96664329266e-21,3.96664329265e-21,3.96664329258e-21,0.0
3.0200082128e-21,0.00779658970292,0.992203410297,3.02000793483e-21,3.02000793483e-21,3.02002244656e-21,3.02002363925e-21,3.02000793483e-21,3.02000793483e-21,2.16797283531e-19,3.29836161108e-19,3.02000793483e-21,3.02000793483e-21,3.02000793489e-21,3.02000793488e-21,3.02000793483e-21,0.0
2.30430986235e-21,0.00743260874678,0.992567391253,2.30430965025e-21,2.30430965025e-21,2.30432072291e-21,2.30432163295e-21,2.30430965025e-21,2.30430965025e-21,1.99982242466e-19,3.09700025746e-19,2.30430965025e-21,2.30430965025e-21,2.3043096503e-21,2.30430965029e-21,2.30430965025e-21,0.0
1.76187813509e-21,0.00708765869351,0.992912341306,1.76187797292e-21,1.76187797292e-21,1.76188643909e-21,1.76188713491e-21,1.76187797292e-21,1.76187797292e-21,1.85218073348e-19,2.92015019182e-19,1.76187797292e-21,1.76187797292e-21,1.76187797296e-21,1.76187797295e-21,1.76187797292e-21,0.0
1.34980105449e-21,0.00676057732713,0.993239422673,1.34980093025e-21,1.34980093025e-21,1.34980741631e-21,1.34980794938e-21,1.34980093025e-21,1.34980093025e-21,1.72203515401e-19,2.76438682981e-19,1.34980093025e-21,1.34980093025e-21,1.34980093028e-21,1.34980093027e-21,1.34980093025e-21,0.0
1.03605166741e-21,0.00645028631261,0.993549713687,1.03605157205e-21,1.03605157205e-21,1.03605655048e-21,1.03605695965e-21,1.03605157205e-21,1.03605157205e-21,1.60688386422e-19,2.6268529999e-19,1.03605157205e-21,1.03605157205e-21,1.03605157207e-21,1.03605157207e-21,1.03605157205e-21,0.0
7.96657655819e-22,0.00615578425908,0.993844215741,7.96657582492e-22,7.96657582491e-22,7.96661410587e-22,7.96661725211e-22,7.96657582491e-22,7.96657582491e-22,1.50463916269e-19,2.50515375308e-19,7.96657582491e-22,7.96657582491e-22,7.96657582508e-22,7.96657582505e-22,7.96657582491e-22,0.0
6.13625802833e-22,0.00587614040177,0.994123859598,6.13625746352e-22,6.13625746352e-22,6.13628694944e-22,6.13628937283e-22,6.13625746352e-22,6.13625746352e-22,1.41355080375e-19,2.39727259535e-19,6.13625746352e-22,6.13625746352e-22,6.13625746365e-22,6.13625746363e-22,6.13625746352e-22,0.0
4.73414790377e-22,0.00561048884831,0.994389511152,4.73414746802e-22,4.73414746802e-22,4.73417021652e-22,4.73417208618e-22,4.73414746801e-22,4.73414746802e-22,1.33214487408e-19,2.30150442813e-19,4.73414746801e-22,4.73414746801e-22,4.73414746812e-22,4.7341474681e-22,4.73414746801e-22,0.0
3.65807762632e-22,0.00535802333866,0.994641976661,3.65807728962e-22,3.65807728962e-22,3.6580948674e-22,3.65809631208e-22,3.65807728962e-22,3.65807728962e-22,1.25917481138e-19,2.21640159029e-19,3.65807728962e-22,3.65807728962e-22,3.6580772897e-22,3.65807728968e-22,3.65807728962e-22,0.0
2.8307737048e-22,0.00511799247202,0.994882007528,2.83077344424e-22,2.83077344424e-22,2.83078704667e-22,2.83078816462e-22,2.83077344424e-22,2.83077344424e-22,1.19358195927e-19,2.14073022818e-19,2.83077344424e-22,2.83077344424e-22,2.8307734443e-22,2.83077344429e-22,2.83077344424e-22,0.0
2.19365533165e-22,0.00488969535764,0.995110304642,2.19365512974e-22,2.19365512974e-22,2.19366567068e-22,2.19366653702e-22,2.19365512973e-22,2.19365512974e-22,1.13446365018e-19,2.07343484886e-19,2.19365512973e-22,2.19365512973e-22,2.19365512978e-22,2.19365512977e-22,2.19365512973e-22,0.0
1.70221347362e-22,0.00467247765036,0.99532752235,1.70221331694e-22,1.70221331694e-22,1.70222149641e-22,1.70222216867e-22,1.70221331694e-22,1.70221331694e-22,1.08104726006e-19,2.0136093892e-19,1.70221331694e-22,1.70221331694e-22,1.70221331698e-22,1.70221331697e-22,1.70221331694e-22,0.0
1.32255847319e-22,0.00446572793502,0.995534272065,1.32255835145e-22,1.32255835145e-22,1.3225647066e-22,1.32256522892e-22,1.32255835145e-22,1.32255835145e-22,1.03266902341e-19,1.96047349813e-19,1.32255835145e-22,1.32255835145e-22,1.32255835148e-22,1.32255835147e-22,1.32255835145e-22,0.0
1.02883367313e-22,0.00426887442699,0.995731125573,1.02883357843e-22,1.02883357843e-22,1.02883852218e-22,1.0288389285e-22,1.02883357843e-22,1.02883357843e-22,9.88756660477e-20,1.91335300937e-19,1.02883357843e-22,1.02883357843e-22,1.02883357846e-22,1.02883357845e-22,1.02883357843e-22,0.0
8.01272772127e-23,0.00408138195942,0.995918618041,8.01272698374e-23,8.01272698374e-23,8.01276548647e-23,8.01276865093e-23,8.01272698374e-23,8.01272698374e-23,9.48815070981e-20,1.87166379746e-19,8.01272698374e-23,8.01272698374e-23,8.01272698391e-23,8.01272698388e-23,8.01272698374e-23,0.0
6.24737035499e-23,0.00390274923035,0.99609725077,6.24736977996e-23,6.24736977995e-23,6.24739979979e-23,6.24740226706e-23,6.24736977995e-23,6.24736977995e-23,9.12414505491e-20,1.83489837754e-19,6.24736977995e-23,6.24736977995e-23,6.24736978009e-23,6.24736978006e-23,6.24736977995e-23,0.0
4.87611181475e-23,0.00373250628529,0.996267493715,4.87611136593e-23,4.87611136593e-23,4.8761347966e-23,4.87613672232e-23,4.87611136593e-23,4.87611136593e-23,8.7918074706e-20,1.80261473959e-19,4.87611136593e-23,4.87611136593e-23,4.87611136603e-23,4.87611136602e-23,4.87611136593e-23,0.0
3.80968070412e-23,0.00357021221352,0.996429787786,3.80968035346e-23,3.80968035346e-23,3.80969865972e-23,3.80970016427e-23,3.80968035346e-23,3.80968035346e-23,8.48786930604e-20,1.7744270098e-19,3.80968035346e-23,3.80968035346e-23,3.80968035354e-23,3.80968035353e-23,3.80968035346e-23,0.0
2.97935353755e-23,0.00341545303809,0.996584546962,2.97935326332e-23,2.97935326332e-23,2.97936757969e-23,2.97936875633e-23,2.97935326331e-23,2.97935326332e-23,8.20946701858e-20,1.74999761193e-19,2.97935326331e-23,2.97935326331e-23,2.97935326338e-23,2.97935326337e-23,2.97935326331e-23,0.0
2.33214230948e-23,0.00326783978183,0.996732160218,2.33214209482e-23,2.33214209482e-23,2.33215330122e-23,2.33215422225e-23,2.33214209482e-23,2.33214209482e-23,7.9540847625e-20,1.72903066489e-19,2.33214209482e-23,2.33214209482e-23,2.33214209487e-23,2.33214209486e-23,2.33214209482e-23,0.0
1.8271303633e-23,0.00312700669295,0.996872993307,1.82713019513e-23,1.82713019513e-23,1.82713897485e-23,1.82713969643e-23,1.82713019513e-23,1.82713019513e-23,7.71950604283e-20,1.71126640285e-19,1.82713019513e-23,1.82713019513e-23,1.82713019517e-23,1.82713019516e-23,1.82713019513e-23,0.0
1.43267709266e-23,0.00299260961586,0.997007390384,1.43267696079e-23,1.43267696079e-23,1.43268384508e-23,1.43268441089e-23,1.43267696079e-23,1.43267696079e-23,7.50377286751e-20,1.69647644438e-19,1.43267696079e-23,1.43267696079e-23,1.43267696082e-23,1.43267696081e-23,1.43267696079e-23,0.0
