-0.5 0.5,-0.5 1.0,-0.5 1.5,-0.5 2.0,-0.5 2.5,0.0 1.0,0.0 1.5,0.0 2.0,0.0 2.5,other
0.0123456790123,0.0123456790123,0.0123456790123,0.0123456790123,0.0123456790123,0.0123456790123,0.0123456790123,0.0123456790123,0.0123456790123,0.888888888889
0.0128161851743,0.0138272746679,0.013708798972,0.0135935954868,0.0135315475602,0.0135867751905,0.0134090816352,0.0129876754785,0.0131174623641,0.87942160347
0.0132875267404,0.015495372991,0.0152310452384,0.0149788785589,0.0148378388736,0.0149435047451,0.0145567170728,0.0136569714857,0.0139275273552,0.869084616939
0.0137564743022,0.0173691737469,0.0169268516767,0.0165137640671,0.0162728406982,0.0164194066446,0.0157892239188,0.0143507278914,0.0147725926258,0.857828944428
0.0142197316239,0.0194692364026,0.0188113601382,0.0182113804968,0.0178449378764,0.0180167471542,0.0171061618228,0.015065598401,0.0156485431465,0.845606302938
0.0146739658277,0.0218174805494,0.0209003398216,0.0200858067232,0.0195625252358,0.0197362273297,0.0185058293646,0.0157976991315,0.0165503699583,0.832369756058
0.015115832802,0.0244371464131,0.0232100572371,0.022152117763,0.0214338865017,0.0215766561702,0.0199850642772,0.0165425724089,0.0174721086087,0.818074557818
0.0155419984167,0.0273526940076,0.0257570767877,0.0244264064618,0.0234670269051,0.0235345875413,0.0215390255068,0.0172951452627,0.0184067779983,0.802679261112
0.015949158161,0.0305896191412,0.0285579727718,0.0269257699171,0.0256694495809,0.0256039262556,0.0231609624229,0.0180496863719,0.0193463256295,0.786147129748
0.0163340590458,0.0341741664027,0.031628936623,0.0296682514212,0.0280478697975,0.0277755181422,0.0248419833841,0.0187997681909,0.0202815893485,0.768447857644
0.016693527818,0.0381329227673,0.0349852678633,0.032672731033,0.0306078657747,0.030036749076,0.0265708425759,0.0195382430498,0.0212022886839,0.749559561358
0.0170245088261,0.0424922798837,0.0386407430273,0.0359587598674,0.0333534697154,0.0323711872926,0.0283337694658,0.0202572429309,0.0220970602644,0.729470978726
0.0173241135522,0.0472777580528,0.042606863491,0.0395463345057,0.0362867074177,0.0347583106561,0.0301143686138,0.0209482123827,0.0229535513386,0.708183779989
0.0175896822281,0.052513190441,0.0468919909094,0.0434556086413,0.039407099497,0.0371733649522,0.0318936185264,0.0216019828508,0.0237585832212,0.685714878733
0.017818856367,0.0582197726851,0.0515003882798,0.0477065395996,0.0427111421144,0.0395874000719,0.0336499965595,0.0222088948087,0.0244983927465,0.662098616768
0.0180096596317,0.0644149914319,0.0564311960162,0.0523184683244,0.0461917904635,0.0419675275218,0.0353597524662,0.0227589715997,0.02515895476,0.637388687785
0.0181605832825,0.0711114561421,0.0616773860306,0.0573096334358,0.0498379741729,0.04427743445,0.036997345958,0.0232421459096,0.0257263824915,0.611659658127
0.0182706714958,0.0783156718839,0.067224752211,0.0626966235156,0.0536341798986,0.0464781757752,0.0385360535555,0.023648536228,0.0261873955469,0.585007939889
0.0183396011046,0.0860268063467,0.0730510115158,0.0684937770662,0.0575601418955,0.0485292468389,0.0399487371738,0.0239687665021,0.0265298375356,0.557552074021
0.018367749796,0.094235520599,0.0791251038222,0.0747125464589,0.0615906849797,0.0503899146877,0.0412087518198,0.0241943175116,0.0267432175537,0.529432192771
0.0183562465961,0.102922947958,0.0854067874772,0.0813608500808,0.0656957644766,0.0520207580985,0.0422909535293,0.024317893579,0.0268192427013,0.500808555503
0.0183069986795,0.1120599158,0.0918466275597,0.0884424448646,0.0698407429067,0.0533853374384,0.0431727529082,0.0243337835795,0.0267523035922,0.471859092671
0.0182226893152,0.121606507963,0.0983864617651,0.0959563581666,0.0739869320938,0.0544518892278,0.0438351465662,0.0242381915503,0.0265398726091,0.442775950743
0.0181067431862,0.131512057592,0.104960402354,0.103896422115,0.0780924117006,0.0551949213729,0.044263650779,0.0240295103508,0.0261827765305,0.413761104018
0.0179632574202,0.141715639945,0.111496391739,0.112250953733,0.0821131117143,0.0555965778987,0.0444490610918,0.0237085125778,0.025685311743,0.385021182137
0.0177968993386,0.152147101847,0.117918276923,0.121002619459,0.0860041193472,0.0556476499307,0.0443879697086,0.0232784368002,0.025055181492,0.356761745153
0.0176127748995,0.16272862156,0.124148310265,0.130128512998,0.0897211437135,0.0553481337571,0.0440829895313,0.0227449541912,0.0243032495663,0.329181309518
0.0174162747097,0.1733767446,0.13010992932,0.13960046158,0.0932220487368,0.0547072752406,0.0435426581243,0.0221160102455,0.0234431216845,0.302465475758
0.0172129068597,0.184004794105,0.135730626089,0.149385559357,0.0964683501297,0.0537430879076,0.0427810237054,0.0214015473453,0.0224905822751,0.276781522227
0.0170081273088,0.194525515183,0.140944693752,0.159446909814,0.0994265689098,0.0524813828785,0.0418169445068,0.0206131249608,0.0214629279153,0.252273804772
0.0168071788557,0.204853787007,0.145695641404,0.169744543749,0.102069342806,0.0509543949273,0.0406731583882,0.0197634636857,0.0203782474428,0.229060241735
0.0166149488353,0.214909227119,0.149938094917,0.180236466555,0.104376217066,0.0491991239506,0.0393751980791,0.0188659458432,0.019254701644,0.20723007599
0.0164358537407,0.224618520382,0.153639050891,0.190879778951,0.106334064922,0.0472555308705,0.0379502369134,0.0179341083108,0.0181098524541,0.186843002564
0.0162737562897,0.233917328876,0.156778414118,0.201631808998,0.107937121606,0.0451647301623,0.0364259499879,0.0169811623429,0.0169600836564,0.167929643962
0.0161319173973,0.242751676412,0.15934881862,0.212451190805,0.109186650363,0.0429673089416,0.0348294671825,0.0160195708222,0.0158201435631,0.150493255892
0.0160129824563,0.251078748653,0.161354799174,0.223298827796,0.110090290372,0.0407018777737,0.0331864791328,0.0150607062081,0.0147028267127,0.13451246172
0.015918998585,0.258867102505,0.162811435747,0.23413868691,0.110661161104,0.0384039251346,0.031520537266,0.0141146033949,0.0136187978613,0.119944751493
0.0158514573556,0.266096330036,0.163742630376,0.244938385,0.110916812491,0.0361050104673,0.0298525669845,0.0131898118769,0.0125765489994,0.106730446413
0.0158113561813,0.2727562659,0.164179190524,0.255669548592,0.110878113586,0.0338322949676,0.0282005917681,0.0122933423221,0.0115824701329,0.0947968260263
0.0157992710903,0.278845856692,0.164156884589,0.266307950035,0.110568164513,0.0316083790927,0.0265796479744,0.0114306950801,0.010641008092,0.0840621428414
0.0158154340282,0.28437182251,0.163714608211,0.276833443145,0.110011299766,0.0294513945801,0.0250018574056,0.0106059531687,0.0097548850508,0.074439302134
0.0158598088963,0.289347235471,0.162892761395,0.287229736147,0.109232229168,0.0273752878545,0.0234766181755,0.00982192021999,0.00892534947374,0.0658390531996
0.0159321620038,0.293790120794,0.161731894567,0.297484047474,0.10825534027,0.0253902304509,0.0220108737262,0.00908028446667,0.00815243598859,0.0581726102585
0.0160321241734,0.297722159265,0.160271643508,0.307586690558,0.107104166265,0.0235030982981,0.0206094237275,0.00838179241398,0.00743521604732,0.0513536857442
0.0161592431695,0.301167541126,0.158549943327,0.317530628867,0.1058010086,0.0217179724467,0.0192752472749,0.0077264194843,0.00677202702775,0.0452999686766
0.0163130262588,0.304151995572,0.156602491835,0.327311034185,0.104366694256,0.0200366262619,0.0180098165535,0.00711352882828,0.0061606727478,0.0399341135015
0.0164929735084,0.306701999523,0.154462422322,0.336924871773,0.102820443317,0.0184589760368,0.0168133865872,0.00654201305925,0.00559859267865,0.0351843211955
0.0166986029026,0.308844155192,0.152160142897,0.346370527106,0.101179822072,0.0169834820937,0.0156852530295,0.0060104165543,0.00508300026543,0.0309845978876
0.0169294685654,0.310604717596,0.149723301739,0.355647481507,0.0994607589129,0.0156074951831,0.0146239748054,0.00551703806961,0.00461099275563,0.0272747708654
0.0171851733996,0.312009249416,0.147176842733,0.364756038357,0.0976776036891,0.0143275483691,0.0136275618012,0.00506001479076,0.00417963599827,0.0240003314462
0.0174653773536,0.313082380186,0.144543122241,0.373697097792,0.0958432149502,0.0131395979602,0.0126936299191,0.00463738971409,0.00378602805809,0.0211121618262
0.0177698023696,0.313847648367,0.141842064069,0.382471975519,0.0939690631648,0.0120392188512,0.0118195269507,0.00424716459013,0.00342734542195,0.0185661906968
0.0180982348889,0.314327407487,0.139091335395,0.391082260251,0.0920653411839,0.0110217603531,0.011002433171,0.00388734069886,0.00310087524724,0.0163230113243
0.0184505266132,0.314542780584,0.136306531192,0.399529703953,0.0901410758334,0.0100824685854,0.0102394405461,0.00355594958834,0.00280403665228,0.0143474864516
0.0188265940662,0.314513650116,0.133501358542,0.407816139301,0.0882042365588,0.00921658108895,0.00952761418304,0.00325107567656,0.00253439356667,0.0126083569005
0.019226417367,0.314258673232,0.130687815098,0.415943419239,0.0862618385771,0.00841939869431,0.00886403924474,0.00297087235159,0.0022896611994,0.0110778649974
0.0196500385181,0.313795314558,0.127876358194,0.423913374163,0.0843200390946,0.00768633898475,0.00824585611107,0.00271357294018,0.00206770777168,0.00973139966476
0.020097559428,0.313139890583,0.125076062594,0.431727782915,0.0823842259226,0.0070129750147,0.00767028612821,0.00247749767237,0.00186655281059,0.0085471669313
0.0205691398204,0.312307621206,0.122294765989,0.439388354422,0.0804590983425,0.00639506231608,0.00713464988641,0.00226105755527,0.00168436300966,0.00750588745301
0.0210649951355,0.311312685235,0.119539202069,0.446896717368,0.0785487404048,0.00582855667749,0.00663637961375,0.00206275588849,0.00151944642759,0.00659052117989
0.0215853944907,0.310168277511,0.116815121465,0.454254415832,0.0766566870493,0.00530962471225,0.00617302697223,0.00188118800285,0.00137024561004,0.00578601835524
0.0221306587443,0.308886666018,0.114127401153,0.461462909198,0.0747859835457,0.0048346488395,0.00574226729073,0.00171503968139,0.00123533007277,0.00507909545666
0.0227011586824,0.30747924789,0.111480143062,0.468523575062,0.0729392387984,0.00440022798087,0.00534190106255,0.00156308462293,0.0011133884714,0.00445803436714
0.0232973133428,0.305956603554,0.108876762715,0.475437714092,0.0711186730754,0.00400317501156,0.00496985336607,0.00142418122908,0.00100322069515,0.00391250291906
0.023919588474,0.304328548565,0.106320068733,0.482206556092,0.0693261606981,0.00364051179275,0.00462417173126,0.00129726893311,0.000903730055473,0.00343339492556
0.0245684951267,0.302604182871,0.10381233404,0.488831266665,0.0675632682037,0.00330946244055,0.00430302286472,0.00118136423954,0.000813915689804,0.00301268785933
0.0252445883672,0.300791937383,0.101355359547,0.495312954046,0.065831288451,0.00300744534957,0.0040046885586,0.00107555660399,0.000732865262075,0.00264331643028
0.0259484661043,0.298899617832,0.0989505310488,0.501652675802,0.0641312711006,0.00273206437908,0.00372756103843,0.000979004252373,0.000659748013203,0.00231906042971
0.0266807680149,0.296934445946,0.0965988700118,0.507851445152,0.0624640498596,0.00248109952161,0.00347013794942,0.000890930014212,0.000593808193125,0.00203444533669
0.0274421745575,0.294903098056,0.0943010788818,0.513910236796,0.0608302668401,0.00225249730368,0.00323101713603,0.000810617226003,0.000534358890137,0.00178465431311
0.0282334060588,0.29281174121,0.0920575814647,0.519829992125,0.0592303943447,0.00204436111182,0.00300889133452,0.000737405745663,0.000480776261699,0.0015654503423
0.0290552218615,0.290666066961,0.0898685588983,0.5256116238,0.0576647543588,0.00185494159219,0.00280254286994,0.000670688107472,0.000432494162419,0.00137310738779
0.0299084195205,0.288471322937,0.0877339816738,0.531256019649,0.056133535997,0.00168262723622,0.00261083842689,0.000609905837803,0.000388999158993,0.00120434956334
0.0307938340341,0.286232342343,0.0856536381216,0.536764045923,0.054636811124,0.00152593523563,0.00243272394551,0.000554545944869,0.000349825917773,0.00105629741045
0.0317123370991,0.283953571538,0.0836271597337,0.54213654992,0.0531745483475,0.00138350266769,0.00226721968016,0.000504137590125,0.000314552947887,0.00092642047583
0.0326648363773,0.281639095799,0.0816540436569,0.547374362017,0.0517466255541,0.00125407805285,0.00211341544724,0.000458248944734,0.000282798681186,0.000812495468969
0.0336522747622,0.279292663421,0.079733672656,0.552478297164,0.0503528411446,0.0011365133128,0.0019704660799,0.000416484231193,0.000254217869385,0.00071256935841
0.034675629634,0.276917708251,0.0778653328151,0.557449155888,0.0489929241047,0.00102975614485,0.00183758710016,0.000378480947696,0.000228498278457,0.000624926836775
0.0357359120932,0.274517370782,0.0760482292178,0.56228772486,0.0476665430332,0.000932842820344,0.0017140506142,0.000343907270963,0.000205357660443,0.000548061647967
0.0368341661598,0.272094517911,0.0742814998204,0.566994777093,0.046373314235,0.000844891406765,0.0015991814318,0.000312459631843,0.000184540983277,0.000480651327019
0.0379714679298,0.269651761446,0.0725642277119,0.571571071808,0.045112808976,0.000765095408547,0.00149235340818,0.000283860457029,0.00016581789984,0.000421534953956
0.039148924676,0.267191475469,0.0708954519322,0.57601735404,0.043884559986,0.000692717816841,0.00139298600387,0.000257856069552,0.000148980438251,0.000369693568362
0.0403676738839,0.264715812622,0.0692741770023,0.580334354027,0.0426880672846,0.000627085555659,0.0013005410564,0.000234214740279,0.000133840896301,0.000324232931746
0.0416288822125,0.262226719418,0.0676993813067,0.58452278643,0.0415228033995,0.000567584309442,0.00121451975646,0.000212724882412,0.000120229923845,0.000284368360767
0.042933744368,0.25972595062,0.0661700244495,0.588583349443,0.0403882180383,0.000513653715507,0.00113445982017,0.000193193380928,0.000107994777949,0.000249411386309
0.0442834818817,0.257215082777,0.0646850536957,0.592516723819,0.0392837422674,0.000464782903828,0.00105993284851,0.000175444048911,9.69977365661e-05,0.000218758021778
0.0456793417805,0.254695526972,0.063243409597,0.596323571863,0.0382087922474,0.000420506365976,0.000990541864684,0.000159316202899,8.71146574518e-05,0.00019187844918
0.0471225951409,0.252168540842,0.061844030891,0.600004536429,0.0371627725691,0.000380400134846,0.00092591901997,0.000144663349545,7.82336699737e-05,0.000168307953886
0.0486145355156,0.249635239914,0.0604858587522,0.603560239951,0.0361450792288,0.000344078256803,0.000865723458688,0.000131351976171,7.02539883713e-05,0.000147638958762
0.0501564772231,0.24709660832,0.0591678404672,0.60699128354,0.0351551022787,0.000311189538185,0.000809639332984,0.000119260438073,6.30848358743e-05,0.000129514025928
0.0517497534906,0.244553508933,0.0578889325968,0.610298246174,0.0341922281834,0.000281414548486,0.00075737395836,0.000108277935774,5.66444699072e-05,0.000113619709877
0.0533957144409,0.242006692957,0.0566481036825,0.613481684008,0.0332558419118,0.000254462863131,0.000708656101196,9.83035757362e-05,5.08592993809e-05,9.96811594956e-05
0.0550957249141,0.239456809027,0.0554443365485,0.616542129828,0.0323453287904,0.00023007052939,0.000663234389759,8.92455084174e-05,4.56630857964e-05,8.74573786125e-05
0.0568511621154,0.236904411841,0.0542766302446,0.619480092655,0.0314600761399,0.000207997739699,0.000620875840637,8.10201378693e-05,4.0996220563e-05,7.67370654956e-05
0.0586634130807,0.234349970367,0.0531440016704,0.622296057544,0.0305994747173,0.000188026697406,0.000581364492848,7.35513974561e-05,3.68050715708e-05,6.73349611781e-05
0.0605338719535,0.231793875657,0.0520454869186,0.624990485562,0.0297629199821,0.000169959660752,0.000544500142313,6.67700865834e-05,3.30413926443e-05,5.90886448859e-05
0.062463937065,0.229236448283,0.050980142369,0.627563813983,0.0289498132034,0.00015361715167,0.000510097169739,6.06132636701e-05,2.96617900503e-05,5.18557222349e-05
0.0644550078118,0.226677945446,0.049947045563,0.630016456694,0.0281595624237,0.000138836316812,0.000477983455387,5.50236909117e-05,2.66272407416e-05,4.55113583925e-05
0.0665084813272,0.224118567759,0.0489452958842,0.632348804835,0.0273915832932,0.000125469428937,0.000447999374553,4.99493266886e-05,2.39026574842e-05,3.99461141527e-05
0.0686257489408,0.221558465739,0.0479740150692,0.634561227672,0.0266452997875,0.000113382517606,0.000419996868,4.53428617643e-05,2.14564964443e-05,3.50640479494e-05
0.0708081924248,0.218997746024,0.047032347569,0.636654073711,0.0259201448201,0.000102454118841,0.000393838581911,4.11612956982e-05,1.92604032124e-05,3.07810513017e-05
0.0730571800249,0.216436477339,0.0461194607795,0.638627672057,0.02521556076,9.25741341048e-05,0.000369397072302,3.73655501575e-05,1.72888935993e-05,2.70233891228e-05
0.0753740622774,0.213874696212,0.045234545158,0.640482334028,0.0245309998642,8.36427896692e-05,0.000346554069183,3.39201160643e-05,1.55190658791e-05,2.37264197933e-05
0.0777601676128,0.211312412474,0.0443768142404,0.642218355009,0.0238659246328,7.5569688046e-05,0.000325199796037,3.07927317421e-05,1.39303414533e-05,2.0833472949e-05
0.0802167977507,0.208749614544,0.0435455045725,0.643836016566,0.0232198080961,6.82729437996e-05,0.000305232340519,2.79540894506e-05,1.2504231195e-05,1.82948656188e-05
0.0827452228921,0.206186274504,0.0427398755671,0.645335588796,0.0225921340388,6.16783966201e-05,0.000286557072567,2.53775678956e-05,1.12241249844e-05,1.60670397128e-05
0.0853466767157,0.203622352989,0.0419592092963,0.646717332931,0.0219823971693,5.57188950872e-05,0.000269086106353,2.30389884992e-05,1.00751021798e-05,1.41118059328e-05
0.0880223511902,0.201057803884,0.0412028102308,0.647981504173,0.0213901032389,5.03336450647e-05,0.000252737802795,2.09163933845e-05,9.04376098234e-06,1.2395681008e-05
0.0907733912134,0.198492578837,0.0404700049315,0.64912835476,0.0208147691171,4.54676171439e-05,0.000237436309574,1.89898432034e-05,8.11806484457e-06,1.08893067579e-05
0.0936008890945,0.195926631598,0.0397601417029,0.650158137256,0.0202559228263,4.10710080001e-05,0.000223111135802,1.72412330818e-05,7.28720424927e-06,9.56694089903e-06
0.0965058788968,0.193359922176,0.0390725902138,0.651071108053,0.0197131035423,3.70987509441e-05,0.000209696758738,1.56541251035e-05,6.54147234536e-06,8.40601074594e-06
0.099489330661,0.190792420821,0.0384067410912,0.651867531062,0.0191858615624,3.35100713353e-05,0.000197132260102,1.42135958834e-05,5.87215307251e-06,7.38672204673e-06
0.102552144533,0.18822411182,0.0377620054926,0.6525476816,0.018673758247,3.02680828831e-05,0.00018536098975,1.29060979025e-05,5.27142053829e-06,6.49171614639e-06
0.105695144819,0.185654997126,0.0371378146612,0.653111850431,0.0181763659349,2.73394211951e-05,0.000174330254608,1.17193333896e-05,4.7322485313e-06,5.70576950991e-06
0.108919074007,0.183085099781,0.0365336194676,0.653560347964,0.0176932678388,2.46939112386e-05,0.000163991030968,1.06421396372e-05,4.24832916218e-06,5.015530372e-06
0.112224586765,0.180514467164,0.0359488899418,0.653893508572,0.0172240579208,2.23042656643e-05,0.000154297698339,9.66438473521e-06,3.8139997227e-06,4.40928792545e-06
0.115612243975,0.17794317403,0.0353831147984,0.654111695021,0.0167683407517,2.01458112061e-05,0.000145207793221,8.77687279242e-06,3.42417694219e-06,3.87677002623e-06
0.119082506819,0.175371325349,0.0348358009582,0.654215302974,0.016325731356,1.81962406065e-05,0.000136681781282,7.97125779733e-06,3.07429790115e-06,3.40896588973e-06
0.12263573097,0.172799058925,0.0343064730669,0.654204765557,0.0158958550446,1.64353877464e-05,0.000128682846534,7.23996534249e-06,2.76026693441e-06,2.99797068822e-06
0.126272160915,0.170226547797,0.0337946730154,0.654080557937,0.0154783472369,1.48450238536e-05,0.000121176696206,6.57612150519e-06,2.47840792271e-06,2.63684934096e-06
0.129991924468,0.167654002401,0.0332999594611,0.653843201915,0.0150728532745,1.34086728582e-05,0.000114131380127,5.97348823889e-06,2.22542143039e-06,2.31951712371e-06
0.1337950275,0.165081672497,0.0328219073531,0.65349327047,0.0146790282266,1.21114441319e-05,0.000107517123504,5.42640468684e-06,1.99834620115e-06,2.04063501744e-06
0.137681348948,0.16250984883,0.0323601074622,0.65303139224,0.0142965366901,1.09398810035e-05,0.000101306172082,4.92973388135e-06,1.79452457221e-06,1.79551797338e-06
0.141650636133,0.159938864542,0.0319141659174,0.65245825591,0.013925052585,9.88182359111e-06,9.54726487479e-05,4.47881433975e-06,1.61157141092e-06,1.58005449744e-06
0.145702500446,0.157369096305,0.0314837037483,0.651774614453,0.0135642589449,8.9262846198e-06,8.99924206945e-05,4.06941611174e-06,1.44734621766e-06,1.39063615406e-06
0.149836413439,0.154800965168,0.031068356436,0.650981289212,0.0132138477065,8.06333701484e-06,8.48429763614e-05,3.6977008725e-06,1.29992807415e-06,1.22409576327e-06
0.154051703369,0.152234937132,0.0306677734727,0.650079173775,0.0128735194959,7.28401217115e-06,8.00033114006e-05,3.36018569235e-06,1.16759314891e-06,1.07765321637e-06
0.158347552237,0.149671523405,0.0302816179297,0.649069237611,0.0125429834142,6.58020789886e-06,7.54538229886e-05,3.05371014682e-06,1.04879450011e-06,9.4886796845e-07
0.162722993366,0.147111280381,0.0299095660358,0.647952529429,0.0122219568233,5.9446051374e-06,7.11762118542e-05,2.77540646152e-06,9.42143942532e-07,8.35597383023e-07
0.167176909555,0.144554809295,0.0295513067646,0.64673018024,0.0119101651318,5.37059261305e-06,6.715339144e-05,2.52267241353e-06,8.46395768553e-07,7.35960205507e-07
0.171708031843,0.142002755583,0.0292065414335,0.645403406074,0.0116073415816,4.85219869173e-06,6.33694036619e-05,2.29314673629e-06,7.60432134652e-07,6.48304532395e-07
0.176314938915,0.139455807924,0.0288749833124,0.643973510326,0.0113132270363,4.38402974748e-06,5.98093407691e-05,2.08468679813e-06,6.83249943563e-07,5.71179720909e-07
0.180996057185,0.136914696991,0.0285563572435,0.642441885711,0.0110275697723,3.96121443025e-06,5.64592728504e-05,1.89534834516e-06,6.13949069682e-07,5.03311752859e-07
0.185749661569,0.134380193888,0.028250399272,0.640810015796,0.0107501252709,3.5793532742e-06,5.33061805612e-05,1.72336711853e-06,5.5172179066e-07,4.43581626482e-07
0.190573876963,0.131853108298,0.0279568562888,0.639079476078,0.0104806560147,3.23447313944e-06,5.03378926845e-05,1.56714217332e-06,4.95843302016e-07,3.91006402821e-07
0.195466680456,0.129334286345,0.0276754856832,0.637251934608,0.0102189312866,2.92298602786e-06,4.75430281639e-05,1.42522074212e-06,4.45663204134e-07,3.44722579357e-07
0.200425904262,0.126824608186,0.0274060550077,0.635329152123,0.00996472697246,2.64165185662e-06,4.4910942277e-05,1.29628450066e-06,4.00597862237e-07,3.03971504098e-07
0.20544923938,0.124324985338,0.0271483416545,0.633312981691,0.00971782536732,2.38754481205e-06,4.24316766429e-05,1.17913710606e-06,3.60123550046e-07,2.68086578756e-07
0.210534239976,0.121836357762,0.0269021325425,0.631205367853,0.00947801498631,2.15802294218e-06,4.00959127791e-05,1.07269289009e-06,3.23770296929e-07,2.36482030726e-07
0.215678328468,0.119359690727,0.0266672238162,0.629008345255,0.00924509037932,1.95070067846e-06,3.78949289465e-05,9.75966600454e-07,2.91116366507e-07,2.08643060777e-07
0.220878801298,0.116895971468,0.0264434205562,0.626724036779,0.00901885195038,1.76342400625e-06,3.58205600412e-05,8.8806409337e-07,2.61783302047e-07,1.8411719724e-07
0.226132835356,0.114446205666,0.0262305365002,0.624354651176,0.00879910578159,1.59424803053e-06,3.38651603075e-05,8.08173889129e-07,2.35431480557e-07,1.6250670831e-07
0.231437495029,0.112011413768,0.0260283937761,0.621902480202,0.00858566346184,1.44141670718e-06,3.20215686676e-05,7.35559510892e-07,2.11756123431e-07,1.43461942468e-07
0.236789739834,0.109592627182,0.0258368226457,0.619369895284,0.00837834192035,1.30334453176e-06,3.02830764759e-05,6.69552534049e-07,1.90483716842e-07,1.26675482979e-07
0.242186432582,0.107190884376,0.0256556612592,0.616759343728,0.00817696326513,1.1785999981e-06,2.86433975205e-05,6.0954628032e-07,1.71368799842e-07,1.11877016551e-07
0.247624348027,0.104807226895,0.0254847554212,0.61407334449,0.0079813546264,1.06589065617e-06,2.70966401102e-05,5.54990096816e-07,1.54191082439e-07,9.88288285204e-08
0.253100181952,0.102442695344,0.0253239583667,0.611314483543,0.00779134800498,9.64049615668e-07,2.56372810948e-05,5.05384165812e-07,1.38752859788e-07,8.73218477234e-08
0.258610560612,0.100098325357,0.0251731305484,0.608485408868,0.00760678012566,8.72023355838e-07,2.42601416784e-05,4.60274795997e-07,1.24876692103e-07,7.7172173685e-08
0.264152050492,0.0977751435816,0.0250321394336,0.6055888251,0.00742749229556,7.88860715838e-07,2.29603648986e-05,4.19250150544e-07,1.12403322997e-07,6.82180270458e-08
0.269721168295,0.0954741637148,0.0249008593118,0.602627487871,0.00725333026735,7.1370295169e-07,2.17333946489e-05,3.81936371468e-07,1.01189811759e-07,6.0317071407e-08
0.275314391109,0.0931963826131,0.0247791711119,0.599604197882,0.00708414410738,6.45774756942e-07,2.05749561366e-05,3.47994063483e-07,9.11078576144e-08,5.33440611508e-08
0.280928166676,0.0909427765075,0.0246669622293,0.596521794759,0.00691978806849,5.84376153981e-07,1.94810376707e-05,3.17115104004e-07,8.20422962208e-08,4.71887753734e-08
0.286558923687,0.0887142973497,0.0245641263626,0.59338315072,0.00676012046764,5.28875171886e-07,1.8447873688e-05,2.89019749032e-07,7.38897507143e-08,4.17542029661e-08
0.292203082053,0.0865118693145,0.0244705633587,0.59019116411,0.00660500356796,4.78701234774e-07,1.74719289265e-05,2.63454007433e-07,6.65574214239e-08,3.69549481675e-08
0.297857063065,0.0843363854811,0.0243861790679,0.586948752833,0.00645430346533,4.33339191949e-07,1.6549883667e-05,2.40187258726e-07,5.99619999993e-08,3.27158296782e-08
0.303517299396,0.0821887047146,0.0243108852067,0.58365884775,0.00630788997921,3.92323927733e-07,1.56786199659e-05,2.19010091762e-07,5.40286951649e-08,2.89706497219e-08
0.309180244869,0.0800696487657,0.0242445992295,0.58032438606,0.00616563654772,3.55235494861e-07,1.4855208811e-05,1.9973234379e-07,4.86903586252e-08,2.56611123371e-08
0.314842383941,0.0779799996054,0.0241872442078,0.576948304723,0.00602742012661,3.21694720744e-07,1.40768981333e-05,1.82181321324e-07,4.38867008259e-08,2.27358727144e-08
0.320500240845,0.075920497008,0.0241387487176,0.573533533963,0.00589312109216,2.91359240772e-07,1.33411016171e-05,1.66200185917e-07,3.95635873313e-08,2.01497016251e-08
0.326150388346,0.0738918363925,0.0240990467333,0.57008299089,0.0057626231477,2.63919917252e-07,1.26453882513e-05,1.51646489561e-07,3.56724075293e-08,1.78627509336e-08
0.331789456056,0.0718946669315,0.0240680775298,0.566599573278,0.00563581323371,2.3909760661e-07,1.19874725708e-05,1.38390845804e-07,3.21695082264e-08,1.58399079029e-08
0.337414138278,0.0699295899328,0.0240457855899,0.56308615353,0.00551258144116,2.1664024104e-07,1.13652055404e-05,1.26315724004e-07,2.90156854601e-08,1.40502275e-08
0.343021201343,0.0679971574951,0.0240321205189,0.559545572872,0.00539282092811,1.96320194106e-07,1.07765660362e-05,1.15314355292e-07,2.61757285411e-08,1.24664332282e-08
0.348607490404,0.0660978714407,0.0240270369651,0.555980635794,0.00527642783923,1.77931902713e-07,1.02196528839e-05,1.05289739873e-07,2.36180109537e-08,1.10644781692e-08
0.354169935682,0.0642321825195,0.024030494545,0.552394104767,0.0051633012282,1.61289720559e-07,9.69267741595e-06,9.61537462705e-08,2.13141232945e-08,9.82315893046e-09
0.359705558123,0.0624004898827,0.0240424577751,0.548788695266,0.00505334298271,1.46225980565e-07,9.19395651159e-06,8.78262939732e-08,1.92385439272e-08,8.72377608568e-09
0.365211474477,0.0606031408174,0.0240628960076,0.545167071098,0.00494645775197,1.32589245987e-07,8.72190608682e-06,8.02346117636e-08,1.73683434718e-08,7.74983547523e-09
0.370684901781,0.0588404307348,0.0240917833708,0.541531840077,0.00484255287662,1.20242731851e-07,8.2750350046e-06,7.33125646923e-08,1.56829196488e-08,6.88678542088e-09
0.376123161243,0.0571126033999,0.0241290987141,0.537885550034,0.00474153832074,1.09062880155e-07,7.85193937597e-06,6.70000433394e-08,1.41637593573e-08,6.12178550966e-09
0.381523681544,0.0554198513925,0.0241748255566,0.534230685185,0.004643326606,9.89380738705e-08,7.45129722631e-06,6.12424095839e-08,1.27942251824e-08,5.44350313031e-09
0.386884001554,0.0537623167849,0.024228952039,0.530569662852,0.00454783274759,8.97674762443e-08,7.071863502e-06,5.598999364e-08,1.15593638224e-08,4.84193440967e-09
0.392201772475,0.052140092022,0.0242914708798,0.526904830554,0.0044549741921,8.1459983193e-08,6.7124653948e-06,5.11976376067e-08,1.04457341785e-08,4.30824660329e-09
0.397474759442,0.0505532209888,0.0243623793328,0.523238463448,0.00436467075694,7.39332777825e-08,6.37199796275e-06,4.68242812171e-08,9.44125308477e-09,3.8346393522e-09
0.40270084258,0.0490017002497,0.0244416791491,0.519572762135,0.00427684457138,6.71129768461e-08,6.04942002803e-06,4.28325858754e-08,8.53505686515e-09,3.41422253141e-09
0.407878017563,0.0474854804419,0.0245293765396,0.515909850807,0.00419142001903,6.09318607641e-08,5.74375033328e-06,3.91885934303e-08,7.71737708774e-09,3.04090869174e-09
0.413004395675,0.0460044678079,0.0246254821413,0.512251775751,0.00410832368168,5.53291782989e-08,5.45406393955e-06,3.58614164656e-08,6.9794290572e-09,2.70931833838e-09
0.418078203425,0.0445585258492,0.0247300109842,0.508600504168,0.00402748428442,5.02500191688e-08,5.17948884987e-06,3.28229571865e-08,6.31331173475e-09,2.4146965023e-09
0.423097781727,0.0431474770849,0.0248429824602,0.504957923326,0.00394883264199,4.56447477547e-08,4.91920284377e-06,3.00476522501e-08,5.71191791057e-09,2.15283924752e-09
0.428061584685,0.0417711048992,0.0249644202936,0.501325840016,0.00387230160622,4.14684919777e-08,4.67243050901e-06,2.75122411364e-08,5.16885357439e-09,1.92002892118e-09
0.432968178009,0.0404291554621,0.0250943525125,0.497705980294,0.00379782601459,3.76806819642e-08,4.43844045767e-06,2.51955558776e-08,4.67836553851e-09,1.71297709753e-09
0.437816237092,0.0391213397069,0.0252328114203,0.494099989511,0.00372534263978,3.42446336416e-08,4.21654271463e-06,2.30783301677e-08,4.23527646485e-09,1.52877429365e-09
0.442604544789,0.0378473353514,0.0253798335696,0.490509432594,0.00365479014025,3.11271728794e-08,4.00608626751e-06,2.11430260561e-08,3.83492653507e-09,1.36484564597e-09
0.447331988916,0.0366067889472,0.0255354597344,0.48693579457,0.00358610901169,2.82982962186e-08,3.8064567674e-06,1.93736765965e-08,3.47312108102e-09,1.21891183434e-09
0.451997559511,0.0353993179456,0.0256997348847,0.483380481323,0.00351924153941,2.57308646176e-08,3.61707437102e-06,1.77557429741e-08,3.1460835632e-09,1.08895462657e-09
0.456600345881,0.0342245127664,0.0258727081591,0.47984482055,0.00345413175162,2.34003269919e-08,3.43739171501e-06,1.62759847698e-08,2.85041334796e-09,9.73186491481e-10
0.461139533466,0.0330819388591,0.0260544328389,0.47633006291,0.00339072537354,2.12844706386e-08,3.26689201414e-06,1.49223421459e-08,2.5830477906e-09,8.70023795435e-10
0.465614400551,0.031971138746,0.0262449663213,0.472837383346,0.00332896978237,1.93631959219e-08,3.10508727545e-06,1.368382885e-08,2.34122818245e-09,7.78063155062e-10
0.470024314848,0.0308916340371,0.0264443700913,0.469367882556,0.00326881396301,1.76183128495e-08,2.95151662102e-06,1.25504350356e-08,2.12246916543e-09,6.96060570668e-10
0.474368729978,0.0298429274091,0.0266527096948,0.465922588615,0.0032102084647,1.60333574057e-08,2.80574471251e-06,1.15130389929e-08,1.92453125839e-09,6.22913009647e-10
0.478647181874,0.0288245045401,0.0268700547089,0.462502458699,0.00315310535832,1.45934257091e-08,2.66736027103e-06,1.05633269642e-08,1.74539617633e-09,5.57642148929e-10
0.482859285132,0.027835835994,0.0270964787126,0.459108380931,0.00309745819462,1.32850242595e-08,2.53597468648e-06,9.69372029888e-09,1.58324465607e-09,4.99380020397e-10
0.487004729329,0.026876379048,0.0273320592555,0.455741176307,0.00304322196311,1.20959347002e-08,2.41122071053e-06,8.89730926812e-09,1.43643653195e-09,4.47356333803e-10
0.491083275323,0.0259455794593,0.0275768778259,0.452401600701,0.00299035305185,1.10150916827e-08,2.29275122822e-06,8.16779292565e-09,1.30349283094e-09,4.00887278703e-10
0.495094751565,0.0250428731652,0.0278310198173,0.449090346932,0.00293880920788,1.00324725536e-08,2.18023810318e-06,7.49942445622e-09,1.18307968091e-09,3.59365630669e-10
0.499039050424,0.0241676879151,0.0280945744923,0.445808046876,0.00288854949857,9.1389977131e-09,2.07337109194e-06,6.88696150581e-09,1.07399384631e-09,3.22252007838e-10
0.502916124555,0.0233194448308,0.0283676349464,0.442555273621,0.00283953427366,8.32644060312e-09,1.97185682299e-06,6.32562103425e-09,9.75149725401e-10,2.89067142269e-10
0.506725983311,0.0224975598921,0.0286502980686,0.439332543639,0.00279172512811,7.58734638834e-09,1.87541783661e-06,5.81103827392e-09,8.85567659485e-10,2.59385046676e-10
0.510468689224,0.0217014453492,0.0289426645003,0.436140318978,0.00274508486574,6.91495848274e-09,1.78379168176e-06,5.33922941644e-09,8.0436342058e-10,2.32826971357e-10
0.514144354549,0.0209305110574,0.0292448385921,0.432979009458,0.0026995774636,6.30315215843e-09,1.69673006641e-06,4.90655768453e-09,7.30738757239e-10,2.09056058591e-10
0.517753137896,0.0201841657373,0.0295569283581,0.429848974865,0.00265516803717,5.74637454767e-09,1.61399805813e-06,4.50970247801e-09,6.63972890881e-10,1.87772612832e-10
0.521295240951,0.0194618181582,0.0298790454276,0.426750527126,0.00261182280635,5.23959041647e-09,1.53537333186e-06,4.14563131151e-09,6.03414865877e-10,1.68709914659e-10
0.52477090529,0.0187628782464,0.0302113049938,0.423683932472,0.00256950906216,4.77823314909e-09,1.46064546179e-06,3.81157428795e-09,5.48476666637e-10,1.51630515024e-10
0.528180409298,0.0180867581201,0.0305538257602,0.420649413574,0.00252819513429,4.35816043744e-09,1.38961525494e-06,3.50500087525e-09,4.98627023828e-10,1.36322953795e-10
0.531524065191,0.0174328730503,0.0309067298836,0.417647151646,0.00248785035939,3.97561421885e-09,1.32209412365e-06,3.22359877553e-09,4.53385839813e-10,1.22598853233e-10
0.534802216156,0.0168006423512,0.0312701429134,0.414677288511,0.00244844505013,3.62718445045e-09,1.25790349477e-06,2.96525469517e-09,4.12319170591e-10,1.10290342864e-10
0.538015233592,0.0161894902011,0.0316441937283,0.411739928627,0.00240995046504,3.30977634835e-09,1.19687425324e-06,2.72803684235e-09,3.75034707913e-10,9.92477773071e-11
0.54116351448,0.0155988463959,0.0320290144689,0.408835141068,0.00237233877914,3.0205807564e-09,1.13884621796e-06,2.51017899414e-09,3.41177711024e-10,8.93377131734e-11
0.544247478855,0.0150281470374,0.0324247404665,0.40596296146,0.00233558305527,2.75704734192e-09,1.08366764816e-06,2.31006599028e-09,3.1042734264e-10,8.04411151032e-11
0.547267567407,0.01447683516,0.032831510168,0.403123393856,0.00229965721622,2.51686034519e-09,1.03119477817e-06,2.12622052364e-09,2.82493368403e-10,7.24517645289e-11
0.550224239187,0.0139443612955,0.0332494650566,0.400316412574,0.00226453601763,2.29791663636e-09,9.81291379076e-07,1.95729110948e-09,2.57113183218e-10,6.52748478397e-11
0.553117969443,0.0134301839822,0.0336787495684,0.397541963963,0.00223019502154,2.09830585722e-09,9.33828345649e-07,1.80204112647e-09,2.34049131609e-10,5.88257033484e-11
0.555949247558,0.0129337702177,0.0341195110038,0.394799968125,0.00219661057081,1.91629244724e-09,8.88683306865e-07,1.65933883233e-09,2.1308609256e-10,5.30287088639e-11
0.558718575107,0.0124545958605,0.034571899435,0.392090320573,0.00216375976411,1.75029937237e-09,8.4574025879e-07,1.52814826573e-09,1.94029302329e-10,4.78162937924e-11
0.561426464027,0.011992145981,0.0350360676076,0.389412893837,0.00213162043177,1.59889339322e-09,8.04889218391e-07,1.40752095442e-09,1.76702391419e-10,4.31280615567e-11
0.564073434895,0.011545915167,0.0355121708382,0.386767539004,0.00210017111222,1.46077172475e-09,7.66025897056e-07,1.29658835673e-09,1.60945614272e-10,3.89100097741e-11
0.56666001531,0.0111154077834,0.0360003669055,0.384154087209,0.00206939102921,1.33474995423e-09,7.29051392651e-07,1.1945549703e-09,1.46614252482e-10,3.51138370867e-11
0.569186738386,0.0107001381918,0.0365008159365,0.381572351059,0.00203926006965,1.21975109684e-09,6.9387189902e-07,1.10069204814e-09,1.33577174208e-10,3.16963268213e-11
0.57165414134,0.0102996309298,0.037013680287,0.379022126003,0.00200975876217,1.11479568038e-09,6.60398431881e-07,1.01433186719e-09,1.21715534258e-10,2.86187987902e-11
0.574062764183,0.00991342085472,0.037539124416,0.376503191653,0.00198086825629,1.01899276067e-09,6.28546570164e-07,9.3486250008e-10,1.10921600877e-10,2.58466215426e-11
0.576413148505,0.00954105325289,0.0380773147541,0.374015313032,0.00195257030234,9.31531778955e-10,5.98236211884e-07,8.61723044776e-10,1.01097696658e-10,2.33487782641e-11
0.578705836351,0.00918208391706,0.0386284195652,0.371558241784,0.00192484723184,8.51675181187e-10,5.6939134368e-07,7.94399271395e-10,9.21552422938e-11,2.10974802955e-11
0.58094136919,0.00883607919472,0.0391926088027,0.36913171732,0.00189768193869,7.78751726762e-10,5.41939823233e-07,7.32419648782e-10,8.40138929943e-11,1.90678229386e-11
0.583120286962,0.00850261600904,0.0397700539576,0.366735467916,0.00187105786085,7.121504212e-10,5.1581317381e-07,6.753517171e-10,7.66007584382e-11,1.72374788208e-11
0.585243127222,0.00818128185482,0.0403609279013,0.364369211753,0.00184495896265,6.51315013694e-10,4.90946390214e-07,6.22798775641e-10,6.98496980244e-11,1.55864246311e-11
0.587310424345,0.00787167477135,0.0409654047204,0.36203265792,0.00181936971769,5.95739006035e-10,4.67277755497e-07,5.74396857874e-10,6.37006840253e-11,1.4096697516e-11
0.589322708824,0.0075734032941,0.0415836595446,0.359725507351,0.00179427509229,5.44961124613e-10,4.4474866779e-07,5.29811968276e-10,5.80992259782e-11,1.27521778446e-11
0.591280506627,0.00728608638727,0.0422158683674,0.357447453733,0.00176966052954,4.98561211782e-10,4.23303476684e-07,4.88737557803e-10,5.29958503173e-11,1.15383954243e-11
0.593184338637,0.00700935335871,0.0428622078596,0.355198184355,0.00174551193379,4.56156497115e-10,4.02889328598e-07,4.50892216922e-10,4.83456298458e-11,1.04423565794e-11
0.595034720147,0.00674284375904,0.0435228551748,0.35297738092,0.00172181565579,4.17398212798e-10,3.83456020621e-07,4.16017567056e-10,4.41077581858e-11,9.45238979389e-12
0.596832160426,0.00648620726651,0.0441979877476,0.350784720311,0.00169855847825,3.81968520875e-10,3.64955862343e-07,3.83876332979e-10,4.02451648241e-11,8.55800788234e-12
0.598577162342,0.00623910355896,0.044887783084,0.348619875321,0.00167572760198,3.49577723093e-10,3.47343545217e-07,3.5425058029e-10,3.67241668089e-11,7.74978487544e-12
0.600270222047,0.00600120217452,0.0455924185439,0.346482515339,0.00165331063238,3.1996172692e-10,3.30576019017e-07,3.26940103514e-10,3.35141535421e-11,7.01924601515e-12
0.601911828711,0.00577218236207,0.0463120711156,0.344372307,0.00163129556659,2.92879743794e-10,3.14612375e-07,3.01760951648e-10,3.05873014609e-11,6.35876942987e-12
0.603502464315,0.00555173292293,0.0470469171832,0.342288914803,0.00160967078092,2.68112197949e-10,2.99413735374e-07,2.78544079185e-10,2.79183157216e-11,5.76149822066e-12
0.605042603489,0.00533955204478,0.0477971322846,0.340232001687,0.00158842501884,2.45458826214e-10,2.84943148732e-07,2.57134111679e-10,2.54841962811e-11,5.22126183028e-12
0.606532713396,0.00513534712893,0.0485628908632,0.338201229577,0.00156754737934,2.24736951031e-10,2.71165491104e-07,2.37388215909e-10,2.32640260268e-11,4.73250569158e-12
0.60797325367,0.00493883461196,0.0493443660106,0.336196259904,0.00154702730575,2.05779910628e-10,2.58047372319e-07,2.19175065563e-10,2.12387788375e-11,4.29022826283e-12
0.609364676382,0.00474973978258,0.0501417292018,0.334216754087,0.00152685457491,1.88435631791e-10,2.45557047363e-07,2.023738942e-10,1.93911456636e-11,3.88992465598e-12
0.610707426061,0.00456779659468,0.0509551500228,0.33226237399,0.00150701928679,1.7256533204e-10,2.33664332478e-07,1.86873627936e-10,1.77053769032e-11,3.52753615072e-12
0.612001939738,0.00439274747726,0.0517847958902,0.33033278235,0.00148751185445,1.5804233929e-10,2.22340525713e-07,1.72572090993e-10,1.61671395174e-11,3.19940496548e-12
0.61324864704,0.00422434314201,0.0526308317637,0.32842764318,0.00146832299436,1.44751018143e-10,2.11558331694e-07,1.59375277854e-10,1.47633874794e-11,2.90223372448e-12
0.614447970306,0.00406234238923,0.0534934198508,0.326546622149,0.00144944371714,1.32585793029e-10,2.01291790377e-07,1.47196686302e-10,1.3482244291e-11,2.63304912167e-12
