-10.0 -10.0,-10.0 0.0,-10.0 10.0,0.0 -10.0,0.0 0.0,0.0 10.0,10.0 -10.0,10.0 0.0,10.0 10.0,other
0.111111111111,0.111111111111,0.111111111111,0.111111111111,0.111111111111,0.111111111111,0.111111111111,0.111111111111,0.111111111111,0.0
0.116669952843,0.114310546126,0.10021652895,0.134250158802,0.134160844487,0.100388635126,0.100002080915,0.100001241795,0.100000010956,0.0
0.121399659817,0.116689281129,0.0892407907182,0.158555533176,0.158482855206,0.0896182599851,0.0886723888609,0.0886713783105,0.0886698527974,0.0
0.125198536153,0.118244754707,0.0786864815481,0.182947079472,0.18306021174,0.0792897355334,0.0775255372135,0.0775245723797,0.0775230912532,0.0
0.128020491711,0.119022987323,0.0691006248344,0.206270453183,0.206793337759,0.069910455975,0.0669615648259,0.0669607066409,0.0669593777483,0.0
0.129867471032,0.119100097941,0.0610053863642,0.227472949496,0.228662992771,0.0619280463912,0.0573218985609,0.0573211559973,0.057320001447,0.0
0.130782217215,0.118565518493,0.0548058080706,0.245782631799,0.247900911494,0.0556471071857,0.0488393554322,0.0488387199965,0.0488377303145,0.0
0.130841873404,0.117509724641,0.0507096718242,0.260834892621,0.264116938218,0.0511744247892,0.0416048015106,0.0416042591165,0.0416034138753,0.0
0.130144192812,0.116012881274,0.0487222295717,0.272672144181,0.277309655055,0.0484331115772,0.0355691457708,0.0355686815678,0.0355679581912,0.0
0.128784931339,0.114133870204,0.0487295175193,0.281607400064,0.287745384014,0.0472422487097,0.0305860230833,0.0305856236501,0.0305850014165,0.0
0.126837730014,0.111904471655,0.0506057150497,0.288043972559,0.295789077616,0.0474079961951,0.0264707556965,0.0264704098423,0.0264698713729,0.0
0.124345841849,0.109330871974,0.0542803239915,0.292347621039,0.301780127243,0.0487808501712,0.0230451449248,0.0230448437107,0.0230443750962,0.0
0.121324665659,0.106399830055,0.0597543151765,0.294793527421,0.305977965953,0.0512753493624,0.0201584277293,0.0201581641503,0.0201577544942,0.0
0.117769805504,0.10308635262,0.0670830464364,0.295562597904,0.308555407746,0.0548693723145,0.0176914131589,0.0176911817478,0.0176908225682,0.0
0.113667074114,0.0993615909899,0.0763413379127,0.294759552744,0.3096140498,0.0595977851426,0.0155531105608,0.0155529070261,0.0155525917094,0.0
0.109003106424,0.0952008918247,0.0875774942784,0.292437787135,0.309207241756,0.0655477496553,0.0136754545704,0.013675275497,0.0136749988587,0.0
0.103776034134,0.0905919878916,0.100759788097,0.288624771081,0.307364304708,0.0728584783822,0.0120083975089,0.0120082401181,0.0120079980789,0.0
0.0980052893943,0.0855426704463,0.115721138377,0.283344720695,0.304112408526,0.0817265630719,0.0105158987346,0.0105157606864,0.0105155500688,0.0
0.0917388066044,0.0800864741628,0.132112385106,0.276635020176,0.299492089499,0.0924176521362,0.00917266513441,0.00917254435272,0.00917236282777,0.0
0.085055445415,0.0742844774942,0.14937754678,0.268552146791,0.293561467566,0.105285223815,0.00796135229742,0.00796124678128,0.00796109305919,0.0
0.0780610217512,0.0682217830852,0.166761533399,0.259163765027,0.286384980288,0.120797119524,0.00687003578743,0.00686994332495,0.00686981781337,0.0
0.070878071312,0.0619987190141,0.183350424686,0.24852706604,0.27800584955,0.139570285456,0.0058899474577,0.005889865014,0.00588977147037,0.0
0.0636317117606,0.0557187215182,0.198130636027,0.236658254255,0.268406476326,0.162413547244,0.00501361973191,0.00501354185345,0.00501349128304,0.0
0.0564355034213,0.0494761915149,0.210044646768,0.223501961426,0.257465056479,0.190375963643,0.00423360945287,0.00423352369607,0.00423354359891,0.0
0.0493812499737,0.0433476894983,0.218024822112,0.208911033907,0.244918668442,0.22479096205,0.00354189031609,0.00354176328757,0.00354192041222,0.0
0.0425356779451,0.0373890247336,0.221004871502,0.192648717376,0.230345671025,0.267286370483,0.00292991458553,0.00292964634924,0.00293010600061,0.0
0.0359464880151,0.0316404790567,0.217940010723,0.174432793028,0.213191578281,0.319680667821,0.00238942168972,0.0023886846053,0.00238987678098,0.0
0.0296630027167,0.0261448640336,0.207921156027,0.15406617295,0.192899023379,0.383563500369,0.00191464100198,0.00191225921019,0.00191538031278,0.0
0.0237890746979,0.0209940998383,0.190595896396,0.131774898136,0.169310627495,0.459017904548,0.00150870189976,0.00150009626328,0.00150870072484,0.0
0.0186217036221,0.0164516499435,0.167492411143,0.109100184973,0.143832757022,0.540932993455,0.00120318665712,0.00117021280974,0.00119490037517,0.0
0.0148284413753,0.0131101088183,0.14474975674,0.090337377185,0.121574428106,0.61230496413,0.00108660488856,0.000971259370775,0.00103705938519,0.0
0.0126768200879,0.0112120340265,0.129264882316,0.078815013901,0.107349965712,0.657508273086,0.00121252876068,0.000911178927867,0.00104930318115,0.0
0.011422555888,0.0101047771989,0.11936771381,0.0718226275284,0.0985262500355,0.685136341758,0.00153850602034,0.000922418418979,0.00115880934224,0.0
0.0105751016033,0.0093563599171,0.112333745771,0.0669952566293,0.0923586972837,0.704003413352,0.00207931486722,0.000968189262272,0.00132992131359,0.0
0.00994116588932,0.00879636895252,0.106891512,0.0633342194099,0.0876430776403,0.717888804691,0.00291365975932,0.00103632155382,0.00155487010385,0.0
0.00943375353215,0.00834806227471,0.102421302566,0.0603750182168,0.08380882751,0.728475328475,0.00418077822753,0.00112260031816,0.00183432887961,0.0
0.00900646398677,0.00797049206911,0.0985728465019,0.0578643253159,0.0805407103687,0.736545753591,0.00610278726908,0.0012257174972,0.0021709034009,0.0
0.00863044162913,0.00763818479502,0.0951152435914,0.0556415144289,0.077636494292,0.74239868584,0.00902833524373,0.00134560801643,0.00256549216335,0.0
0.00828464866649,0.00733256176581,0.0918681428266,0.0535872129407,0.0749441323503,0.745982688874,0.0135046430398,0.00148271597274,0.00301325356335,0.0
0.00795078101509,0.00703745287363,0.0886619397769,0.0515958143139,0.0723278568585,0.746898524409,0.0203923498171,0.00163744930943,0.00349783162684,0.0
0.00760985408181,0.00673608319964,0.0853072799409,0.0495570865141,0.0696458718997,0.74431009951,0.0310408695255,0.00180941952273,0.00398343580591,0.0
0.0072394596812,0.00640865442511,0.0815668622013,0.0473431593252,0.0667370241898,0.736778373765,0.0475238649106,0.00199596745553,0.00440663404672,0.0
0.00681234942012,0.00603110947689,0.0771362261952,0.044810173905,0.0634349015505,0.722089622742,0.0728209248155,0.00218914858785,0.00467554330674,0.0
0.00630112975246,0.00557933889001,0.07167778832,0.041862449588,0.0596956044653,0.697435457493,0.110384584703,0.00237023937774,0.00469340741033,0.0
0.0057060580174,0.00505392714311,0.0650556454747,0.0387526368575,0.0561588978207,0.661142710638,0.161204082852,0.00250302612067,0.00442301507566,0.0
0.00514348880278,0.00455860051131,0.0580684465054,0.0369972254752,0.0558837357115,0.618257075654,0.214578599858,0.0025388688664,0.00397395861557,0.0
0.00486422343208,0.00431519282798,0.0527079041255,0.0393157299255,0.0644265010871,0.583154525077,0.245159135498,0.00247343901001,0.00358334901707,0.0
0.00482712754489,0.00428578440082,0.0489342917001,0.0452232396962,0.0820008864099,0.557460821313,0.251607494103,0.00236140627275,0.00329894855898,0.0
0.00486668980935,0.00432386330816,0.0456413438575,0.053245386427,0.107227100146,0.534524345818,0.2449033772,0.00222074549253,0.00304714794098,0.0
0.00489871420486,0.00435521215938,0.0423307310649,0.0625552180851,0.139616048247,0.511347593683,0.230054067071,0.00205202098532,0.00279039450001,0.0
0.00487229812676,0.00433492434174,0.0388511794093,0.0722614222012,0.177795942996,0.487778779497,0.209734399184,0.00185685213433,0.00251420210948,0.0
0.00475379487615,0.00423317810622,0.0352775980506,0.081194607242,0.218561891273,0.466103864198,0.186015024405,0.00164157769075,0.00221846415807,0.0
0.00452577433619,0.0040343185494,0.0318411105374,0.0880007304493,0.256773965075,0.45070293158,0.160790838545,0.00141698892643,0.00191334200144,0.0
0.00418714960292,0.00373698758768,0.0288017246838,0.0914190819371,0.286269054336,0.447011395422,0.13576523983,0.00119559953179,0.00161376706934,0.0
0.00375084227612,0.00335211544471,0.0262697256817,0.0906187961517,0.301582505637,0.459910359767,0.11219544921,0.000987546635237,0.0013326591962,0.0
0.00323874279905,0.00289858601156,0.0240844514005,0.0853847466313,0.29945604344,0.492382671531,0.0906806671275,0.000797729498938,0.00107636156068,0.0
0.00267797550377,0.00240010858218,0.0218614038079,0.0760906191019,0.279309669178,0.54486058569,0.0713271818097,0.000626780299249,0.000845676027555,0.0
0.00210388381611,0.00188805789018,0.0192029868781,0.0637107069156,0.243437704851,0.614239455931,0.0543002496397,0.000475299285087,0.000641654793116,0.0
0.00157273250528,0.00141294940509,0.0160383920742,0.050164537027,0.198407926726,0.690725960374,0.0408522657781,0.000350142833485,0.000475093276536,0.0
0.00118759497967,0.00106770236191,0.0131261534169,0.0391970704088,0.158858428281,0.75050180231,0.0354064894154,0.000273400481635,0.000381358344958,0.0
0.000992466110073,0.000892564801947,0.0113883788734,0.0332942398177,0.136618919072,0.775535020559,0.0406605502869,0.0002503423115,0.000367518167823,0.0
0.000874638745999,0.000786762944031,0.0102495194847,0.0296597877572,0.122743103985,0.781891956004,0.0531698951113,0.000247258401329,0.00037707756677,0.0
0.000782928336793,0.000704402948306,0.00931422564683,0.0268246810175,0.111929320105,0.776571423087,0.0732372074589,0.000250739899363,0.000385071500242,0.0
0.000700139011545,0.000630063074595,0.00842998820595,0.024300105632,0.10246005727,0.760010897491,0.102833206522,0.000255738748359,0.000379804045067,0.0
0.000620051270955,0.000558187243545,0.00753215071848,0.0219772265821,0.0942592330396,0.731437329178,0.143001187454,0.000258477610117,0.000356156902897,0.0
0.00054602712146,0.000491859023697,0.0066389049484,0.0201889750647,0.0895883759411,0.692999839647,0.188972272066,0.000255375726755,0.000318370460714,0.0
0.00049320849848,0.000444747640479,0.00587563215078,0.0198463575708,0.0941150259664,0.653994434268,0.224705489659,0.000245136531492,0.000279967714719,0.0
0.000468633004346,0.0004231008576,0.00531857632717,0.0213580913301,0.111369733432,0.622889475778,0.237691381839,0.00023067160187,0.000250335830075,0.0
0.000457852909707,0.000413845142663,0.00487134906389,0.0240196799199,0.139127792798,0.597191174619,0.23347845336,0.000213828895094,0.000226023292277,0.0
0.000448517596943,0.000405866531897,0.00445244562601,0.0271680426809,0.174826553281,0.573662456039,0.218638750265,0.0001945341584,0.000202833820093,0.0
0.000433542725237,0.000392783595615,0.00403226756362,0.0302154381992,0.214962538836,0.552568711222,0.197042932428,0.000172833935975,0.000178951494227,0.0
0.000408818954622,0.000370867281559,0.00361375914049,0.0325144468739,0.253661550454,0.537576562916,0.17155045767,0.000149398174446,0.000154138533816,0.0
0.000372747460074,0.00033862693911,0.00321552543203,0.0334242439773,0.283014491268,0.534794410848,0.144585419549,0.000125401299172,0.00012913322676,0.0
0.000326153469832,0.00029674643266,0.00284943474144,0.0324909292381,0.295263271919,0.550467047018,0.118099295991,0.000102105322669,0.000105015867601,0.0
0.000271946324283,0.000247801772759,0.00250241637288,0.0296249307872,0.285827765947,0.5879174861,0.0934445114297,8.04641686879e-05,8.26770972151e-05,0.0
0.000214800618486,0.000196004438058,0.00214409508438,0.0251910650296,0.2555380954,0.644851601677,0.0717402956163,6.12013896133e-05,6.28407460937e-05,0.0
0.000161840824512,0.000147849426311,0.00176816747173,0.0200993840159,0.212281923783,0.710082433007,0.0553658707481,4.56042776797e-05,4.69264451558e-05,0.0
0.000124008519542,0.000113370184545,0.00144963576693,0.0159651603337,0.173195019887,0.758815211643,0.0502630405744,3.64356928872e-05,3.81173977917e-05,0.0
0.000103644873663,9.4788125736e-05,0.00125364605761,0.0135943938404,0.149644155834,0.776665671556,0.0585742986779,3.34714215973e-05,3.59296122927e-05,0.0
9.04368443945e-05,8.27308125146e-05,0.00111640082348,0.0120303613543,0.133936695289,0.776257894572,0.0764173367747,3.27868409064e-05,3.53566878554e-05,0.0
7.97323277296e-05,7.29589137958e-05,0.000998825583303,0.010772726596,0.121464865717,0.762701900324,0.103842005645,3.27581365465e-05,3.42267566987e-05,0.0
7.00483247259e-05,6.41225210465e-05,0.000886662101152,0.00968498847891,0.111279907901,0.736721135656,0.141228663776,3.26631380294e-05,3.18081026783e-05,0.0
6.13944495857e-05,5.62371805983e-05,0.000778834871388,0.00885937852926,0.105394192627,0.700678550425,0.184111088321,3.19945940502e-05,2.8329002377e-05,0.0
5.50710992524e-05,5.04976610251e-05,0.000686505725823,0.00862116391177,0.109404092514,0.662826637971,0.218300673738,3.05485692984e-05,2.48088095288e-05,0.0
5.17737287174e-05,4.75329197324e-05,0.000617517904216,0.00913996023732,0.127237636489,0.631489683147,0.23136527587,2.85977586615e-05,2.20219447556e-05,0.0
5.00549178532e-05,4.6010310902e-05,0.000562039295206,0.0101403763904,0.156587911377,0.605561873132,0.2270056577,2.6348897784e-05,1.97279793707e-05,0.0
4.85080597593e-05,4.4641667818e-05,0.00051053744236,0.0113182780567,0.193972774766,0.58244128581,0.211622620589,2.37967968446e-05,1.7556810946e-05,0.0
4.63104661421e-05,4.26726615643e-05,0.000459455443481,0.0124006925537,0.234691044546,0.562962974541,0.189360550872,2.09557396983e-05,1.53431761229e-05,0.0
4.30152861104e-05,3.96901744131e-05,0.000409142466993,0.0131032650658,0.271530575937,0.551513711353,0.163329606195,1.79231479329e-05,1.3070373191e-05,0.0
3.84962178893e-05,3.55724254549e-05,0.000361476678547,0.0131695297483,0.295619146422,0.554640055116,0.136110057034,1.48569622156e-05,1.08093959838e-05,0.0
3.29261643123e-05,3.04715532393e-05,0.000317023847293,0.0124548193988,0.299369583037,0.578059181856,0.109715419525,1.19177921993e-05,8.65682626551e-06,0.0
2.67301492197e-05,2.47737827536e-05,0.000273598835529,0.0109971932508,0.279931735944,0.623094142279,0.0856358989295,9.23111675643e-06,6.69571192927e-06,0.0
2.05732405552e-05,1.9092132236e-05,0.000228773442769,0.00905274553344,0.241508196986,0.683459592206,0.0656990701553,6.93181579519e-06,5.02448742345e-06,0.0
1.54960407315e-05,1.43940686423e-05,0.000186290436957,0.00715075644201,0.197503138553,0.74072040863,0.0544003489402,5.30125820168e-06,3.86562981691e-06,0.0
1.24678765551e-05,1.15871108494e-05,0.000156931678847,0.00590347442527,0.166322561942,0.770139251811,0.0574457049009,4.59893186589e-06,3.42132322401e-06,0.0
1.07024016624e-05,9.94942524251e-06,0.000138094113113,0.00515044967813,0.146999634702,0.775760451921,0.0719230129806,4.39918034291e-06,3.3055979962e-06,0.0
9.38232653282e-06,8.72472147493e-06,0.000123109108305,0.00458659146338,0.132585371965,0.766679940391,0.0959993237121,4.35426267983e-06,3.20204958377e-06,0.0
8.23424426982e-06,7.65986872967e-06,0.00010935821326,0.00411072616977,0.12088768266,0.744818137877,0.130050865671,4.3336051834e-06,3.00169116832e-06,0.0
7.2015159122e-06,6.70297577629e-06,9.61679358342e-05,0.00372775336515,0.112912799272,0.711779495155,0.171462923836,4.25931911089e-06,2.69662558933e-06,0.0
6.38662102207e-06,5.95005785372e-06,8.44141849341e-05,0.00354300855964,0.113432649089,0.673941131275,0.208980011665,4.08756678033e-06,2.36098061195e-06,0.0
5.91389820315e-06,5.51635439997e-06,7.53756969837e-05,0.00366453013179,0.127849089818,0.640763310078,0.227630344661,3.83738864636e-06,2.08197258086e-06,0.0
5.67123346785e-06,5.2964828632e-06,6.83466787514e-05,0.00401746331458,0.155132581888,0.61372202089,0.227043216804,3.54402926093e-06,1.8586788739e-06,0.0
5.48243705186e-06,5.12630654234e-06,6.20362836489e-05,0.00446926897427,0.191536294754,0.59004806245,0.213868863447,3.21104756294e-06,1.6543006377e-06,0.0
5.23875967905e-06,4.90454658373e-06,5.58529214334e-05,0.00490454023811,0.232386114824,0.569814875308,0.19282418572,2.83871897974e-06,1.44896391133e-06,0.0
4.8801358034e-06,4.57491558127e-06,4.97445229664e-05,0.005206417344,0.270601617246,0.556821321549,0.167307768103,2.43786580779e-06,1.23831852804e-06,0.0
4.38524007612e-06,4.11690434569e-06,4.39119929623e-05,0.00526638064644,0.297125265705,0.557454338318,0.140098544929,2.028646392e-06,1.02761754714e-06,0.0
3.76868078157e-06,3.54339487628e-06,3.84638555114e-05,0.00501711114636,0.303722646138,0.577814185734,0.113397822076,1.63322187765e-06,8.25752256082e-07,0.0
3.07566449548e-06,2.89606051046e-06,3.3193425578e-05,0.00446394547808,0.286685593272,0.619964528736,0.0888448567985,1.2696702524e-06,6.40894748837e-07,0.0
2.37897705004e-06,2.24299144606e-06,2.7806801456e-05,0.00370082924012,0.249465262075,0.67853533906,0.0682647026618,9.5610592756e-07,4.8208738184e-07,0.0
1.79162963555e-06,1.69088019758e-06,2.26497023765e-05,0.00292963683373,0.204776356199,0.736382437015,0.0558843411033,7.27982899728e-07,3.6865309902e-07,0.0
1.43048261928e-06,1.3507729371e-06,1.89803182371e-05,0.00240464215027,0.171686500995,0.768142388988,0.0577437608141,6.23851781497e-07,3.21627192479e-07,0.0
1.22268278365e-06,1.15492329068e-06,1.66483812142e-05,0.00209040217273,0.151276792949,0.775067159213,0.0715457176295,5.93142326426e-07,3.08906141313e-07,0.0
1.06996893225e-06,1.01096602544e-06,1.48223112696e-05,0.00185867583221,0.1362567055,0.766836475372,0.0950303557051,5.85533757275e-07,2.98810363402e-07,0.0
9.38429871156e-07,8.86998960309e-07,1.31621310035e-05,0.00166458215043,0.124130548787,0.745725878899,0.128463140191,5.82143803416e-07,2.80269531586e-07,0.0
8.20362670249e-07,7.75834523556e-07,1.15745344937e-05,0.00150773757993,0.115739165334,0.713311277884,0.169427824258,5.72151551218e-07,2.52060245168e-07,0.0
7.26336209122e-07,6.87542720443e-07,1.01535963978e-05,0.00142822866272,0.115733097542,0.675673479971,0.207152856316,5.49332702443e-07,2.20699997992e-07,0.0
6.70706768673e-07,6.35652510257e-07,9.05365324448e-06,0.00147063751485,0.129704816656,0.642274206017,0.226539269646,5.15784618765e-07,1.94368666236e-07,0.0
6.41883415622e-07,6.09082085357e-07,8.20054251325e-06,0.00160773483639,0.156859687341,0.615044394379,0.22647808231,4.76297261505e-07,1.73328338568e-07,0.0
6.19736047307e-07,5.88773092304e-07,7.43842792917e-06,0.00178576378196,0.193339223634,0.591298772625,0.213567007385,4.31475606596e-07,1.54162036946e-07,0.0
5.91651038726e-07,5.62789449509e-07,6.69356206047e-06,0.00195772738621,0.234341354252,0.571061141638,0.192631412404,3.81359095768e-07,1.34958786891e-07,0.0
5.50683868282e-07,5.24520296389e-07,5.9582139109e-06,0.00207645844102,0.272663834191,0.558112438758,0.167139792517,3.27393879491e-07,1.15281509079e-07,0.0
4.9437259296e-07,4.71562035498e-07,5.255839443e-06,0.00209838162998,0.299124756281,0.558853714676,0.139916557733,2.722975588e-07,9.56085980091e-08,0.0
4.24388675286e-07,4.05414125236e-07,4.5992686281e-06,0.00199670947444,0.305415920538,0.579386031999,0.113195613077,2.19070458802e-07,7.67694608723e-08,0.0
3.45911214962e-07,3.30929552538e-07,3.9639942529e-06,0.00177407690205,0.287874358437,0.621699247317,0.088647446799,1.70175353677e-07,5.95342321956e-08,0.0
2.67278471897e-07,2.56035448122e-07,3.31616789415e-06,0.00146889853859,0.250150532898,0.680222808706,0.0681537474985,1.28109799594e-07,4.47672027586e-08,0.0
2.01406527524e-07,1.9312208873e-07,2.70028588873e-06,0.00116295830824,0.205312312159,0.737468126017,0.0560533766526,9.77417079706e-08,3.43068633637e-08,0.0
1.61161826117e-07,1.54615185255e-07,2.26567219252e-06,0.000956319046201,0.172412810706,0.768342285345,0.0582858893651,8.40587664207e-08,3.00303258182e-08,0.0
1.37854570708e-07,1.32297095253e-07,1.98813989414e-06,0.000831970502977,0.15203162638,0.774752662645,0.0723813733125,8.00208132339e-08,2.88468500729e-08,0.0
1.20628483866e-07,1.1579933005e-07,1.76968977377e-06,0.000739822713009,0.136970793222,0.766107349353,0.0961799217228,7.90041953933e-08,2.78668903642e-08,0.0
1.05759387988e-07,1.01562526345e-07,1.5706531116e-06,0.000662593742018,0.124828644233,0.744600274575,0.129906604878,7.85076409634e-08,2.60887579089e-08,0.0
9.24420586006e-08,8.88241493774e-08,1.38055365337e-06,0.00060063841648,0.116568437208,0.711912653556,0.170916608491,7.70844149435e-08,2.34245217632e-08,0.0
8.19268481201e-08,7.87939234109e-08,1.21128921019e-06,0.000570414731455,0.116999372694,0.674338259496,0.208090486643,7.39248988145e-08,2.0500438636e-08,0.0
7.5763174527e-08,7.29543771649e-08,1.08070844148e-06,0.000588952657449,0.131597386928,0.641220478983,0.226591864596,6.93475365104e-08,1.80614843168e-08,0.0
7.25360907085e-08,6.99325061871e-08,9.78910673112e-07,0.000644391761405,0.159319061963,0.614161826259,0.225873518555,6.39781417452e-08,1.61042582381e-08,0.0
6.99906714811e-08,6.75595557458e-08,8.87498065959e-07,0.00071530016159,0.196226546903,0.590536199301,0.212520856388,5.78858253231e-08,1.43119827731e-08,0.0
6.67278644586e-08,6.4490285455e-08,7.98022415594e-07,0.000782877591606,0.237368975763,0.570551121169,0.19129603264,5.10832721331e-08,1.2512754245e-08,0.0
6.19841709697e-08,5.99859144646e-08,7.09806689933e-07,0.000828252994667,0.275354080171,0.558166745995,0.165650034615,4.37765875261e-08,1.06705579877e-08,0.0
5.55051666309e-08,5.37932283069e-08,6.25704261841e-07,0.000834245182188,0.300906269899,0.559863906863,0.138394797882,3.63391134009e-08,8.83288221162e-09,0.0
4.7504411575e-08,4.61082032337e-08,5.47051075574e-07,0.00079072286838,0.30584498454,0.581621099849,0.111742515827,2.91749161264e-08,7.07768133803e-09,0.0
3.85899476614e-08,3.751033014e-08,4.70703363276e-07,0.00069952870782,0.286863653688,0.625080381086,0.0873558616232,2.26140099788e-08,5.4767048315e-09,0.0
2.97311562856e-08,2.89365505476e-08,3.92848266096e-07,0.000576912846534,0.248134966101,0.684090971626,0.0671966767934,1.7003955037e-08,4.11372684187e-09,0.0
2.24272346679e-08,2.18484803217e-08,3.19785408138e-07,0.000456610329605,0.203416098721,0.740283940403,0.0558429702854,1.30309617547e-08,3.16866333218e-09,0.0
1.80428640391e-08,1.75862445894e-08,2.69229604251e-07,0.000377110546555,0.171435069945,0.769225156475,0.058962344073,1.13037071456e-08,2.79842342552e-09,0.0
1.54692580983e-08,1.50825284462e-08,2.36615333675e-07,0.000328765963172,0.151465059177,0.774523975584,0.0736819186163,1.07987696495e-08,2.69330908806e-09,0.0
1.35422447301e-08,1.32075812373e-08,2.10637180076e-07,0.000292533681824,0.136565940161,0.765032424627,0.0981088508741,1.06718283846e-08,2.59800418463e-09,0.0
1.18693686503e-08,1.158037177e-08,1.86831737787e-07,0.000262083024981,0.124565760426,0.742737265309,0.132434667932,1.06005553538e-08,2.42546636202e-09,0.0
1.03752536553e-08,1.01285900221e-08,1.641193289e-07,0.000237959114551,0.116655706336,0.709489836001,0.17361630136,1.03940612711e-08,2.17224335464e-09,0.0
9.21356988432e-09,9.00314447248e-09,1.44074317378e-07,0.00022706161663,0.117890671142,0.67196993882,0.209912154279,9.95093166811e-09,1.9000598568e-09,0.0
8.54509561353e-09,8.36012689152e-09,1.28706133846e-07,0.000235637946844,0.133483390058,0.639311540427,0.226969274959,9.32307949977e-09,1.67562320766e-09,0.0
8.19046338364e-09,8.02296479851e-09,1.16626076056e-07,0.000258320603605,0.161991645464,0.612541621929,0.225208269079,8.59053126577e-09,1.49427692879e-09,0.0
7.89948622287e-09,7.74724318257e-09,1.05687006078e-07,0.000286631622055,0.199415271764,0.589109558366,0.211188407828,7.75986244615e-09,1.32680441053e-09,0.0
7.51946737692e-09,7.3837676331e-09,9.49524569187e-08,0.00031309608954,0.240644967378,0.569489201431,0.189552617253,6.83419769606e-09,1.15813213557e-09,0.0
6.96807830583e-09,6.85154247788e-09,8.4387043458e-08,0.00033019555815,0.278082934631,0.557882044069,0.163704720706,5.84338750182e-09,9.85577111686e-10,0.0
6.22041943966e-09,6.12523848947e-09,7.43396816419e-08,0.00033121293472,0.302390021584,0.560855921028,0.136422752114,4.83891773503e-09,8.13941416929e-10,0.0
5.3042327547e-09,5.23089357469e-09,6.49369521131e-08,0.000312408853238,0.305604370472,0.584205345088,0.10987779559,3.8750153177e-09,6.50552347126e-10,0.0
4.2913342351e-09,4.23813068256e-09,5.5769819408e-08,0.000274914787934,0.284894463997,0.629115647682,0.0857149057361,2.99569789191e-09,5.02075708048e-10,0.0
3.29497933064e-09,3.25825137303e-09,4.64204393626e-08,0.000225658340781,0.2450725964,0.688705547648,0.0659961420118,2.24968313924e-09,3.76703449786e-10,0.0
2.48981668285e-09,2.46431089751e-09,3.77884976781e-08,0.000178608574847,0.20069148409,0.743544669334,0.0555851932316,1.73429950256e-09,2.92155809164e-10,0.0
2.01595039452e-09,1.99627034729e-09,3.19464546849e-08,0.000148279457404,0.169872033348,0.770234936232,0.0597447132238,1.51967556899e-09,2.60708739344e-10,0.0
1.73297855044e-09,1.71659302488e-09,2.81265523954e-08,0.000129581541032,0.150419519134,0.774252896403,0.0751979696362,1.4576547284e-09,2.51451902151e-10,0.0
1.51790002817e-09,1.5039950671e-09,2.50416754617e-08,0.000115385540207,0.135747442539,0.763769677809,0.100367464363,1.4421322242e-09,2.42144629487e-10,0.0
1.32998486272e-09,1.31830785831e-09,2.21963611259e-08,0.000103421823475,0.123953280477,0.740554561879,0.135388709318,1.43185108097e-09,2.25348928291e-10,0.0
1.16279112026e-09,1.15328704191e-09,1.94860159455e-08,9.40973063595e-05,0.116498609848,0.70667777841,0.17672949103,1.40174153726e-09,2.01260419062e-10,0.0
1.03522376048e-09,1.02777590301e-09,1.7119192124e-08,9.03057108761e-05,0.118699010267,0.669260640145,0.21195002318,1.33942459832e-09,1.75974174632e-10,0.0
9.63321445222e-10,9.57564224992e-10,1.53158886485e-08,9.42583767096e-05,0.135405617511,0.637126987242,0.227373118225,1.25321773075e-09,1.55369940095e-10,0.0
9.24523088463e-10,9.20117980964e-10,1.38842640695e-08,0.000103553091112,0.164756371681,0.610675268208,0.224464789999,1.15316908471e-09,1.38579691817e-10,0.0
8.91250822158e-10,8.88071855187e-10,1.25759292381e-08,0.000114851409552,0.202699022453,0.587466807661,0.209719302958,1.03980059235e-09,1.22929314783e-10,0.0
8.46940385198e-10,8.44979546042e-10,1.1288781907e-08,0.000125185761704,0.243956082829,0.568272628441,0.187646088967,9.13760472785e-10,1.07113308006e-10,0.0
7.82793452716e-10,7.82038960963e-10,1.00244595714e-08,0.000131567478966,0.280724184488,0.557550807908,0.161593427666,7.79374245118e-10,9.0950420656e-11,0.0
6.9647663367e-10,6.96816429476e-10,8.82532178795e-09,0.000131383780822,0.303628282105,0.5619429168,0.134297406377,6.43735140025e-10,7.49246317433e-11,0.0
5.91560133794e-10,5.92735107218e-10,7.70191470024e-09,0.000123277751387,0.304976354795,0.58701924323,0.107881114763,5.14100908023e-10,5.97230754244e-11,0.0
4.76528454552e-10,4.7816213238e-10,6.60133813601e-09,0.000107870309147,0.28246397923,0.633455471999,0.0839726704636,3.96341011613e-10,4.59652997615e-11,0.0
3.64638103138e-10,3.66344003715e-10,5.47942339039e-09,8.81142392184e-05,0.241592463131,0.693565716182,0.0647536999053,2.97326586647e-10,3.44576609433e-11,0.0
2.76218390994e-10,2.7775405972e-10,4.46286494115e-09,6.97879380867e-05,0.197733436747,0.74680986167,0.055386908371,2.30841327802e-10,2.69423649876e-11,0.0
2.25132988185e-10,2.26489370288e-10,3.7893597164e-09,5.8252561299e-05,0.168134286846,0.771192896186,0.0606145599373,2.04363754647e-10,2.42938075235e-11,0.0
1.94032350974e-10,1.95260895614e-10,3.34204115032e-09,5.10274246897e-05,0.149210189473,0.773902242361,0.0768365367905,1.96800327803e-10,2.3475054633e-11,0.0
1.7003235751e-10,1.71160352963e-10,2.97569491191e-09,4.5470123236e-05,0.13478199904,0.762380184938,0.102792342365,1.94911046117e-10,2.25629589704e-11,0.0
1.48934287831e-10,1.49981746357e-10,2.63564911196e-09,4.07773547158e-05,0.123224234028,0.73820494379,0.138530041679,1.93414170969e-10,2.09279609546e-11,0.0
1.30256152879e-10,1.31255849716e-10,2.31249395528e-09,3.7191231938e-05,0.116289177526,0.703706837815,0.179966790646,1.89024426898e-10,1.86389387535e-11,0.0
1.1630048742e-10,1.17312195843e-10,2.03354277879e-09,3.59176464819e-05,0.119539070825,0.666456121152,0.213968887912,1.80268355077e-10,1.62943903276e-11,0.0
1.08592153195e-10,1.09671758574e-10,1.82211828724e-09,3.77084517386e-05,0.137389071104,0.63486751271,0.227705705511,1.68435769492e-10,1.44042501185e-11,0.0
1.04344508307e-10,1.0551000471e-10,1.6524243644e-09,4.15108911165e-05,0.167583405834,0.608732762258,0.223642318986,1.54767159893e-10,1.28491057632e-11,0.0
1.00532066342e-10,1.01777499067e-10,1.49593158232e-09,4.60137606169e-05,0.206021335291,0.585762970511,0.208169678588,1.39291100839e-10,1.13860389314e-11,0.0
9.53624582782e-11,9.66657552346e-11,1.34163318241e-09,5.00387640797e-05,0.24724746092,0.5670380102,0.185664488451,1.22129130167e-10,9.90287174512e-12,0.0
8.79005676667e-11,8.92233223493e-11,1.19041443072e-09,5.23997152148e-05,0.283258095599,0.557271064746,0.15941843846,1.03905536247e-10,8.3891753002e-12,0.0
7.79386637959e-11,7.92269515734e-11,1.04736314129e-09,5.20842685359e-05,0.304668128902,0.563157352364,0.132122433169,8.55952464476e-11,6.89331180405e-12,0.0
6.59299668198e-11,6.71200903206e-11,9.13143522855e-10,4.86079075188e-05,0.304090835261,0.590011209175,0.105849346536,6.81675173445e-11,5.47954190209e-12,0.0
5.28755391674e-11,5.39069301613e-11,7.80990804503e-10,4.22876465981e-05,0.279776758273,0.637965889808,0.082215063328,5.24062764102e-11,4.20556340836e-12,0.0
4.03284033864e-11,4.11653393157e-11,6.46466617427e-10,3.43791590731e-05,0.237942945833,0.698482652467,0.0635400217704,3.92857374262e-11,3.15116208108e-12,0.0
3.06480443745e-11,3.13103715841e-11,5.27089088611e-10,2.72655536447e-05,0.194765923588,0.749925738703,0.055281071533,3.07482053724e-11,2.48669269626e-12,0.0
2.51425903167e-11,2.56972426505e-11,4.49484008731e-10,2.2881623281e-05,0.166371186778,0.772045610826,0.0615603202427,2.74940331942e-11,2.26451963887e-12,0.0
2.17213571726e-11,2.22072111303e-11,3.97056411155e-10,2.00880980779e-05,0.147955067766,0.773463794989,0.0785610486772,2.65748704336e-11,2.19144055519e-12,0.0
1.9042073887e-11,1.94739219228e-11,3.53527607251e-10,1.79124461233e-05,0.133771097734,0.760890130128,0.105320859271,2.63443671627e-11,2.10184778892e-12,0.0
1.66736928048e-11,1.7058812199e-11,3.1288666467e-10,1.60735245118e-05,0.122468612212,0.735748852624,0.141766461265,2.61246830917e-11,1.9428824293e-12,0.0
1.45899174295e-11,1.4936827043e-11,2.74386656622e-10,1.47004004536e-05,0.116102763295,0.70066709022,0.183215445754,2.5486051436e-11,1.7257505284e-12,0.0
1.30676096108e-11,1.33923035884e-11,2.41554564356e-10,1.4291244421e-05,0.120454123878,0.663647460059,0.215884124525,2.42582770453e-11,1.50876369362e-12,0.0
1.2242257198e-11,1.2561946631e-11,2.16765021093e-10,1.50885456777e-05,0.139443315063,0.632604025046,0.22793757108,2.26353076625e-11,1.33537787856e-12,0.0
1.17759881989e-11,1.20981556283e-11,1.9663690196e-10,1.66402161073e-05,0.17046369,0.606774925744,0.222744743798,2.07677934673e-11,1.19122888478e-12,0.0
1.13380605634e-11,1.16623114213e-11,1.77913216357e-10,1.84319357184e-05,0.209364307148,0.584054477211,0.206562783484,1.86551950621e-11,1.05439739321e-12,0.0
1.07347600775e-11,1.1055777189e-11,1.59419495261e-10,1.99955628111e-05,0.250502855368,0.565835378951,0.183641769919,1.63188687647e-11,9.15307773894e-13,0.0
9.86714768021e-12,1.01761564145e-11,1.41339846317e-10,2.08609425196e-05,0.285683115196,0.557077909427,0.157218114258,1.38484579346e-11,7.73578205166e-13,0.0
8.71811856343e-12,9.00431641831e-12,1.24278249714e-10,2.06372375648e-05,0.305534986969,0.56450835341,0.12993602223,1.13775975133e-11,6.33997931298e-13,0.0
7.34447864429e-12,7.59693017284e-12,1.08238723459e-10,1.91545884801e-05,0.303005840574,0.593157168465,0.10381783624,9.03549214248e-12,5.02560865911e-13,0.0
5.86414865465e-12,6.07431624087e-12,9.23667355013e-11,1.65673615934e-05,0.27691964538,0.642590014493,0.0804737726542,6.92712416943e-12,3.84656145061e-13,0.0
4.45916690923e-12,4.62451990214e-12,7.62505351922e-11,1.34080823224e-05,0.234228300673,0.703375756634,0.0623825345194,5.19123127466e-12,2.88211043811e-13,0.0
3.40220769353e-12,3.53119957307e-12,6.22693734026e-11,1.06555598506e-05,0.191874916269,0.752837750206,0.0552766778912,4.09956970553e-12,2.29755727598e-13,0.0
2.80846439168e-12,2.91616754159e-12,5.332387873e-11,8.98897561528e-06,0.164636505076,0.772779214409,0.0625752914766,3.70050323493e-12,2.11151068635e-13,0.0
2.43161507756e-12,2.52561639365e-12,4.71716778574e-11,7.90770679281e-06,0.146698683001,0.77293682415,0.0803565850862,3.58903606324e-12,2.04556225113e-13,0.0
2.13231391157e-12,2.21542847759e-12,4.19961973766e-11,7.05564409423e-06,0.132754135313,0.75931127619,0.107927532803,3.56072380578e-12,1.95743797472e-13,0.0
1.86647325207e-12,1.94004734948e-12,3.71386709356e-11,6.33563484647e-06,0.121722546577,0.733212371432,0.145058746312,3.52829996211e-12,1.80314758631e-13,0.0
1.63431022688e-12,1.69991001543e-12,3.25554433939e-11,5.81222114775e-06,0.115970652468,0.697597686133,0.186425849138,3.43565843323e-12,1.59759462251e-13,0.0
1.46867240337e-12,1.5292616937e-12,2.86955033455e-11,5.68922312994e-06,0.121459782544,0.660870217702,0.217664310497,3.26391730101e-12,1.39711636854e-13,0.0
1.38031839668e-12,1.4390417542e-12,2.57875466702e-11,6.03886787961e-06,0.141570309551,0.630361952686,0.228061698864,3.04147612565e-12,1.23801561148e-13,0.0
1.32895744995e-12,1.38717208221e-12,2.33980307532e-11,6.67039159609e-06,0.1733924803,0.604824590769,0.221776258511,2.78632950835e-12,1.10428550549e-13,0.0
1.27853066549e-12,1.33615123489e-12,2.11571094014e-11,7.38213312346e-06,0.212719533798,0.58236374178,0.204909342263,2.49798279429e-12,9.76263376119e-14,0.0
1.20811788022e-12,1.26417737933e-12,1.89408274054e-11,7.98797147325e-06,0.253714360121,0.564685404884,0.181592247,2.18002428005e-12,8.45829129253e-14,0.0
1.10729820564e-12,1.16027843519e-12,1.67799235339e-11,8.30180857161e-06,0.287997772607,0.556985904383,0.155008021181,1.84525989685e-12,7.13159445456e-14,0.0
9.74857456377e-13,1.02300314189e-12,1.47452229363e-11,8.17330007284e-06,0.306239674166,0.565998882409,0.127753270106,1.51195668837e-12,5.82957778956e-14,0.0
8.17838501649e-13,8.59511689508e-13,1.28278449073e-11,7.54425693689e-06,0.301747090886,0.596444939354,0.101800425487,1.19731113603e-12,4.60801900226e-14,0.0
6.50110370583e-13,6.84197302572e-13,1.09211502715e-11,6.4874248208e-06,0.273931797805,0.647299960327,0.0787617544297,9.15430430285e-13,3.51743848723e-14,0.0
4.93019629203e-13,5.19479057235e-13,8.99232837523e-12,5.2280509744e-06,0.230497172832,0.708203609069,0.0612939900368,6.86143342883e-13,2.63685403592e-14,0.0
3.77904601457e-13,3.98490705702e-13,7.35915503058e-12,4.166165971e-06,0.189093095087,0.755528179251,0.0553745594876,5.47139214905e-13,2.1251582845e-14,0.0
3.13789671598e-13,3.31015796436e-13,6.32708536338e-12,3.53202944481e-06,0.162948572279,0.773392157043,0.0636557386414,4.98267584545e-13,1.96939316223e-14,0.0
2.72219973213e-13,2.87248557138e-13,5.6041986153e-12,3.11298735285e-06,0.145457820643,0.772322027929,0.0822170384345,4.84771054857e-13,1.90918006107e-14,0.0
2.38762056204e-13,2.52022553574e-13,4.98842504922e-12,2.77914523332e-06,0.131746892703,0.757649044516,0.11060128363,4.81257490953e-13,1.82244705127e-14,0.0
2.08925772806e-13,2.2062599585e-13,4.40782493608e-12,2.49747410789e-06,0.12100172131,0.730608097826,0.148387683385,4.76455322114e-13,1.67298171936e-14,0.0
1.83094838858e-13,1.93488178573e-13,3.86266253588e-12,2.29893215223e-06,0.115907370244,0.694518273283,0.189572057536,4.63058961064e-13,1.47879724044e-14,0.0
1.65114098183e-13,1.74678322124e-13,3.40930387028e-12,2.26605535477e-06,0.122561039294,0.658138816986,0.21929787766,4.39095280266e-13,1.29385876508e-14,0.0
1.55651858833e-13,1.64871948892e-13,3.06794629288e-12,2.41745964781e-06,0.143769065802,0.628150084486,0.228078432249,4.08628794116e-13,1.14778749144e-14,0.0
1.4997250598e-13,1.59047985451e-13,2.7840233379e-12,2.67383097729e-06,0.176366140243,0.602890800395,0.220740385528,3.73771980017e-13,1.02361301664e-14,0.0
1.44152844517e-13,1.53061617155e-13,2.51574045444e-12,2.95608039544e-06,0.216081255153,0.580700948954,0.203214839809,3.34423035128e-13,9.03788090839e-15,0.0
1.35935106331e-13,1.44521419219e-13,2.25018210007e-12,3.19016807112e-06,0.256875887328,0.563598432819,0.179522489682,2.91165457721e-13,7.81476660375e-15,0.0
1.2422714655e-13,1.32257314626e-13,1.99198379118e-12,3.30253735817e-06,0.290198972627,0.557002801879,0.152794922954,2.45819657462e-13,6.57321064474e-15,0.0
1.08972539441e-13,1.16187844271e-13,1.74934372264e-12,3.23557663406e-06,0.306785613922,0.56763069015,0.125580460349,2.00875861646e-13,5.35906351315e-15,0.0
9.10365240389e-14,9.72090188392e-14,1.52005296129e-12,2.96996380127e-06,0.300326163742,0.599868025428,0.0998028408652,1.58619844283e-13,4.22412645395e-15,0.0
7.2048076e-14,7.70402498411e-14,1.29096247785e-12,2.5391769024e-06,0.270832646911,0.652079771239,0.0770850426708,1.20954929744e-13,3.21596207212e-15,0.0
5.45112194566e-14,5.83551634734e-14,1.06037913402e-12,2.03825959257e-06,0.226775895924,0.712940214134,0.0602818516807,9.07230389119e-14,2.41352139362e-15,0.0
4.2003444051e-14,4.49981065338e-14,8.70083525178e-13,1.62975412995e-06,0.186430924612,0.757994984718,0.0555724609151,7.30969205273e-14,1.96784206486e-15,0.0
3.50689024029e-14,3.75836004707e-14,7.50864644879e-13,1.38816041462e-06,0.161312110087,0.773886769076,0.0647997326755,6.71170690243e-14,1.83728965031e-15,0.0
3.0476782401e-14,3.26717367728e-14,6.65813308094e-13,1.2255553391e-06,0.144238417996,0.771620061887,0.0841402945603,6.54850001488e-14,1.78166515697e-15,0.0
2.67341020057e-14,2.86686613022e-14,5.92500844139e-13,1.09470027426e-06,0.130755887063,0.755905820992,0.113337197244,6.50429543093e-14,1.69629676532e-15,0.0
2.33860023913e-14,2.50896980504e-14,5.23105819317e-13,9.84615165129e-07,0.120313890138,0.72794283311,0.151742292136,6.43305076895e-14,1.55179385271e-15,0.0
2.05161771975e-14,2.20273738461e-14,4.58316601191e-13,9.09719099564e-07,0.115920934144,0.691440212867,0.19263794327,6.23995727405e-14,1.36873590195e-15,0.0
1.85685488824e-14,1.99586422485e-14,4.05113203485e-13,9.03071529568e-07,0.123758910037,0.655458659903,0.220781526988,5.90638471025e-14,1.19836943625e-15,0.0
1.7554304224e-14,1.88918344532e-14,3.65008862994e-13,9.67945459534e-07,0.146037983327,0.625970541038,0.22799050769,5.48934711226e-14,1.06416851551e-15,0.0
1.69237690198e-14,1.82352088579e-14,3.31243783333e-13,1.07177018967e-06,0.179381957077,0.600977098806,0.219639872346,5.01318576293e-14,9.48766120298e-16,0.0
1.62507723589e-14,1.75313664196e-14,2.99116358395e-13,1.18350603065e-06,0.2194451635,0.579071448466,0.201482204527,4.47632506689e-14,8.36575311696e-16,0.0
1.5291826305e-14,1.65181722074e-14,2.67302037956e-13,1.27368707792e-06,0.259982349726,0.562580843847,0.177435532739,3.88801965492e-14,7.21889157451e-16,0.0
1.39331235184e-14,1.50715306773e-14,2.36459412065e-13,1.31328422874e-06,0.292283049151,0.557133984763,0.150581652801,3.27402860974e-14,6.05733138869e-16,0.0
1.21773501774e-14,1.31918013822e-14,2.07524168744e-13,1.28031260228e-06,0.307173064023,0.569405665397,0.123419990268,2.66821047684e-14,4.92547525284e-16,0.0
1.01299918183e-14,1.09902161305e-14,1.80093193922e-13,1.16864060321e-06,0.298748462348,0.603423079745,0.0978272892661,2.10091620206e-14,3.87135241322e-16,0.0
7.9821654857e-15,8.67193965447e-15,1.52564535118e-13,9.93402752139e-07,0.267633094373,0.656919112489,0.0754467997348,1.59794245405e-14,2.93995577892e-16,0.0
6.02767480389e-15,6.55588623762e-15,1.25034559172e-13,7.94614003541e-07,0.223081227567,0.717566517001,0.0593514608181,1.20010232823e-14,2.21029243926e-16,0.0
4.67163080203e-15,5.08452113853e-15,1.02914591524e-13,6.37879149141e-07,0.183888519534,0.760243999075,0.0558668435115,9.77526916422e-15,1.82407024511e-16,0.0
3.92025794524e-15,4.26831715601e-15,8.91234535788e-14,5.45701056236e-07,0.159726275418,0.774266654638,0.0660065242425,9.04401553344e-15,1.71440706218e-16,0.0
3.41226344085e-15,3.71630114639e-15,7.91038957509e-14,4.82525803549e-07,0.143041877931,0.770831281603,0.0861263579403,8.84687518426e-15,1.66243927593e-16,0.0
2.99333307971e-15,3.26110563584e-15,7.03700706864e-14,4.31216646487e-07,0.129783780369,0.754082353737,0.116133434677,8.79031941919e-15,1.5784446718e-16,0.0
2.61771039568e-15,2.85322874628e-15,6.2076429452e-14,3.88240361575e-07,0.119663617865,0.725220527937,0.155115465958,8.68458329803e-15,1.43901939165e-16,0.0
2.29936814434e-15,2.50820956349e-15,5.43837138033e-14,3.60166273565e-07,0.116016738171,0.688370728225,0.195612173437,8.40714659478e-15,1.26681242162e-16,0.0
