-10.0 -10.0 -10.0,-10.0 -10.0 0.0,-10.0 -10.0 10.0,-10.0 0.0 -10.0,-10.0 0.0 0.0,-10.0 0.0 10.0,-10.0 10.0 -10.0,-10.0 10.0 0.0,-10.0 10.0 10.0,0.0 -10.0 -10.0,0.0 -10.0 0.0,0.0 -10.0 10.0,0.0 0.0 -10.0,0.0 0.0 0.0,0.0 0.0 10.0,0.0 10.0 -10.0,0.0 10.0 0.0,0.0 10.0 10.0,10.0 -10.0 -10.0,10.0 -10.0 0.0,10.0 -10.0 10.0,10.0 0.0 -10.0,10.0 0.0 0.0,10.0 0.0 10.0,10.0 10.0 -10.0,10.0 10.0 0.0,10.0 10.0 10.0,other
0.037037037037,0.037037037037,0.037037037037,0.037037037037,0.037037037037,0.037037037037,0.037037037037,0.037037037037,0.037037037037,0.037037037037,0.037037037037,0.037037037037,0.037037037037,0.037037037037,0.037037037037,0.037037037037,0.037037037037,0.037037037037,0.037037037037,0.037037037037,0.037037037037,0.037037037037,0.037037037037,0.037037037037,0.037037037037,0.037037037037,0.037037037037,0.0
0.0361263736264,0.0361263736279,0.0361263736309,0.0361263736264,0.0361263736277,0.0361263736327,0.0361263736264,0.0361263736264,0.0361263736264,0.0361263736267,0.0361263737408,0.0361263739782,0.0361344461875,0.0388069211337,0.0485752725427,0.0361263736264,0.036126373631,0.0361263736429,0.0361263737148,0.036126403482,0.0361265194128,0.0361314620638,0.0378974471659,0.0438004284932,0.0361263736264,0.0361263736312,0.036126373649,0.0
0.0350408510029,0.0350408510052,0.0350408510152,0.0350408510029,0.035040851005,0.0350408510199,0.0350408510029,0.0350408510029,0.0350408510029,0.0350408510035,0.0350408511693,0.0350408518593,0.0350522535795,0.0386784595378,0.0654276433876,0.035040851003,0.0350408510082,0.0350408510275,0.0350408511344,0.0350408924952,0.0350411768698,0.0350480070224,0.0374179208276,0.0525174759666,0.035040851003,0.0350408510084,0.0350408510366,0.0
0.0337073445216,0.0337073445242,0.0337073445486,0.0337073445216,0.0337073445239,0.0337073445583,0.0337073445216,0.0337073445216,0.0337073445216,0.0337073445222,0.0337073447038,0.0337073461744,0.033719404395,0.0374463414879,0.0884489801832,0.0337073445216,0.0337073445267,0.0337073445478,0.0337073446682,0.033707388541,0.0337079071739,0.0337148888563,0.0361394431403,0.062676098189,0.0337073445216,0.0337073445268,0.0337073445574,0.0
0.0320879738212,0.0320879738239,0.0320879738814,0.0320879738212,0.0320879738236,0.0320879739015,0.0320879738212,0.0320879738212,0.0320879738212,0.0320879738219,0.0320879739995,0.0320879768996,0.0320994984676,0.0356150563395,0.118388076742,0.0320879738212,0.0320879738259,0.0320879738462,0.0320879739663,0.032088016107,0.0320888738384,0.0320951718494,0.0343790468962,0.0735747535394,0.0320879738212,0.0320879738261,0.0320879738554,0.0
0.0301822089952,0.0301822089977,0.0301822091448,0.0301822089952,0.0301822089974,0.0301822091897,0.0301822089952,0.0301822089952,0.0301822089952,0.0301822089958,0.0301822091597,0.0301822150051,0.0301927323802,0.0333905509638,0.155787210695,0.0301822089952,0.0301822089995,0.030182209018,0.03018220913,0.0301822477069,0.0301836355825,0.0301887781219,0.0322656431767,0.0843472237429,0.0301822089952,0.0301822089996,0.0301822090264,0.0
0.0280270927197,0.0280270927219,0.0280270931567,0.0280270927197,0.0280270927216,0.0280270932699,0.0280270927197,0.0280270927197,0.0280270927197,0.0280270927202,0.0280270928659,0.0280271056212,0.0280364094452,0.0308653612388,0.200671129319,0.0280270927197,0.0280270927234,0.0280270927398,0.0280270928397,0.0280271270191,0.0280294200511,0.0280329078651,0.0298701343776,0.0939527347957,0.0280270927197,0.0280270927236,0.0280270927472,0.0
0.0257007715324,0.0257007715344,0.0257007730387,0.0257007715324,0.0257007715341,0.02570077336,0.0257007715324,0.0257007715324,0.0257007715324,0.0257007715329,0.0257007716581,0.0257008025014,0.0257087748864,0.0281386538089,0.252174185347,0.0257007715324,0.0257007715357,0.0257007715498,0.0257007716357,0.0257008010016,0.0257047611284,0.0257057668119,0.0272838142735,0.101268549043,0.0257007715324,0.0257007715358,0.0257007715561,0.0
0.0233181537635,0.0233181537651,0.0233181596344,0.0233181537635,0.0233181537649,0.0233181606116,0.0233181537635,0.0233181537635,0.0233181537635,0.0233181537639,0.0233181538681,0.0233182353268,0.0233248107622,0.0253458982253,0.308355033766,0.0233181537635,0.0233181537662,0.0233181537779,0.0233181538495,0.023318178276,0.0233253485498,0.0233223087048,0.0246348724343,0.10532853326,0.0233181537635,0.0233181537663,0.0233181537832,0.0
0.021012912059,0.0210129120603,0.0210129360797,0.021012912059,0.0210129120602,0.0210129389977,0.021012912059,0.021012912059,0.021012912059,0.0210129120593,0.0210129121431,0.0210131364874,0.0210182663167,0.0226438346676,0.366354894626,0.021012912059,0.0210129120612,0.0210129120706,0.0210129121282,0.0210129317746,0.0210262927648,0.021016253898,0.0220719538855,0.10560996737,0.021012912059,0.0210129120613,0.0210129120749,0.0
0.0189098583612,0.0189098583622,0.0189099530715,0.0189098583612,0.0189098583621,0.0189099607092,0.0189098583612,0.0189098583612,0.0189098583612,0.0189098583615,0.0189098584267,0.0189104644954,0.0189140241295,0.0201787633799,0.422913861257,0.0189098583612,0.0189098583629,0.0189098583702,0.018909858415,0.0189098737005,0.0189346543934,0.0189124584091,0.019733823569,0.10221442896,0.0189098583612,0.018909858363,0.0189098583736,0.0
0.0170986341501,0.0170986341508,0.0170989675888,0.0170986341501,0.0170986341508,0.0170989827601,0.0170986341501,0.0170986341501,0.0170986341501,0.0170986341503,0.0170986341995,0.0171001512436,0.0171017763485,0.0180557568102,0.475071561571,0.0170986341501,0.0170986341514,0.0170986341569,0.0170986341907,0.0170986457204,0.0171427884815,0.0171005953408,0.0177201430572,0.0958324845657,0.0170986341501,0.0170986341514,0.0170986341594,0.0
0.0156198272595,0.0156198272601,0.0156208227541,0.0156198272595,0.01561982726,0.0156208394063,0.0156198272595,0.0156198272595,0.0156198272595,0.0156198272597,0.0156198272958,0.0156232098487,0.0156221337457,0.0163223895519,0.520755610298,0.0156198272595,0.0156198272605,0.0156198272645,0.0156198272893,0.0156198357525,0.0156933611592,0.0156212668437,0.016076037044,0.087507257362,0.0156198272595,0.0156198272605,0.0156198272664,0.0
0.0144675215386,0.014467521539,0.0144699893447,0.0144675215386,0.014467521539,0.0144699749212,0.0144675215386,0.0144675215386,0.0144675215386,0.0144675215387,0.0144675215646,0.0144741266099,0.0144691768268,0.0149717270544,0.559027089203,0.0144675215386,0.0144675215393,0.0144675215422,0.01446752156,0.0144675276338,0.0145805576164,0.0144685546802,0.0147949280792,0.0783260033549,0.0144675215386,0.0144675215393,0.0144675215435,0.0
0.0136035937116,0.0136035937118,0.0136086992173,0.0136035937116,0.0136035937118,0.0136085818619,0.0136035937116,0.0136035937116,0.0136035937116,0.0136035937116,0.0136035937299,0.0136149138579,0.0136047607716,0.0139590835384,0.589957954572,0.0136035937116,0.013603593712,0.0136035937141,0.0136035937266,0.0136035980089,0.013763889519,0.0136043221275,0.0138344315164,0.0691822655832,0.0136035937116,0.013603593712,0.013603593715,0.0
0.0129751146235,0.0129751146237,0.0129841189191,0.0129751146235,0.0129751146236,0.012983797251,0.0129751146235,0.0129751146235,0.0129751146235,0.0129751146235,0.0129751146362,0.0129923870359,0.0129759265136,0.0132224186765,0.614292208374,0.0129751146235,0.0129751146238,0.0129751146252,0.0129751146339,0.012975117613,0.0131864152397,0.0129756213615,0.0131357018482,0.0606744531636,0.0129751146235,0.0129751146238,0.0129751146259,0.0
0.0125281108235,0.0125281108236,0.0125420260253,0.0125281108235,0.0125281108236,0.0125413988118,0.0125281108235,0.0125281108235,0.0125281108235,0.0125281108235,0.0125281108323,0.0125520275014,0.0125286701001,0.0126984680808,0.633082293079,0.0125281108235,0.0125281108237,0.0125281108247,0.0125281108307,0.0125281128829,0.0127899390063,0.0125284598938,0.0126387325413,0.0531200988821,0.0125281108235,0.0125281108237,0.0125281108251,0.0
0.0122153373461,0.0122153373462,0.0122346986479,0.0122153373461,0.0122153373462,0.0122336937995,0.0122153373461,0.0122153373461,0.0122153373461,0.0122153373461,0.0122153373521,0.0122459756917,0.0122157198662,0.0123318540837,0.647419908909,0.0122153373461,0.0122153373462,0.0122153373469,0.012215337351,0.0122153387546,0.0125238958202,0.0122155760945,0.0122909976489,0.0466269431333,0.0122153373461,0.0122153373462,0.0122153373472,0.0
0.01199902685,0.01199902685,0.0120238590436,0.01199902685,0.01199902685,0.012022446709,0.01199902685,0.01199902685,0.01199902685,0.01199902685,0.0119990268541,0.0120359613507,0.0119992871274,0.012078308111,0.658287098256,0.01199902685,0.0119990268501,0.0119990268505,0.0119990268533,0.0119990278084,0.0123485213693,0.0119991893011,0.0120505082452,0.041171363069,0.01199902685,0.0119990268501,0.0119990268508,0.0
0.0118506674964,0.0118506674964,0.0118805932254,0.0118506674964,0.0118506674964,0.0118787826683,0.0118506674964,0.0118506674964,0.0118506674964,0.0118506674964,0.0118506674992,0.0118931575147,0.0118508439321,0.0119044103238,0.666499647984,0.0118506674964,0.0118506674965,0.0118506674968,0.0118506674987,0.0118506681461,0.0122345218546,0.0118507776181,0.0118855654748,0.0366603513093,0.0118506674964,0.0118506674965,0.0118506674969,0.0
0.0117495167863,0.0117495167863,0.0117839156754,0.0117495167863,0.0117495167863,0.0117817435575,0.0117495167863,0.0117495167863,0.0117495167863,0.0117495167863,0.0117495167882,0.0117966862074,0.0117496360591,0.0117858476296,0.672703889168,0.0117495167863,0.0117495167863,0.0117495167865,0.0117495167878,0.0117495172255,0.0121612497076,0.0117495912299,0.0117731082691,0.0329725466858,0.0117495167863,0.0117495167863,0.0117495167866,0.0
0.0116808482045,0.0116808482046,0.0117190019192,0.0116808482045,0.0116808482046,0.0117165192784,0.0116808482045,0.0116808482045,0.0116808482045,0.0116808482045,0.0116808482058,0.0117318179601,0.011680928671,0.0117053585056,0.677397469826,0.0116808482045,0.0116808482046,0.0116808482047,0.0116808482056,0.0116808485008,0.0121145930352,0.0116808984273,0.011696764002,0.0299822285986,0.0116808482045,0.0116808482046,0.0116808482048,0.0
0.011634376596,0.011634376596,0.0116755727504,0.011634376596,0.011634376596,0.011672834586,0.011634376596,0.011634376596,0.011634376596,0.011634376596,0.0116343765969,0.0116883446001,0.0116344308001,0.01165088732,0.680957114099,0.011634376596,0.011634376596,0.0116343765961,0.0116343765967,0.0116343767956,0.0120851187784,0.0116344104273,0.0116450978572,0.0275717864478,0.011634376596,0.011634376596,0.0116343765962,0.0
0.0116029992046,0.0116029992046,0.0116465924593,0.0116029992046,0.0116029992046,0.01164365097,0.0116029992046,0.0116029992046,0.0116029992046,0.0116029992046,0.0116029992051,0.011659277928,0.0116030356765,0.0116141086551,0.683665309911,0.0116029992046,0.0116029992046,0.0116029992046,0.011602999205,0.0116029993389,0.0120666256246,0.0116030219684,0.0116102131415,0.0256371770524,0.0116029992046,0.0116029992046,0.0116029992047,0.0
0.0115818495449,0.0115818495449,0.01162728927,0.0115818495449,0.0115818495449,0.0116241902904,0.0115818495449,0.0115818495449,0.0115818495449,0.0115818495449,0.0115818495453,0.0116398751329,0.0115818740646,0.0115893183138,0.685732916496,0.0115818495449,0.0115818495449,0.011581849545,0.0115818495452,0.0115818496352,0.0120550896324,0.0115818648488,0.0115866994002,0.0240894401968,0.0115818495449,0.0115818495449,0.011581849545,0.0
0.0115676120167,0.0115676120167,0.0116144479412,0.0115676120167,0.0115676120167,0.0116112296447,0.0115676120167,0.0115676120167,0.0115676120167,0.0115676120167,0.011567612017,0.011626936985,0.0115676284904,0.0115726299515,0.687317129827,0.0115676120167,0.0115676120167,0.0115676120168,0.0115676120169,0.0115676120774,0.0120479274502,0.0115676222987,0.0115708704195,0.0228541726463,0.0115676120167,0.0115676120167,0.0115676120168,0.0
0.0115580368197,0.0115580368197,0.0116059122098,0.0115580368197,0.0115580368197,0.0116026051923,0.0115580368197,0.0115580368197,0.0115580368197,0.0115580368197,0.0115580368199,0.0116183149272,0.0115580478822,0.0115614064894,0.688535255635,0.0115580368197,0.0115580368197,0.0115580368197,0.0115580368198,0.0115580368604,0.0120434956804,0.0115580437243,0.0115602249193,0.0218700673647,0.0115580368197,0.0115580368197,0.0115580368197,0.0
0.0115516018842,0.0115516018842,0.0116002409352,0.0115516018842,0.0115516018842,0.0115968690133,0.0115516018842,0.0115516018842,0.0115516018842,0.0115516018842,0.0115516018843,0.011612570583,0.0115516093102,0.0115538638504,0.689475049622,0.0115516018842,0.0115516018842,0.0115516018842,0.0115516018843,0.0115516019116,0.0120407574019,0.0115516065191,0.0115530706951,0.0210871300104,0.0115516018842,0.0115516018842,0.0115516018842,0.0
0.0115472797369,0.0115472797369,0.0115964733217,0.0115472797369,0.0115472797369,0.0115930546111,0.0115472797369,0.0115472797369,0.0115472797369,0.0115472797369,0.011547279737,0.0116087432129,0.0115472847203,0.0115487976929,0.690202387763,0.0115472797369,0.0115472797369,0.0115472797369,0.011547279737,0.0115472797553,0.0120390633201,0.0115472828473,0.0115482654237,0.0204648915408,0.0115472797369,0.0115472797369,0.0115472797369,0.0
0.011544377917,0.011544377917,0.0115939699715,0.011544377917,0.011544377917,0.0115905179928,0.011544377917,0.011544377917,0.011544377917,0.011544377917,0.011544377917,0.0116061921551,0.0115443812605,0.0115453963566,0.690766920327,0.011544377917,0.011544377917,0.011544377917,0.011544377917,0.0115443779293,0.0120380098185,0.0115443800038,0.0115450392421,0.0199707682712,0.011544377917,0.011544377917,0.011544377917,0.0
0.0115424303177,0.0115424303177,0.0115923059255,0.0115424303177,0.0115424303177,0.011588830608,0.0115424303177,0.0115424303177,0.0115424303177,0.0115424303177,0.0115424303178,0.0116044906778,0.0115424325606,0.0115431134995,0.691206229373,0.0115424303177,0.0115424303177,0.0115424303177,0.0115424303178,0.011542430326,0.0120373477807,0.0115424317176,0.0115428739427,0.019578628505,0.0115424303177,0.0115424303177,0.0115424303177,0.0
0.0115411234868,0.0115411234868,0.0115911990021,0.0115411234868,0.0115411234868,0.011587707535,0.0115411234868,0.0115411234868,0.0115411234868,0.0115411234868,0.0115411234869,0.0116033547599,0.0115411249912,0.011541581712,0.691548886407,0.0115411234868,0.0115411234868,0.0115411234868,0.0115411234869,0.0115411234924,0.0120369245192,0.0115411244258,0.011541421036,0.0192675763296,0.0115411234868,0.0115411234868,0.0115411234868,0.0
0.0115402467797,0.0115402467797,0.0115904619388,0.0115402467797,0.0115402467797,0.0115869594602,0.0115402467797,0.0115402467797,0.0115402467797,0.0115402467797,0.0115402467797,0.0116025954505,0.0115402477886,0.0115405540894,0.691816705753,0.0115402467797,0.0115402467797,0.0115402467797,0.0115402467797,0.0115402467834,0.0120366470784,0.0115402474094,0.0115404463317,0.0190209394411,0.0115402467797,0.0115402467797,0.0115402467797,0.0
0.0115396587166,0.0115396587166,0.0115899705065,0.0115396587166,0.0115396587166,0.0115864606429,0.0115396587166,0.0115396587166,0.0115396587166,0.0115396587166,0.0115396587166,0.0116020870695,0.0115396593931,0.0115398647976,0.692026410733,0.0115396587166,0.0115396587166,0.0115396587166,0.0115396587166,0.0115396587191,0.0120364592178,0.0115396591388,0.0115397925356,0.0188254377808,0.0115396587166,0.0115396587166,0.0115396587166,0.0
0.0115392643117,0.0115392643117,0.0115896423011,0.0115392643117,0.0115392643117,0.0115861275812,0.0115392643117,0.0115392643117,0.0115392643117,0.0115392643117,0.0115392643118,0.0116017460175,0.0115392647654,0.0115394025004,0.692190870842,0.0115392643117,0.0115392643117,0.0115392643117,0.0115392643118,0.0115392643134,0.0120363270851,0.0115392645949,0.0115393540447,0.0186705069659,0.0115392643117,0.0115392643117,0.0115392643117,0.0
0.0115389998149,0.0115389998149,0.0115894226572,0.0115389998149,0.0115389998149,0.0115859048215,0.0115389998149,0.0115389998149,0.0115389998149,0.0115389998149,0.0115389998149,0.0116015166715,0.0115390001191,0.0115390924732,0.692320024715,0.0115389998149,0.0115389998149,0.0115389998149,0.0115389998149,0.011538999816,0.0120362303666,0.0115390000047,0.0115390599827,0.0185477513348,0.0115389998149,0.0115389998149,0.0115389998149,0.0
0.01153882245,0.01153882245,0.0115892752999,0.01153882245,0.01153882245,0.0115857555298,0.01153882245,0.01153882245,0.01153882245,0.01153882245,0.01153882245,0.011601362004,0.011538822654,0.0115388845769,0.692421572125,0.01153882245,0.01153882245,0.01153882245,0.01153882245,0.0115388224507,0.0120361568663,0.0115388225773,0.0115388627922,0.018450503924,0.01153882245,0.01153882245,0.01153882245,0.0
0.0115387035203,0.0115387035203,0.0115891761453,0.0115387035203,0.0115387035203,0.0115856552301,0.0115387035203,0.0115387035203,0.0115387035203,0.0115387035203,0.0115387035203,0.0116012573489,0.0115387036571,0.0115387451748,0.69250149546,0.0115387035203,0.0115387035203,0.0115387035203,0.0115387035203,0.0115387035208,0.0120360992157,0.0115387036057,0.0115387305687,0.0183734737483,0.0115387035203,0.0115387035203,0.0115387035203,0.0
0.0115386237771,0.0115386237771,0.0115891091919,0.0115386237771,0.0115386237771,0.0115855876487,0.0115386237771,0.0115386237771,0.0115386237771,0.0115386237771,0.0115386237771,0.0116011862588,0.0115386238688,0.0115386517047,0.692564454643,0.0115386237771,0.0115386237771,0.0115386237771,0.0115386237771,0.0115386237774,0.0120360528944,0.0115386238343,0.0115386419119,0.0183124638328,0.0115386237771,0.0115386237771,0.0115386237771,0.0
0.0115385703106,0.0115385703106,0.0115890637974,0.0115385703106,0.0115385703106,0.0115855419573,0.0115385703106,0.0115385703106,0.0115385703106,0.0115385703106,0.0115385703106,0.0116011377526,0.011538570372,0.0115385890345,0.692614087662,0.0115385703106,0.0115385703106,0.0115385703106,0.0115385703106,0.0115385703108,0.0120360150538,0.0115385703489,0.011538582469,0.0182641462733,0.0115385703106,0.0115385703106,0.0115385703106,0.0
0.0115385344631,0.0115385344631,0.011589032875,0.0115385344631,0.0115385344631,0.0115855109431,0.0115385344631,0.0115385344631,0.0115385344631,0.0115385344631,0.0115385344631,0.0116011044877,0.0115385345043,0.0115385470163,0.692653240297,0.0115385344631,0.0115385344631,0.0115385344631,0.0115385344631,0.0115385344632,0.0120359838243,0.0115385344888,0.0115385426145,0.0182258830765,0.0115385344631,0.0115385344631,0.0115385344631,0.0
0.0115385104291,0.0115385104291,0.0115890116983,0.0115385104291,0.0115385104291,0.0115854897956,0.0115385104291,0.0115385104291,0.0115385104291,0.0115385104291,0.0115385104291,0.0116010815451,0.0115385104567,0.0115385188451,0.69268414247,0.0115385104291,0.0115385104291,0.0115385104291,0.0115385104291,0.0115385104292,0.0120359579139,0.0115385104463,0.011538515894,0.0181955836402,0.0115385104291,0.0115385104291,0.0115385104291,0.0
0.0115384943158,0.0115384943158,0.0115889971084,0.0115384943158,0.0115384943158,0.0115854753013,0.0115384943158,0.0115384943158,0.0115384943158,0.0115384943158,0.0115384943158,0.0116010656218,0.0115384943343,0.011538499958,0.692708544135,0.0115384943158,0.0115384943158,0.0115384943158,0.0115384943158,0.0115384943158,0.012035936377,0.0115384943273,0.0115384979796,0.0181715914896,0.0115384943158,0.0115384943158,0.0115384943158,0.0
0.0115384835129,0.0115384835129,0.0115889869896,0.0115384835129,0.0115384835129,0.0115854653094,0.0115384835129,0.0115384835129,0.0115384835129,0.0115384835129,0.0115384835129,0.0116010544942,0.0115384835253,0.0115384872955,0.692727820361,0.0115384835129,0.0115384835129,0.0115384835129,0.0115384835129,0.0115384835129,0.0120359184835,0.0115384835206,0.0115384859692,0.0181525943329,0.0115384835129,0.0115384835129,0.0115384835129,0.0
0.0115384762704,0.0115384762704,0.0115889799206,0.0115384762704,0.0115384762704,0.0115854583772,0.0115384762704,0.0115384762704,0.0115384762704,0.0115384762704,0.0115384762704,0.0116010466601,0.0115384762787,0.0115384788063,0.692743052845,0.0115384762704,0.0115384762704,0.0115384762704,0.0115384762704,0.0115384762704,0.0120359036453,0.0115384762756,0.0115384779171,0.0181375526778,0.0115384762704,0.0115384762704,0.0115384762704,0.0
0.0115384714149,0.0115384714149,0.0115889749436,0.0115384714149,0.0115384714149,0.0115854535339,0.0115384714149,0.0115384714149,0.0115384714149,0.0115384714149,0.0115384714149,0.0116010411016,0.0115384714204,0.011538473115,0.692755093316,0.0115384714149,0.0115384714149,0.0115384714149,0.0115384714149,0.0115384714149,0.0120358913742,0.0115384714183,0.0115384725188,0.0181256432057,0.0115384714149,0.0115384714149,0.0115384714149,0.0
0.0115384681597,0.0115384681597,0.0115889714105,0.0115384681597,0.0115384681597,0.0115854501247,0.0115384681597,0.0115384681597,0.0115384681597,0.0115384681597,0.0115384681597,0.0116010371253,0.0115384681634,0.0115384692994,0.692764612973,0.0115384681597,0.0115384681597,0.0115384681597,0.0115384681597,0.0115384681597,0.0120358812579,0.011538468162,0.0115384688998,0.01811621387,0.0115384681597,0.0115384681597,0.0115384681597,0.0
0.0115384659773,0.0115384659773,0.0115889688809,0.0115384659773,0.0115384659773,0.0115854477057,0.0115384659773,0.0115384659773,0.0115384659773,0.0115384659773,0.0115384659773,0.011601034257,0.0115384659799,0.0115384667415,0.692772141121,0.0115384659773,0.0115384659773,0.0115384659773,0.0115384659773,0.0115384659774,0.0120358729455,0.0115384659789,0.0115384664735,0.0181087483015,0.0115384659773,0.0115384659773,0.0115384659773,0.0
0.0115384645143,0.0115384645143,0.0115889670539,0.0115384645143,0.0115384645143,0.0115854459751,0.0115384645143,0.0115384645143,0.0115384645143,0.0115384645143,0.0115384645143,0.0116010321704,0.011538464516,0.0115384650266,0.692778095416,0.0115384645143,0.0115384645143,0.0115384645143,0.0115384645143,0.0115384645143,0.0120358661379,0.0115384645154,0.0115384648469,0.018102837599,0.0115384645143,0.0115384645143,0.0115384645143,0.0
0.0115384635335,0.0115384635335,0.0115889657228,0.0115384635335,0.0115384635335,0.0115854447264,0.0115384635335,0.0115384635335,0.0115384635335,0.0115384635335,0.0115384635335,0.01160103064,0.0115384635346,0.0115384638769,0.692782805582,0.0115384635335,0.0115384635335,0.0115384635335,0.0115384635335,0.0115384635335,0.0120358605802,0.0115384635342,0.0115384637565,0.0180981579775,0.0115384635335,0.0115384635335,0.0115384635335,0.0
0.0115384628759,0.0115384628759,0.0115889647445,0.0115384628759,0.0115384628759,0.0115854438178,0.0115384628759,0.0115384628759,0.0115384628759,0.0115384628759,0.0115384628759,0.0116010295083,0.0115384628767,0.0115384631061,0.692786532038,0.0115384628759,0.0115384628759,0.0115384628759,0.0115384628759,0.0115384628759,0.0120358560565,0.0115384628764,0.0115384630254,0.0180944530596,0.0115384628759,0.0115384628759,0.0115384628759,0.0
0.0115384624351,0.0115384624351,0.0115889640197,0.0115384624351,0.0115384624351,0.011585443151,0.0115384624351,0.0115384624351,0.0115384624351,0.0115384624351,0.0115384624351,0.0116010286649,0.0115384624356,0.0115384625894,0.692789480539,0.0115384624351,0.0115384624351,0.0115384624351,0.0115384624351,0.0115384624351,0.0120358523846,0.0115384624354,0.0115384625353,0.0180915198484,0.0115384624351,0.0115384624351,0.0115384624351,0.0
0.0115384621396,0.0115384621396,0.0115889634783,0.0115384621396,0.0115384621396,0.0115854426577,0.0115384621396,0.0115384621396,0.0115384621396,0.0115384621396,0.0115384621396,0.0116010280318,0.0115384621399,0.011538462243,0.692791813702,0.0115384621396,0.0115384621396,0.0115384621396,0.0115384621396,0.0115384621396,0.0120358494119,0.0115384621398,0.0115384622068,0.0180891976167,0.0115384621396,0.0115384621396,0.0115384621396,0.0
0.0115384619414,0.0115384619414,0.011588963071,0.0115384619414,0.0115384619414,0.0115854422899,0.0115384619414,0.0115384619414,0.0115384619414,0.0115384619414,0.0115384619414,0.0116010275534,0.0115384619417,0.0115384620108,0.692793660082,0.0115384619414,0.0115384619414,0.0115384619414,0.0115384619414,0.0115384619414,0.0120358470108,0.0115384619416,0.0115384619865,0.0180873591083,0.0115384619414,0.0115384619414,0.0115384619414,0.0
0.0115384618086,0.0115384618086,0.0115889627624,0.0115384618086,0.0115384618086,0.0115854420137,0.0115384618086,0.0115384618086,0.0115384618086,0.0115384618086,0.0115384618086,0.0116010271896,0.0115384618088,0.0115384618551,0.692795121332,0.0115384618086,0.0115384618086,0.0115384618086,0.0115384618086,0.0115384618086,0.0120358450755,0.0115384618087,0.0115384618388,0.0180859035689,0.0115384618086,0.0115384618086,0.0115384618086,0.0
0.0115384617196,0.0115384617196,0.0115889625273,0.0115384617196,0.0115384617196,0.0115854418048,0.0115384617196,0.0115384617196,0.0115384617196,0.0115384617196,0.0115384617196,0.0116010269114,0.0115384617197,0.0115384617507,0.692796277847,0.0115384617196,0.0115384617196,0.0115384617196,0.0115384617196,0.0115384617196,0.0120358435187,0.0115384617196,0.0115384617398,0.0180847512283,0.0115384617196,0.0115384617196,0.0115384617196,0.0
0.0115384616599,0.0115384616599,0.0115889623471,0.0115384616599,0.0115384616599,0.0115854416458,0.0115384616599,0.0115384616599,0.0115384616599,0.0115384616599,0.0115384616599,0.0116010266976,0.0115384616599,0.0115384616808,0.692797193218,0.0115384616599,0.0115384616599,0.0115384616599,0.0115384616599,0.0115384616599,0.0120358422685,0.0115384616599,0.0115384616735,0.0180838389306,0.0115384616599,0.0115384616599,0.0115384616599,0.0
0.0115384616199,0.0115384616199,0.0115889622083,0.0115384616199,0.0115384616199,0.0115854415242,0.0115384616199,0.0115384616199,0.0115384616199,0.0115384616199,0.0115384616199,0.0116010265326,0.0115384616199,0.0115384616339,0.692797917754,0.0115384616199,0.0115384616199,0.0115384616199,0.0115384616199,0.0115384616199,0.0120358412661,0.0115384616199,0.011538461629,0.0180831166744,0.0115384616199,0.0115384616199,0.0115384616199,0.0
0.011538461593,0.011538461593,0.0115889621009,0.011538461593,0.011538461593,0.0115854414307,0.011538461593,0.011538461593,0.011538461593,0.011538461593,0.011538461593,0.0116010264047,0.0115384615931,0.0115384616024,0.692798491258,0.011538461593,0.011538461593,0.011538461593,0.011538461593,0.011538461593,0.0120358404635,0.011538461593,0.0115384615991,0.018082544873,0.011538461593,0.011538461593,0.011538461593,0.0
0.011538461575,0.011538461575,0.0115889620176,0.011538461575,0.011538461575,0.0115854413585,0.011538461575,0.011538461575,0.011538461575,0.011538461575,0.011538461575,0.0116010263053,0.0115384615751,0.0115384615813,0.692798945225,0.011538461575,0.011538461575,0.011538461575,0.011538461575,0.011538461575,0.0120358398218,0.0115384615751,0.0115384615791,0.0180820921856,0.011538461575,0.011538461575,0.011538461575,0.0
0.011538461563,0.011538461563,0.0115889619527,0.011538461563,0.011538461563,0.0115854413025,0.011538461563,0.011538461563,0.011538461563,0.011538461563,0.011538461563,0.0116010262278,0.011538461563,0.0115384615672,0.692799304579,0.011538461563,0.011538461563,0.011538461563,0.011538461563,0.011538461563,0.0120358393092,0.011538461563,0.0115384615657,0.0180817337996,0.011538461563,0.011538461563,0.011538461563,0.0
0.0115384615549,0.0115384615549,0.011588961902,0.0115384615549,0.0115384615549,0.011585441259,0.0115384615549,0.0115384615549,0.0115384615549,0.0115384615549,0.0115384615549,0.0116010261672,0.0115384615549,0.0115384615577,0.692799589043,0.0115384615549,0.0115384615549,0.0115384615549,0.0115384615549,0.0115384615549,0.0120358389002,0.0115384615549,0.0115384615567,0.0180814500709,0.0115384615549,0.0115384615549,0.0115384615549,0.0
0.0115384615495,0.0115384615495,0.0115889618624,0.0115384615495,0.0115384615495,0.011585441225,0.0115384615495,0.0115384615495,0.0115384615495,0.0115384615495,0.0115384615495,0.0116010261198,0.0115384615495,0.0115384615514,0.692799814229,0.0115384615495,0.0115384615495,0.0115384615495,0.0115384615495,0.0115384615495,0.0120358385741,0.0115384615495,0.0115384615507,0.0180812254475,0.0115384615495,0.0115384615495,0.0115384615495,0.0
0.0115384615459,0.0115384615459,0.0115889618313,0.0115384615459,0.0115384615459,0.0115854411984,0.0115384615459,0.0115384615459,0.0115384615459,0.0115384615459,0.0115384615459,0.0116010260825,0.0115384615459,0.0115384615471,0.692799992492,0.0115384615459,0.0115384615459,0.0115384615459,0.0115384615459,0.0115384615459,0.0120358383143,0.0115384615459,0.0115384615467,0.0180810476168,0.0115384615459,0.0115384615459,0.0115384615459,0.0
0.0115384615434,0.0115384615434,0.0115889618068,0.0115384615434,0.0115384615434,0.0115854411776,0.0115384615434,0.0115384615434,0.0115384615434,0.0115384615434,0.0115384615434,0.0116010260533,0.0115384615434,0.0115384615443,0.69280013361,0.0115384615434,0.0115384615434,0.0115384615434,0.0115384615434,0.0115384615434,0.0120358381076,0.0115384615434,0.011538461544,0.0180809068314,0.0115384615434,0.0115384615434,0.0115384615434,0.0
0.0115384615418,0.0115384615418,0.0115889617876,0.0115384615418,0.0115384615418,0.0115854411613,0.0115384615418,0.0115384615418,0.0115384615418,0.0115384615418,0.0115384615418,0.0116010260303,0.0115384615418,0.0115384615424,0.692800245325,0.0115384615418,0.0115384615418,0.0115384615418,0.0115384615418,0.0115384615418,0.0120358379431,0.0115384615418,0.0115384615422,0.018080795374,0.0115384615418,0.0115384615418,0.0115384615418,0.0
0.0115384615407,0.0115384615407,0.0115889617725,0.0115384615407,0.0115384615407,0.0115854411485,0.0115384615407,0.0115384615407,0.0115384615407,0.0115384615407,0.0115384615407,0.0116010260121,0.0115384615407,0.0115384615411,0.692800333764,0.0115384615407,0.0115384615407,0.0115384615407,0.0115384615407,0.0115384615407,0.0120358378123,0.0115384615407,0.0115384615409,0.0180807071352,0.0115384615407,0.0115384615407,0.0115384615407,0.0
0.01153846154,0.01153846154,0.0115889617605,0.01153846154,0.01153846154,0.0115854411384,0.01153846154,0.01153846154,0.01153846154,0.01153846154,0.01153846154,0.0116010259978,0.01153846154,0.0115384615402,0.692800403777,0.01153846154,0.01153846154,0.01153846154,0.01153846154,0.01153846154,0.0120358377084,0.01153846154,0.0115384615401,0.0180806372782,0.01153846154,0.01153846154,0.01153846154,0.0
0.0115384615395,0.0115384615395,0.0115889617511,0.0115384615395,0.0115384615395,0.0115854411304,0.0115384615395,0.0115384615395,0.0115384615395,0.0115384615395,0.0115384615395,0.0116010259866,0.0115384615395,0.0115384615396,0.692800459203,0.0115384615395,0.0115384615395,0.0115384615395,0.0115384615395,0.0115384615395,0.0120358376258,0.0115384615395,0.0115384615396,0.0180805819737,0.0115384615395,0.0115384615395,0.0115384615395,0.0
0.0115384615391,0.0115384615391,0.0115889617437,0.0115384615391,0.0115384615391,0.0115854411241,0.0115384615391,0.0115384615391,0.0115384615391,0.0115384615391,0.0115384615391,0.0116010259777,0.0115384615391,0.0115384615392,0.692800503082,0.0115384615391,0.0115384615391,0.0115384615391,0.0115384615391,0.0115384615391,0.0120358375603,0.0115384615391,0.0115384615392,0.0180805381901,0.0115384615391,0.0115384615391,0.0115384615391,0.0
0.0115384615389,0.0115384615389,0.0115889617378,0.0115384615389,0.0115384615389,0.0115854411192,0.0115384615389,0.0115384615389,0.0115384615389,0.0115384615389,0.0115384615389,0.0116010259706,0.0115384615389,0.011538461539,0.692800537819,0.0115384615389,0.0115384615389,0.0115384615389,0.0115384615389,0.0115384615389,0.0120358375082,0.0115384615389,0.011538461539,0.0180805035275,0.0115384615389,0.0115384615389,0.0115384615389,0.0
0.0115384615388,0.0115384615388,0.0115889617332,0.0115384615388,0.0115384615388,0.0115854411153,0.0115384615388,0.0115384615388,0.0115384615388,0.0115384615388,0.0115384615388,0.0116010259651,0.0115384615388,0.0115384615388,0.69280056532,0.0115384615388,0.0115384615388,0.0115384615388,0.0115384615388,0.0115384615388,0.012035837467,0.0115384615388,0.0115384615388,0.0180804760857,0.0115384615388,0.0115384615388,0.0115384615388,0.0
0.0115384615387,0.0115384615387,0.0115889617295,0.0115384615387,0.0115384615387,0.0115854411122,0.0115384615387,0.0115384615387,0.0115384615387,0.0115384615387,0.0115384615387,0.0116010259607,0.0115384615387,0.0115384615387,0.692800587091,0.0115384615387,0.0115384615387,0.0115384615387,0.0115384615387,0.0115384615387,0.0120358374342,0.0115384615387,0.0115384615387,0.0180804543606,0.0115384615387,0.0115384615387,0.0115384615387,0.0
0.0115384615386,0.0115384615386,0.0115889617266,0.0115384615386,0.0115384615386,0.0115854411097,0.0115384615386,0.0115384615386,0.0115384615386,0.0115384615386,0.0115384615386,0.0116010259572,0.0115384615386,0.0115384615386,0.692800604326,0.0115384615386,0.0115384615386,0.0115384615386,0.0115384615386,0.0115384615386,0.0120358374082,0.0115384615386,0.0115384615386,0.0180804371613,0.0115384615386,0.0115384615386,0.0115384615386,0.0
0.0115384615386,0.0115384615386,0.0115889617244,0.0115384615386,0.0115384615386,0.0115854411078,0.0115384615386,0.0115384615386,0.0115384615386,0.0115384615386,0.0115384615386,0.0116010259545,0.0115384615386,0.0115384615386,0.692800617971,0.0115384615386,0.0115384615386,0.0115384615386,0.0115384615386,0.0115384615386,0.0120358373877,0.0115384615386,0.0115384615386,0.0180804235449,0.0115384615386,0.0115384615386,0.0115384615386,0.0
0.0115384615385,0.0115384615385,0.0115889617225,0.0115384615385,0.0115384615385,0.0115854411063,0.0115384615385,0.0115384615385,0.0115384615385,0.0115384615385,0.0115384615385,0.0116010259523,0.0115384615385,0.0115384615385,0.692800628773,0.0115384615385,0.0115384615385,0.0115384615385,0.0115384615385,0.0115384615385,0.0120358373713,0.0115384615385,0.0115384615385,0.018080412765,0.0115384615385,0.0115384615385,0.0115384615385,0.0
0.0115384615385,0.0115384615385,0.0115889617211,0.0115384615385,0.0115384615385,0.0115854411051,0.0115384615385,0.0115384615385,0.0115384615385,0.0115384615385,0.0115384615385,0.0116010259506,0.0115384615385,0.0115384615385,0.692800637325,0.0115384615385,0.0115384615385,0.0115384615385,0.0115384615385,0.0115384615385,0.0120358373584,0.0115384615385,0.0115384615385,0.0180804042309,0.0115384615385,0.0115384615385,0.0115384615385,0.0
0.0115384615385,0.0115384615385,0.01158896172,0.0115384615385,0.0115384615385,0.0115854411041,0.0115384615385,0.0115384615385,0.0115384615385,0.0115384615385,0.0115384615385,0.0116010259492,0.0115384615385,0.0115384615385,0.692800644096,0.0115384615385,0.0115384615385,0.0115384615385,0.0115384615385,0.0115384615385,0.0120358373481,0.0115384615385,0.0115384615385,0.0180803974745,0.0115384615385,0.0115384615385,0.0115384615385,0.0
0.0115384615385,0.0115384615385,0.0115889617191,0.0115384615385,0.0115384615385,0.0115854411034,0.0115384615385,0.0115384615385,0.0115384615385,0.0115384615385,0.0115384615385,0.0116010259482,0.0115384615385,0.0115384615385,0.692800649456,0.0115384615385,0.0115384615385,0.0115384615385,0.0115384615385,0.0115384615385,0.01203583734,0.0115384615385,0.0115384615385,0.0180803921256,0.0115384615385,0.0115384615385,0.0115384615385,0.0
0.0115384615385,0.0115384615385,0.0115889617184,0.0115384615385,0.0115384615385,0.0115854411028,0.0115384615385,0.0115384615385,0.0115384615385,0.0115384615385,0.0115384615385,0.0116010259473,0.0115384615385,0.0115384615385,0.692800653699,0.0115384615385,0.0115384615385,0.0115384615385,0.0115384615385,0.0115384615385,0.0120358373336,0.0115384615385,0.0115384615385,0.018080387891,0.0115384615385,0.0115384615385,0.0115384615385,0.0
0.0115384615385,0.0115384615385,0.0115889617178,0.0115384615385,0.0115384615385,0.0115854411023,0.0115384615385,0.0115384615385,0.0115384615385,0.0115384615385,0.0115384615385,0.0116010259466,0.0115384615385,0.0115384615385,0.692800657058,0.0115384615385,0.0115384615385,0.0115384615385,0.0115384615385,0.0115384615385,0.0120358373285,0.0115384615385,0.0115384615385,0.0180803845386,0.0115384615385,0.0115384615385,0.0115384615385,0.0
0.0115384615385,0.0115384615385,0.0115889617174,0.0115384615385,0.0115384615385,0.0115854411019,0.0115384615385,0.0115384615385,0.0115384615385,0.0115384615385,0.0115384615385,0.0116010259461,0.0115384615385,0.0115384615385,0.692800659718,0.0115384615385,0.0115384615385,0.0115384615385,0.0115384615385,0.0115384615385,0.0120358373244,0.0115384615385,0.0115384615385,0.0180803818845,0.0115384615385,0.0115384615385,0.0115384615385,0.0
0.0115384615385,0.0115384615385,0.011588961717,0.0115384615385,0.0115384615385,0.0115854411016,0.0115384615385,0.0115384615385,0.0115384615385,0.0115384615385,0.0115384615385,0.0116010259457,0.0115384615385,0.0115384615385,0.692800661823,0.0115384615385,0.0115384615385,0.0115384615385,0.0115384615385,0.0115384615385,0.0120358373212,0.0115384615385,0.0115384615385,0.0180803797833,0.0115384615385,0.0115384615385,0.0115384615385,0.0
0.0115384615385,0.0115384615385,0.0115889617167,0.0115384615385,0.0115384615385,0.0115854411014,0.0115384615385,0.0115384615385,0.0115384615385,0.0115384615385,0.0115384615385,0.0116010259453,0.0115384615385,0.0115384615385,0.69280066349,0.0115384615385,0.0115384615385,0.0115384615385,0.0115384615385,0.0115384615385,0.0120358373187,0.0115384615385,0.0115384615385,0.0180803781199,0.0115384615385,0.0115384615385,0.0115384615385,0.0
0.0115384615385,0.0115384615385,0.0115889617165,0.0115384615385,0.0115384615385,0.0115854411012,0.0115384615385,0.0115384615385,0.0115384615385,0.0115384615385,0.0115384615385,0.0116010259451,0.0115384615385,0.0115384615385,0.69280066481,0.0115384615385,0.0115384615385,0.0115384615385,0.0115384615385,0.0115384615385,0.0120358373167,0.0115384615385,0.0115384615385,0.018080376803,0.0115384615385,0.0115384615385,0.0115384615385,0.0
0.0115384615385,0.0115384615385,0.0115889617163,0.0115384615385,0.0115384615385,0.0115854411011,0.0115384615385,0.0115384615385,0.0115384615385,0.0115384615385,0.0115384615385,0.0116010259449,0.0115384615385,0.0115384615385,0.692800665855,0.0115384615385,0.0115384615385,0.0115384615385,0.0115384615385,0.0115384615385,0.0120358373151,0.0115384615385,0.0115384615385,0.0180803757604,0.0115384615385,0.0115384615385,0.0115384615385,0.0
0.0115384615385,0.0115384615385,0.0115889617162,0.0115384615385,0.0115384615385,0.011585441101,0.0115384615385,0.0115384615385,0.0115384615385,0.0115384615385,0.0115384615385,0.0116010259447,0.0115384615385,0.0115384615385,0.692800666682,0.0115384615385,0.0115384615385,0.0115384615385,0.0115384615385,0.0115384615385,0.0120358373138,0.0115384615385,0.0115384615385,0.018080374935,0.0115384615385,0.0115384615385,0.0115384615385,0.0
0.0115384615385,0.0115384615385,0.0115889617161,0.0115384615385,0.0115384615385,0.0115854411009,0.0115384615385,0.0115384615385,0.0115384615385,0.0115384615385,0.0115384615385,0.0116010259446,0.0115384615385,0.0115384615385,0.692800667336,0.0115384615385,0.0115384615385,0.0115384615385,0.0115384615385,0.0115384615385,0.0120358373128,0.0115384615385,0.0115384615385,0.0180803742815,0.0115384615385,0.0115384615385,0.0115384615385,0.0
0.0115384615385,0.0115384615385,0.011588961716,0.0115384615385,0.0115384615385,0.0115854411008,0.0115384615385,0.0115384615385,0.0115384615385,0.0115384615385,0.0115384615385,0.0116010259445,0.0115384615385,0.0115384615385,0.692800667855,0.0115384615385,0.0115384615385,0.0115384615385,0.0115384615385,0.0115384615385,0.0120358373121,0.0115384615385,0.0115384615385,0.0180803737642,0.0115384615385,0.0115384615385,0.0115384615385,0.0
0.0115384615385,0.0115384615385,0.0115889617159,0.0115384615385,0.0115384615385,0.0115854411007,0.0115384615385,0.0115384615385,0.0115384615385,0.0115384615385,0.0115384615385,0.0116010259444,0.0115384615385,0.0115384615385,0.692800668265,0.0115384615385,0.0115384615385,0.0115384615385,0.0115384615385,0.0115384615385,0.0120358373114,0.0115384615385,0.0115384615385,0.0180803733547,0.0115384615385,0.0115384615385,0.0115384615385,0.0
0.0115384615385,0.0115384615385,0.0115889617159,0.0115384615385,0.0115384615385,0.0115854411007,0.0115384615385,0.0115384615385,0.0115384615385,0.0115384615385,0.0115384615385,0.0116010259443,0.0115384615385,0.0115384615385,0.69280066859,0.0115384615385,0.0115384615385,0.0115384615385,0.0115384615385,0.0115384615385,0.0120358373109,0.0115384615385,0.0115384615385,0.0180803730304,0.0115384615385,0.0115384615385,0.0115384615385,0.0
