-10.0 -10.0,-10.0 0.0,-10.0 10.0,0.0 -10.0,0.0 0.0,0.0 10.0,10.0 -10.0,10.0 0.0,10.0 10.0,other
0.111111111111,0.111111111111,0.111111111111,0.111111111111,0.111111111111,0.111111111111,0.111111111111,0.111111111111,0.111111111111,0.0
0.1,0.1,0.100000000056,0.100071703812,0.100014746899,0.199913549055,0.1,0.1,0.100000000178,0.0
0.0833394932978,0.0833394932978,0.0833394938533,0.0834008293873,0.0833520800454,0.333210130074,0.0833394932979,0.0833394932978,0.0833394934483,0.0
0.0625103997496,0.0625103997495,0.0625104137974,0.0625564111521,0.0625198415188,0.499861334671,0.0625103997496,0.0625103997496,0.0625103998625,0.0
0.0416776843942,0.0416776843942,0.041678488523,0.0417083616728,0.0416839795245,0.666540748233,0.0416776843942,0.0416776843942,0.0416776844695,0.0
0.0250241330659,0.0250241330658,0.0250663107532,0.0250425523306,0.0250279127907,0.799742558751,0.0250241330659,0.0250241330659,0.0250241331111,0.0
0.0142490393479,0.0142490393479,0.0150753461506,0.0142595274965,0.0142511915682,0.885168738019,0.0142490393479,0.0142490393479,0.0142490393736,0.0
0.00914398559927,0.00914398559927,0.0133086224933,0.0091507161218,0.00914536673601,0.922675366636,0.00914398559928,0.00914398559927,0.00914398561579,0.0
0.00683344447836,0.00683344447836,0.0163389977252,0.00683847430386,0.0068344766236,0.935820828943,0.00683344447837,0.00683344447836,0.0068334444907,0.0
0.00547160413783,0.00547160413783,0.0228567114558,0.00547563156706,0.00547243058636,0.938837205692,0.00547160413783,0.00547160413783,0.00547160414771,0.0
0.00453041863471,0.00453041863471,0.0340300947577,0.00453375329489,0.00453110292359,0.934252955842,0.00453041863472,0.00453041863471,0.0045304186429,0.0
0.00381244303153,0.00381244303153,0.0523658261378,0.00381524921855,0.00381301887508,0.920943690604,0.00381244303153,0.00381244303153,0.00381244303841,0.0
0.0032217228091,0.0032217228091,0.081830364528,0.00322409419057,0.00322220942839,0.895614717802,0.00322172280911,0.0032217228091,0.00322172281492,0.0
0.0027024219481,0.0027024219481,0.127974602573,0.00270441109294,0.00270283013053,0.853106046459,0.00270242194811,0.0027024219481,0.00270242195298,0.0
0.00221964407752,0.00221964407751,0.197247189267,0.00222127786885,0.00221997933963,0.787213333133,0.00221964407752,0.00221964407751,0.00221964408152,0.0
0.00175594400353,0.00175594400353,0.294406348916,0.00175723648377,0.00175620922691,0.693300485352,0.00175594400353,0.00175594400353,0.0017559440067,0.0
0.00131426891897,0.00131426891897,0.417697042343,0.00131523629982,0.00131446743034,0.57310190933,0.00131426891897,0.00131426891897,0.00131426892134,0.0
0.000917311272748,0.000917311272735,0.5548531795,0.000917986468916,0.00091744982635,0.438724827839,0.000917311272732,0.000917311272731,0.000917311274388,0.0
0.000593984038592,0.000593984035912,0.686028434401,0.000594421242582,0.000594073751642,0.309813150427,0.00059398403427,0.00059398403427,0.000593984035343,0.0
0.000359181798694,0.000359181409378,0.794053664864,0.000359445430818,0.000359235266385,0.203431748281,0.000359180983148,0.000359180983147,0.000359180983796,0.0
0.000205904033005,0.000205886817062,0.872332919059,0.000206006243922,0.000205884068658,0.12622584849,0.00020585042952,0.00020585042952,0.000205850429891,0.0
0.000115324517226,0.000115154641416,0.923479393357,0.000114546664876,0.000114459144964,0.0757179513762,0.00011439009933,0.00011439009933,0.000114390099537,0.0
7.06486808779e-05,7.02484432804e-05,0.953010309819,6.61734586476e-05,6.60626543687e-05,0.0465192895052,6.57558127239e-05,6.57558127238e-05,6.57558128426e-05,0.0
5.34747658546e-05,5.31825844192e-05,0.968218875131,4.32006607878e-05,4.30599515995e-05,0.0314610855114,4.23737981401e-05,4.237379814e-05,4.23737982166e-05,0.0
4.74128029302e-05,4.752179806e-05,0.976614079094,3.12374126771e-05,3.10849054086e-05,0.0231384203984,3.00811960447e-05,3.00811960447e-05,3.0081196099e-05,0.0
4.59472305986e-05,4.66774713589e-05,0.981883037454,2.4005303116e-05,2.3852767613e-05,0.0179085841735,2.26318666062e-05,2.26318666062e-05,2.2631866647e-05,0.0
4.69478071435e-05,4.85339190358e-05,0.98550580145,1.91511100972e-05,1.90043754453e-05,0.0143076155112,1.76486089365e-05,1.76486089365e-05,1.76486089684e-05,0.0
4.96465715303e-05,5.23784386048e-05,0.988149636213,1.56615900481e-05,1.55233333202e-05,0.0116748729052,1.40936493167e-05,1.40936493166e-05,1.40936493421e-05,0.0
5.37660238189e-05,5.80153469782e-05,0.990158152989,1.30327708402e-05,1.29040569661e-05,0.00966979486439,1.14446494345e-05,1.14446494345e-05,1.14446494551e-05,0.0
5.9245859513e-05,6.54922898235e-05,0.991727468365,1.0984902955e-05,1.08659583972e-05,0.00809771652488,9.40869996607e-06,9.40869996606e-06,9.40869998306e-06,0.0
6.61443760404e-05,7.50060803839e-05,0.992978461188,9.34942218017e-06,9.24003318616e-06,0.00683837555692,7.80778119598e-06,7.80778119598e-06,7.80778121008e-06,0.0
7.45998366311e-05,8.68711435682e-05,0.99399008893,8.01818606984e-06,7.91791151405e-06,0.00581292337723,6.52687167891e-06,6.52687167891e-06,6.5268716907e-06,0.0
8.48158651969e-05,0.000101514278374,0.994816260508,6.91831647567e-06,6.82660528853e-06,0.00496720035342,5.48802453203e-06,5.48802453203e-06,5.48802454194e-06,0.0
9.70580210382e-05,0.000119483110982,0.995495041876,5.99871963115e-06,5.91497700261e-06,0.00426259417821,4.63637247323e-06,4.63637247323e-06,4.6363724816e-06,0.0
0.00011165648413,0.000141463653764,0.996053985551,5.22239480328e-06,5.14601985296e-06,0.00367072963975,3.93208572724e-06,3.93208572724e-06,3.93208573434e-06,0.0
0.000129012746487,0.000168305533879,0.996513365421,4.56181385779e-06,4.49222093016e-06,0.00317022573973,3.34550792824e-06,3.34550792824e-06,3.34550793428e-06,0.0
0.000149609463858,0.000201054893365,0.996888213903,3.99602395629e-06,3.93265430212e-06,0.00274463080364,2.85408591506e-06,2.85408591505e-06,2.85408592021e-06,0.0
0.000174023216322,0.000240995759181,0.9971896398,3.50876366377e-06,3.45109138791e-06,0.00238106028744,2.44036061273e-06,2.44036061273e-06,2.44036061713e-06,0.0
0.000202940241687,0.000289701235467,0.997425694329,3.0871993435e-06,3.034733905e-06,0.00206927042722,2.09061100019e-06,2.09061100019e-06,2.09061100396e-06,0.0
0.000237175397147,0.000349096346265,0.997601940668,2.72105447127e-06,2.67334111194e-06,0.00180101145076,1.79391403001e-06,1.79391403001e-06,1.79391403325e-06,0.0
0.000277694738875,0.0004215348297,0.997721819964,2.40199537201e-06,2.35861431531e-06,0.00156956542572,1.54147746605e-06,1.54147746605e-06,1.54147746883e-06,0.0
0.000325642215759,0.000509892691354,0.997786870458,2.12318872943e-06,2.08375367135e-06,0.00136940922315,1.32615652725e-06,1.32615652725e-06,1.32615652965e-06,0.0
0.000382371064533,0.000617681883264,0.997796834437,1.87897685283e-06,1.84313307012e-06,0.00119596421373,1.142097218e-06,1.14209721799e-06,1.14209722006e-06,0.0
0.000449480572265,0.000749188091561,0.997749673913,1.66463535188e-06,1.63205763066e-06,0.00104540732425,9.84468796483e-07,9.84468796482e-07,9.8446879826e-07,0.0
0.000528858934866,0.000909637283147,0.997641506926,1.47618955964e-06,1.44658007065e-06,0.000914526305777,8.4926013606e-07,8.4926013606e-07,8.49260137594e-07,0.0
0.000622732977008,0.00110539635598,0.997466470275,1.31027354674e-06,1.283359744e-06,0.000800607390472,7.3312265882e-07,7.3312265882e-07,7.33122660144e-07,0.0
0.000733725491838,0.001344213908,0.997216510246,1.16402049215e-06,1.13955308006e-06,0.000701347037839,6.33247738302e-07,6.33247738301e-07,6.33247739445e-07,0.0
0.000864920879359,0.0016355076953,0.996881100063,1.03497647119e-06,1.01272746452e-06,0.000614781848947,5.47269971725e-07,5.47269971724e-07,5.47269972713e-07,0.0
0.00101993956601,0.00199070563398,0.996446881044,9.21031968764e-07,9.00792856339e-07,0.000539232360632,4.73190117784e-07,4.73190117784e-07,4.73190118639e-07,0.0
0.00120302130727,0.00242364695596,0.995897223911,8.20366985106e-07,8.01946998536e-07,0.000473257572373,4.09313161204e-07,4.09313161204e-07,4.09313161943e-07,0.0
0.00141911680791,0.00295104894091,0.995211707751,7.31406701878e-07,7.14631184285e-07,0.000415617867501,3.5419814043e-07,3.54198140429e-07,3.54198141069e-07,0.0
0.00167398598851,0.00359304185815,0.994365517449,6.52785466846e-07,6.37494331348e-07,0.000365244572574,3.0661721592e-07,3.06617215919e-07,3.06617216473e-07,0.0
0.00197429945254,0.00437376933282,0.993328767143,5.83317435127e-07,5.69363698148e-07,0.000321214823847,2.65522066447e-07,2.65522066447e-07,2.65522066926e-07,0.0
0.00232773692734,0.00532204170075,0.992065769405,5.21972641178e-07,5.09221010667e-07,0.000282730724974,2.30016148692e-07,2.30016148692e-07,2.30016149107e-07,0.0
0.00274307216076,0.00647201357934,0.990534290206,4.6785761711e-07,4.561831094e-07,0.000249102017824,1.99331688156e-07,1.99331688155e-07,1.99331688515e-07,0.0
0.00323022722006,0.00786383012938,0.988684862861,4.20199955949e-07,4.09486506226e-07,0.000219731671498,1.72810519462e-07,1.72810519462e-07,1.72810519774e-07,0.0
0.00380026931286,0.00954414377155,0.9864602865,3.78336473756e-07,3.68475492246e-07,0.000194103939502,1.49888083951e-07,1.49888083951e-07,1.49888084221e-07,0.0
0.00446530870028,0.0115663364879,0.98379551572,3.41704880652e-07,3.32593687282e-07,0.00017177455334,1.30080037602e-07,1.30080037602e-07,1.30080037837e-07,0.0
0.0052382352422,0.0139901816181,0.980618270188,3.09839156836e-07,3.01379197688e-07,0.000152362819903,1.12971033145e-07,1.12971033144e-07,1.12971033349e-07,0.0
0.00613220197339,0.0168805311061,0.976850869999,2.82369175298e-07,2.74463879254e-07,0.000135545472297,9.82053221198e-08,9.82053221197e-08,9.82053222971e-08,0.0
0.0071597270012,0.0203044118746,0.972414041903,2.59025540587e-07,2.51577606559e-07,0.000121052181789,8.54788760026e-08,8.54788760026e-08,8.5478876157e-08,0.0
0.00833124642726,0.0243256742882,0.96723372083,2.39651112596e-07,2.32558916958e-07,0.000108662646398,7.45327430754e-08,7.45327430753e-08,7.45327432099e-08,0.0
0.0096529346336,0.0289961443249,0.961252078937,2.24221151517e-07,2.17373822428e-07,9.82050680561e-05,6.51473230313e-08,6.51473230312e-08,6.51473231489e-08,0.0
0.0111236761689,0.0343423504653,0.954443827432,2.12874142113e-07,2.06144660637e-07,8.95555034623e-05,5.71371310005e-08,5.71371310004e-08,5.71371311036e-08,0.0
0.0127313519747,0.0403479083071,0.946837546651,2.05954501413e-07,1.99189980427e-07,8.26368867185e-05,5.03454323537e-08,5.03454323536e-08,5.03454324446e-08,0.0
0.0144492642824,0.0469344515552,0.938538333608,2.04065820252e-07,1.97073942234e-07,7.74155003537e-05,4.46379564497e-08,4.46379564497e-08,4.46379565303e-08,0.0
0.0162345787646,0.0539489965879,0.929742004166,2.0812959311e-07,2.00660132721e-07,7.38920063425e-05,3.98950863334e-08,3.98950863333e-08,3.98950864054e-08,0.0
0.0180314192657,0.0611702381006,0.920725718328,2.19444218324e-07,2.11164574668e-07,7.20856875328e-05,3.60030512727e-08,3.60030512726e-08,3.60030513377e-08,0.0
0.0197800305792,0.0683428788758,0.91180450606,2.39751147366e-07,2.30214423174e-07,7.20159790894e-05,3.28467551383e-08,3.28467551383e-08,3.28467551976e-08,0.0
0.021429338309,0.0752318789694,0.903264468832,2.71340132108e-07,2.5994282011e-07,7.36916822424e-05,3.03080591224e-08,3.03080591224e-08,3.03080591771e-08,0.0
0.0229465076839,0.0816695441723,0.89530612614,3.17241657907e-07,3.03165337269e-07,7.71167845825e-05,2.82708417683e-08,2.82708417683e-08,2.82708418194e-08,0.0
0.0243188282984,0.0875717802615,0.888026255926,3.81540398891e-07,3.63668945969e-07,8.23104173295e-05,2.66292954596e-08,2.66292954595e-08,2.66292955076e-08,0.0
0.025549090309,0.0929243015481,0.881436286313,4.69819827525e-07,4.46621071681e-07,8.93295066552e-05,2.52941770784e-08,2.52941770784e-08,2.52941771241e-08,0.0
0.0266489310648,0.097756576722,0.875494985429,5.89751835276e-07,5.5910940772e-07,9.82853392165e-05,2.41946164316e-08,2.41946164316e-08,2.41946164753e-08,0.0
0.0276334520025,0.102118676523,0.870136985871,7.51875564656e-07,7.10851491442e-07,0.000109353047543,2.32764492741e-08,2.32764492741e-08,2.32764493162e-08,0.0
0.028517981289,0.106066260748,0.865291027364,9.70644747226e-07,9.15145258935e-07,0.000122777311053,2.24990671277e-08,2.24990671276e-08,2.24990671683e-08,0.0
0.0293165342027,0.109652710033,0.860889356573,1.26585597828e-06,1.19016134366e-06,0.000138877676671,2.18321897435e-08,2.18321897435e-08,2.18321897829e-08,0.0
0.0300412836197,0.112925813216,0.856871558468,1.66460885127e-06,1.56071161514e-06,0.000158055615363,2.12531614053e-08,2.12531614053e-08,2.12531614437e-08,0.0
0.0307025322322,0.115926890128,0.853185446324,2.20400155576e-06,2.06067445743e-06,0.000180804405394,2.07448852333e-08,2.07448852333e-08,2.07448852707e-08,0.0
0.0313088932431,0.118691045767,0.849786606486,2.9348396736e-06,2.73632192311e-06,0.000207722459768,2.02943124789e-08,2.02943124789e-08,2.02943125155e-08,0.0
0.0318675326067,0.121247860817,0.846637438656,3.92673917154e-06,3.65088365515e-06,0.00023953062346,1.98913580794e-08,1.98913580794e-08,1.98913581153e-08,0.0
0.0323844073195,0.123622182974,0.843706091087,5.2751470807e-06,4.89080576631e-06,0.000277094081948,1.95281258442e-08,1.95281258441e-08,1.95281258794e-08,0.0
0.0328644748947,0.125834872897,0.840965459525,7.11099892727e-06,6.57433115949e-06,0.00032144975781,1.91983530659e-08,1.91983530659e-08,1.91983531006e-08,0.0
0.033311867765,0.127903451165,0.838392306719,9.61399945087e-06,8.86325644653e-06,0.000373840403951,1.88970092814e-08,1.88970092814e-08,1.88970093156e-08,0.0
0.0337300340562,0.129842634779,0.835966508349,1.30308776979e-05,1.19790299372e-05,0.000435757048561,1.86200033043e-08,1.86200033042e-08,1.86200033379e-08,0.0
0.0341218487468,0.131664768915,0.833670409956,1.77004623791e-05,1.62247712325e-05,0.000508992056556,1.83639666318e-08,1.83639666318e-08,1.8363966665e-08,0.0
0.0344896995459,0.133380165066,0.831488271643,2.40880912992e-05,2.20153484831e-05,0.000595705926868,1.81260910474e-08,1.81260910474e-08,1.81260910801e-08,0.0
0.0348355512049,0.134997356624,0.829405775138,3.2832763581e-05,2.99183836438e-05,0.000698512173879,1.79040048896e-08,1.79040048896e-08,1.79040049219e-08,0.0
0.0351609910214,0.13652328062,0.827409567179,4.48116301314e-05,4.07100128912e-05,0.000820586450004,1.76956769798e-08,1.76956769798e-08,1.76956770118e-08,0.0
0.0354672572246,0.137963390815,0.825486812256,6.12279684593e-05,5.5450450761e-05,0.000965808786487,1.74993402475e-08,1.74993402475e-08,1.74993402791e-08,0.0
0.0357552508003,0.139321703322,0.823624725242,8.37307705019e-05,7.55859174472e-05,0.00113895200686,1.73134291251e-08,1.73134291251e-08,1.73134291563e-08,0.0
0.0360255300899,0.140600771214,0.82181004958,0.000114576522272,0.000103085264151,0.00134593591997,1.71365261003e-08,1.71365261003e-08,1.71365261312e-08,0.0
0.036278286096,0.141801579106,0.820028438349,0.000156846613827,0.000140621529722,0.00159417740368,1.69673135844e-08,1.69673135844e-08,1.69673136151e-08,0.0
0.0365132946975,0.142923341785,0.818263682283,0.000214736806628,0.000191810292744,0.00189308372165,1.68045275895e-08,1.68045275895e-08,1.68045276198e-08,0.0
0.0367298397258,0.143963181998,0.816496708259,0.000293937537887,0.000261517152089,0.00225476538672,1.66469096162e-08,1.66469096162e-08,1.66469096463e-08,0.0
0.0369265977363,0.144915650197,0.814704239795,0.000402123783737,0.000356244088131,0.00269509492024,1.64931525833e-08,1.64931525832e-08,1.6493152613e-08,0.0
0.037101470782,0.14577203133,0.812856960071,0.000549566904783,0.000484595019266,0.00323532686752,1.63418353834e-08,1.63418353834e-08,1.63418354129e-08,0.0
0.0372513464893,0.146519356765,0.810916932604,0.000749860388408,0.000657797104224,0.00390465807461,1.61913383231e-08,1.61913383231e-08,1.61913383523e-08,0.0
0.0373717530809,0.147138994844,0.808833882293,0.00102070041785,0.000890201868221,0.00474441937668,1.60397273842e-08,1.60397273842e-08,1.60397274131e-08,0.0
0.0374563557398,0.14760461261,0.806539643965,0.00138454790848,0.00119958179547,0.00581521032826,1.58845869252e-08,1.58845869252e-08,1.58845869539e-08,0.0
0.0374961978805,0.147879137374,0.803939459154,0.00186875531794,0.00160682292843,0.00720958017746,1.57227633314e-08,1.57227633313e-08,1.57227633597e-08,0.0
0.0374784956154,0.147909979286,0.800897351009,0.00250423917953,0.00213420080167,0.00907568745895,1.55499442632e-08,1.55499442632e-08,1.55499442913e-08,0.0
0.0373845627814,0.147620877668,0.797209163465,0.00332076918064,0.00280066185328,0.0116639189716,1.5359907862e-08,1.5359907862e-08,1.53599078897e-08,0.0
0.0371858453675,0.146896391861,0.792547038322,0.00433499617211,0.00361120585652,0.015424476992,1.51430458622e-08,1.51430458621e-08,1.51430458895e-08,0.0
0.0368354294031,0.145548726594,0.786331273816,0.00552397696994,0.00453555027965,0.0212249982879,1.48831471445e-08,1.48831471445e-08,1.48831471713e-08,0.0
0.036248119802,0.143239888961,0.777406039823,0.00677343026321,0.00547050826326,0.0308619692388,1.45497822934e-08,1.45497822934e-08,1.45497823196e-08,0.0
0.0352534900641,0.139298414004,0.763202765724,0.00780116621378,0.00619306249812,0.0482510592557,1.40801013119e-08,1.40801013119e-08,1.40801013374e-08,0.0
0.0335137896481,0.132400473748,0.738026253723,0.00815885486296,0.00638730521031,0.081513282771,1.33453556732e-08,1.33453556732e-08,1.33453556973e-08,0.0
0.0305487836213,0.120670486617,0.692779622241,0.007631049959,0.00594003008715,0.142429991018,1.21523422462e-08,1.21523422462e-08,1.21523422682e-08,0.0
0.0260889005216,0.103050409329,0.622869465009,0.00652891789897,0.00507891753739,0.236383358573,1.03769338263e-08,1.03769338263e-08,1.0376933845e-08,0.0
0.0204001763684,0.080579975347,0.540596920186,0.0051054152224,0.00397150182663,0.349345986707,8.1141932433e-09,8.1141932433e-09,8.11419325795e-09,0.0
0.0145955536797,0.0576519187118,0.484561849189,0.00365273171166,0.00284145918686,0.436696470105,5.80539757694e-09,5.80539757693e-09,5.80539758742e-09,0.0
0.00999738188952,0.0394893033531,0.493063442683,0.00250197797629,0.00194628810772,0.453001594061,3.97646966214e-09,3.97646966214e-09,3.97646966932e-09,0.0
0.0067540137683,0.026678114439,0.55936170526,0.00169028190216,0.00131486991241,0.404201006659,2.68641641176e-09,2.68641641176e-09,2.68641641661e-09,0.0
0.00442443161594,0.0174763474312,0.655312712066,0.00110727291901,0.000861347351734,0.320817883337,1.75982250011e-09,1.75982250011e-09,1.75982250328e-09,0.0
0.00275773245039,0.0108929386393,0.754707595847,0.000690158570285,0.000536874137106,0.230414697065,1.09688977706e-09,1.09688977706e-09,1.09688977904e-09,0.0
0.00162978183575,0.00643740935379,0.838839253013,0.000407848576186,0.0003172640718,0.152368441205,6.48200432061e-10,6.4820043206e-10,6.48200433231e-10,0.0
0.000924863452944,0.00365109838183,0.900133357568,0.000230948791756,0.000179640629052,0.094880090076,3.66964481674e-10,3.66964481674e-10,3.66964482337e-10,0.0
0.000535765741877,0.00210829074364,0.939224573278,0.000130266517884,0.000101268497478,0.057899834602,2.06453164293e-10,2.06453164292e-10,2.06453164665e-10,0.0
0.00036678297681,0.00143919825605,0.960522269522,8.02346463266e-05,6.22839127717e-05,0.0375292303085,1.25908365301e-10,1.25908365301e-10,1.25908365528e-10,0.0
0.000304427931919,0.00119960370044,0.971694723758,5.56362186943e-05,4.31142182247e-05,0.0267024939151,8.58389294487e-11,8.58389294486e-11,8.58389296037e-11,0.0
0.000283944187813,0.00113112799011,0.978258730097,4.1701861709e-05,3.22638137378e-05,0.0202522318609,6.30144277835e-11,6.30144277835e-11,6.30144278973e-11,0.0
0.000283257226858,0.00114611128642,0.982538717148,3.27564667141e-05,2.53063745548e-05,0.0159738513525,4.83752476481e-11,4.8375247648e-11,4.83752477354e-11,0.0
0.0002947012792,0.00121519348107,0.985519543925,2.65156508652e-05,2.0458600989e-05,0.0129235869485,3.82210906406e-11,3.82210906405e-11,3.82210907096e-11,0.0
0.000315408894173,0.00132868924774,0.987676148256,2.19119348063e-05,1.688696759e-05,0.0106409546074,3.08008785103e-11,3.08008785103e-11,3.0800878566e-11,0.0
0.000344438982743,0.00148511674613,0.989263988739,1.83804867225e-05,1.41504856312e-05,0.00887392448384,2.51779846973e-11,2.51779846973e-11,2.51779847428e-11,0.0
0.000381795752167,0.00168737624701,0.990431330009,1.55931674609e-05,1.19930482355e-05,0.00747191171405,2.0803223615e-11,2.0803223615e-11,2.08032236525e-11,0.0
0.000428051392614,0.00194138885507,0.991268231536,1.33453613555e-05,1.02550323106e-05,0.00633872777032,1.73314740791e-11,1.73314740791e-11,1.73314741104e-11,0.0
0.000484193383137,0.00225567226266,0.991830141438,1.15022733305e-05,8.83134252116e-06,0.00540965925707,1.45339370665e-11,1.45339370665e-11,1.45339370927e-11,0.0
0.000551567597602,0.00264134160396,0.992150129817,9.97114248235e-06,7.64970196427e-06,0.00463934009982,1.22523876765e-11,1.22523876765e-11,1.22523876987e-11,0.0
0.000631867650109,0.00311234355159,0.992245551615,8.68583458201e-06,6.65861520146e-06,0.00399489270285,1.03736233772e-11,1.03736233772e-11,1.03736233959e-11,0.0
0.000727149219187,0.00368584589197,0.992121754835,7.59780409232e-06,5.82030842861e-06,0.00345183191458,8.81437007416e-12,8.81437007415e-12,8.81437009007e-12,0.0
0.000839859075133,0.00438274843884,0.991774109617,6.67054052654e-06,5.10639222349e-06,0.00299150591337,7.51194256884e-12,7.51194256883e-12,7.5119425824e-12,0.0
0.000972872837695,0.00522829659979,0.991189023954,5.87602097669e-06,4.49509170063e-06,0.00259943547626,6.41823599253e-12,6.41823599252e-12,6.41823600411e-12,0.0
0.00112953678111,0.00625278005666,0.990344320399,5.19236918811e-06,3.96941916372e-06,0.00226420095791,5.49572988389e-12,5.49572988389e-12,5.49572989382e-12,0.0
0.00131370856453,0.00749228957453,0.9892092081,4.60226835936e-06,3.51593537223e-06,0.00197667554287,4.71475387096e-12,4.71475387096e-12,4.71475387948e-12,0.0
0.00152978993849,0.0089894840376,0.987744025728,4.0918612157e-06,3.12389118049e-06,0.00172948453097,4.05156980537e-12,4.05156980536e-12,4.05156981268e-12,0.0
0.00178274113916,0.0107942834912,0.985899924266,3.64997563084e-06,2.78462313232e-06,0.00151661649474,3.4869972848e-12,3.4869972848e-12,3.4869972911e-12,0.0
0.0020780614008,0.0129643453939,0.983618695201,3.2675754494e-06,2.49112452685e-06,0.00133313929553,3.00540996255e-12,3.00540996254e-12,3.00540996797e-12,0.0
0.00242171211998,0.0155650903813,0.98083303188,2.93737375357e-06,2.23774279521e-06,0.00117499049478,2.59399062164e-12,2.59399062164e-12,2.59399062632e-12,0.0
0.00281994787783,0.0186689075578,0.977467648911,2.65357009062e-06,2.01997291539e-06,0.00103882210326,2.24217054947e-12,2.24217054947e-12,2.24217055352e-12,0.0
0.00327900519652,0.0223529745379,0.973441887921,2.41168997905e-06,1.83432960114e-06,0.000921886318804,1.94120253932e-12,1.94120253931e-12,1.94120254282e-12,0.0
0.00380458038546,0.0266948718275,0.96867470775,2.2085176409e-06,1.67829069332e-06,0.000821953223866,1.68383203277e-12,1.68383203277e-12,1.68383203581e-12,0.0
0.0044010113315,0.0317648944644,0.963093247844,2.04212292498e-06,1.55031176581e-06,0.000737253921345,1.4640403319e-12,1.4640403319e-12,1.46404033454e-12,0.0
0.00507007994714,0.0376138230753,0.95664629183,1.9119905028e-06,1.44991722065e-06,0.000666443236503,1.27683886299e-12,1.27683886299e-12,1.2768388653e-12,0.0
0.00580941150884,0.0442553293003,0.949323487748,1.81926071307e-06,1.37787388221e-06,0.00060857430481,1.11809481573e-12,1.11809481573e-12,1.11809481775e-12,0.0
0.00661063654743,0.0516439952738,0.941179192214,1.76708099138e-06,1.33644488842e-06,0.000563072435935,9.84367107022e-13,9.84367107021e-13,9.84367108799e-13,0.0
0.00745787641302,0.059654178783,0.932355165189,1.76104014821e-06,1.32970127088e-06,0.000529688870916,8.72731269713e-13,8.72731269712e-13,8.72731271289e-13,0.0
0.00832764099938,0.0680713521856,0.923089419443,1.80962871208e-06,1.36384674649e-06,0.0005084138947,7.80582062151e-13,7.8058206215e-13,7.8058206356e-13,0.0
0.009191374197,0.0766109933844,0.91369491187,1.9246935869e-06,1.44753056986e-06,0.000499348321968,7.05434901804e-13,7.05434901803e-13,7.05434903078e-13,0.0
0.0100207840351,0.0849704676877,0.904502455819,2.12200589988e-06,1.59223686589e-06,0.000502578213569,6.44792199348e-13,6.44792199348e-13,6.44792200513e-13,0.0
0.010793852583,0.092894976369,0.895788803724,2.42228205144e-06,1.81300325876e-06,0.000518132036618,5.96145426833e-13,5.96145426833e-13,5.96145427909e-13,0.0
0.0114983054622,0.100222498076,0.887728151422,2.85305123957e-06,2.12975667336e-06,0.000546062229851,5.57106346181e-13,5.57106346181e-13,5.57106347187e-13,0.0
0.0121311745131,0.106888313685,0.880387885599,3.45155951461e-06,2.5693957842e-06,0.000586605245379,5.25568807049e-13,5.25568807048e-13,5.25568807998e-13,0.0
0.0126958845069,0.112900064497,0.873756277077,4.26873624208e-06,3.16862221404e-06,0.000640336558768,4.99803226414e-13,4.99803226413e-13,4.99803227316e-13,0.0
0.0131990705874,0.118306031055,0.867777268728,5.37436399272e-06,3.97760471567e-06,0.000708277658789,4.78461072605e-13,4.78461072604e-13,4.78461073468e-13,0.0
0.0136483097431,0.123170658363,0.862377139421,6.8638659144e-06,5.06475722656e-06,0.000791963848454,4.6052247683e-13,4.60522476829e-13,4.60522477661e-13,0.0
0.0140508780673,0.127560068265,0.857480162272,8.86738061715e-06,6.52308956595e-06,0.000893500924397,4.45226138916e-13,4.45226138916e-13,4.4522613972e-13,0.0
0.0144132191031,0.131535080044,0.853016025247,1.15620222505e-05,8.47873899064e-06,0.00101563484346,4.32004298632e-13,4.32004298631e-13,4.32004299412e-13,0.0
0.0147408019762,0.135148631335,0.84892242516,1.51884870055e-05,1.11024575111e-05,0.00116185058347,4.20430652583e-13,4.20430652582e-13,4.20430653342e-13,0.0
0.0150381584433,0.138445394639,0.845145235743,2.00735151578e-05,1.46250455681e-05,0.00133651261238,4.10181425305e-13,4.10181425305e-13,4.10181426046e-13,0.0
0.0153089847378,0.141462323432,0.841637613273,2.66601729704e-05,1.93579976783e-05,0.00154506038568,4.01007167562e-13,4.01007167562e-13,4.01007168286e-13,0.0
0.015556253478,0.144229480746,0.83835871898,3.55484887663e-05,2.57209554864e-05,0.00179427735093,3.92712533975e-13,3.92712533974e-13,3.92712534684e-13,0.0
0.0157823119559,0.146770844995,0.835272354296,4.75496511561e-05,3.42779254382e-05,0.00209266117514,3.85141741543e-13,3.85141741543e-13,3.85141742239e-13,0.0
0.0159889575883,0.149104957098,0.832345605163,6.37577034865e-05,4.57845531213e-05,0.00245093789278,3.78167980637e-13,3.78167980636e-13,3.78167981319e-13,0.0
0.0161774870189,0.151245346664,0.829547487177,8.56433087787e-05,6.1248922787e-05,0.00288278690731,3.71685528606e-13,3.71685528605e-13,3.71685529277e-13,0.0
0.0163487164763,0.153200697049,0.826847520052,0.000115174395789,8.20080958358e-05,0.00340588393067,3.65603662156e-13,3.65603662156e-13,3.65603662816e-13,0.0
0.0165029693711,0.154974699864,0.824214104211,0.000154967650005,0.000109821372035,0.00404343753175,3.59841688618e-13,3.59841688618e-13,3.59841689268e-13,0.0
0.0166400230705,0.156565514226,0.821612497096,0.000208471482359,0.000146977990388,0.00482651613421,3.54324534218e-13,3.54324534217e-13,3.54324534858e-13,0.0
0.0167589993905,0.157964676641,0.819002057468,0.000280172446091,0.00019640963115,0.00579768442291,3.48978340883e-13,3.48978340882e-13,3.48978341513e-13,0.0
0.0168581698016,0.159155178151,0.816332179686,0.000375797299108,0.000261782673346,0.00701689238746,3.43725403931e-13,3.4372540393e-13,3.43725404551e-13,0.0
0.0169346202784,0.160108175576,0.813535840976,0.00050244019351,0.000347514003043,0.00857140897244,3.3847744425e-13,3.3847744425e-13,3.38477444861e-13,0.0
0.0169836673289,0.160777292561,0.810518612878,0.000668454221181,0.000458592150242,0.0105933808599,3.33125431904e-13,3.33125431903e-13,3.33125432505e-13,0.0
0.0169978001275,0.161088353506,0.807138535874,0.000882756762776,0.000599962809363,0.0132925909188,3.27522422318e-13,3.27522422317e-13,3.27522422909e-13,0.0
0.0169646524651,0.160919816494,0.803166251736,0.00115279826971,0.000774996233187,0.0170214848011,3.21451744334e-13,3.21451744334e-13,3.21451744914e-13,0.0
0.0168628418089,0.160062876469,0.798199066749,0.00147961079201,0.000982091961067,0.0224135122192,3.14562721327e-13,3.14562721326e-13,3.14562721894e-13,0.0
0.0166528428157,0.158134580384,0.791459481608,0.00184676341589,0.00120771448315,0.030698617292,3.06230486322e-13,3.06230486322e-13,3.06230486875e-13,0.0
0.0162563998411,0.154383694892,0.781296078195,0.00219841886321,0.0014138638327,0.0444515443747,2.95238647197e-13,2.95238647197e-13,2.9523864773e-13,0.0
0.0155169977171,0.147324452354,0.76405361713,0.00241145965758,0.00152545171609,0.069168021425,2.79151693499e-13,2.79151693499e-13,2.79151694003e-13,0.0
0.0141903027392,0.134672593765,0.73313599536,0.00234037196531,0.0014646323029,0.114196103867,2.54020246738e-13,2.54020246738e-13,2.54020247197e-13,0.0
0.0121498355282,0.115284199184,0.684860939218,0.00202139613977,0.00126180048936,0.18442182944,2.17244308736e-13,2.17244308735e-13,2.17244309128e-13,0.0
0.00956864393,0.0907898029816,0.631563881383,0.00159247348232,0.000993900262929,0.26549129796,1.7107498988e-13,1.7107498988e-13,1.71074990189e-13,0.0
0.00690230558243,0.0654907393223,0.60593129716,0.00114872985669,0.00071694602033,0.319809982058,1.23403657648e-13,1.23403657647e-13,1.2340365787e-13,0.0
0.00467563441385,0.0443635288353,0.634853494829,0.000778151548672,0.000485660284663,0.314843530089,8.35937958002e-14,8.35937958001e-14,8.35937959511e-14,0.0
0.00302756012766,0.02872619001,0.705911697394,0.000503867140732,0.000314473696909,0.26151621163,5.41284619367e-14,5.41284619367e-14,5.41284620344e-14,0.0
0.00186513312171,0.0176966914763,0.788876934783,0.000310403977893,0.000193729092415,0.191057107549,3.33453614597e-14,3.33453614597e-14,3.33453615199e-14,0.0
0.00109263098561,0.0103657764578,0.861297091078,0.000181775533502,0.000113447092715,0.126949278853,1.95262378302e-14,1.95262378302e-14,1.95262378655e-14,0.0
0.000621671642369,0.00589008837921,0.913992967954,0.000102748349234,6.41116997457e-05,0.0793284119753,1.10285016694e-14,1.10285016694e-14,1.10285016893e-14,0.0
0.000377715155386,0.00356422623962,0.946530117524,5.94173186479e-05,3.70387419022e-05,0.0494314850202,6.34521396975e-15,6.34521396975e-15,6.34521398121e-15,0.0
0.000278625162452,0.00262711522973,0.96376614747,3.83148688955e-05,2.38438305504e-05,0.0332659534384,4.03783679421e-15,4.03783679421e-15,4.0378368015e-15,0.0
0.000242364774281,0.00230041568145,0.973097602785,2.74316945068e-05,1.70410008574e-05,0.0243151440634,2.83615549909e-15,2.83615549908e-15,2.83615550421e-15,0.0
0.000231974997816,0.00222958272816,0.97876142409,2.09544985785e-05,1.29963979024e-05,0.0187430672873,2.11882437953e-15,2.11882437952e-15,2.11882438335e-15,0.0
0.000234995451589,0.00229665403886,0.982503679469,1.66588893865e-05,1.03174259159e-05,0.0149376947252,1.64444059604e-15,1.64444059604e-15,1.64444059901e-15,0.0
0.000246907992149,0.0024610803521,0.985097621235,1.35978266747e-05,8.41084719972e-06,0.0121723817467,1.30880131775e-15,1.30880131775e-15,1.30880132011e-15,0.0
0.000266018095514,0.00271034623493,0.986929502414,1.13069284511e-05,6.98575038544e-06,0.0100758405762,1.06020234621e-15,1.06020234621e-15,1.06020234812e-15,0.0
0.000291845403403,0.00304460533882,0.988210411019,9.53156989168e-06,5.88266297102e-06,0.00843772400632,8.70004223599e-16,8.70004223598e-16,8.7000422517e-16,0.0
0.000324543925363,0.00347133052526,0.989061921369,8.11986809006e-06,5.00649905168e-06,0.00712907781304,7.20974652191e-16,7.2097465219e-16,7.20974653493e-16,0.0
0.000364670321735,0.00400338041201,0.989554775696,6.97519662477e-06,4.29679766891e-06,0.0060659015758,6.02070204882e-16,6.02070204882e-16,6.02070205969e-16,0.0
0.000413087597917,0.00465843152097,0.989727920743,6.03290425928e-06,3.71312959785e-06,0.00519081410422,5.05857346672e-16,5.05857346672e-16,5.05857347586e-16,0.0
0.000470927977401,0.00545904665481,0.989598448222,5.24795614211e-06,3.22735071942e-06,0.00446310183894,4.27133057688e-16,4.27133057687e-16,4.27133058459e-16,0.0
0.00053958386604,0.00643308464227,0.989166949855,4.58793978965e-06,2.81921854117e-06,0.00385297447804,3.62138495582e-16,3.62138495582e-16,3.62138496236e-16,0.0
0.000620712266379,0.0076143105116,0.988420397403,4.02889528914e-06,2.47377918962e-06,0.00333807714413,3.08086680081e-16,3.08086680081e-16,3.08086680637e-16,0.0
0.000716244120589,0.00904311489903,0.987333626753,3.55272061027e-06,2.17974171672e-06,0.00290128176519,2.62866185456e-16,2.62866185456e-16,2.6286618593e-16,0.0
0.000828391828618,0.0107672523139,0.985870043468,3.1454996853e-06,1.92843069152e-06,0.00252923845942,2.2484830955e-16,2.2484830955e-16,2.24848309956e-16,0.0
0.000959647634363,0.0128424754132,0.98398197032,2.79639516619e-06,1.71309252496e-06,0.0022113971443,1.92757602664e-16,1.92757602664e-16,1.92757603012e-16,0.0
0.00111276329452,0.0153328765887,0.981611004008,2.49690127545e-06,1.52842720554e-06,0.00193933078029,1.6558257924e-16,1.6558257924e-16,1.65582579539e-16,0.0
0.00129069744664,0.0183106407074,0.978688792522,2.24033650015e-06,1.37026996529e-06,0.00170625871725,1.42512708801e-16,1.42512708801e-16,1.42512709058e-16,0.0
0.00149651115524,0.0218547510988,0.975138773606,2.02150467687e-06,1.23537793656e-06,0.00150670725755,1.22893065344e-16,1.22893065344e-16,1.22893065566e-16,0.0
0.00173318417626,0.0260479638088,0.970879626656,1.83648294479e-06,1.12129554209e-06,0.00133626758072,1.06191124041e-16,1.06191124041e-16,1.06191124233e-16,0.0
0.00200331545534,0.0309710804377,0.965831470208,1.6825146416e-06,1.02628452626e-06,0.00119142510011,9.19720648288e-17,9.19720648288e-17,9.19720649949e-17,0.0
0.00230866510689,0.0366932789172,0.959926106373,1.55799862186e-06,9.49312776169e-07,0.00106944229133,7.98800641837e-17,7.98800641836e-17,7.98800643279e-17,0.0
0.00264950243235,0.0432572401989,0.953122624582,1.46257470919e-06,8.90101052949e-07,0.000968280110642,6.96236844737e-17,6.96236844736e-17,6.96236845994e-17,0.0
0.00302376947286,0.0506586093107,0.945428833657,1.39730603194e-06,8.49227256202e-07,0.000886541025863,6.0963745397e-17,6.0963745397e-17,6.09637455071e-17,0.0
0.00342619133026,0.0588219782176,0.936926227941,1.36494849699e-06,8.28281304706e-07,0.000823409280993,5.37021308168e-17,5.37021308167e-17,5.37021309138e-17,0.0
0.00384768920613,0.0675810220089,0.927790532935,1.37027493041e-06,8.30049839057e-07,0.000778555525118,4.76701809373e-17,4.76701809373e-17,4.76701810234e-17,0.0
0.00427569124205,0.0766771532896,0.918292897753,1.42040603979e-06,8.58700771018e-07,0.000751978608878,4.27163017273e-17,4.27163017273e-17,4.27163018044e-17,0.0
0.0046958581469,0.0857914990388,0.908766397586,1.52514583561e-06,9.1996552842e-07,0.00074380011684,3.86946862996e-17,3.86946862996e-17,3.86946863695e-17,0.0
0.00509497091298,0.0946088118911,0.899539398064,1.6974647908e-06,1.02140464249e-06,0.000754100262228,3.54593269717e-17,3.54593269716e-17,3.54593270357e-17,0.0
0.00546364460194,0.102884914362,0.890865404041,1.95442526517e-06,1.17293173394e-06,0.000782909637518,3.28663838187e-17,3.28663838186e-17,3.2866383878e-17,0.0
0.00579742185797,0.110481589958,0.882886900971,2.31881283878e-06,1.38774873512e-06,0.000830380651336,3.07826226007e-17,3.07826226007e-17,3.07826226563e-17,0.0
0.00609604591336,0.117358734969,0.875643674722,2.82155309738e-06,1.68373074422e-06,0.000897039111545,2.90936187958e-17,2.90936187957e-17,2.90936188483e-17,0.0
0.00636187619379,0.123542648608,0.869105883575,3.50492282295e-06,2.08525385401e-06,0.000984001446856,2.7707289016e-17,2.77072890159e-17,2.7707289066e-17,0.0
0.00659842808504,0.12909340058,0.863207997709,4.42670317511e-06,2.62553930452e-06,0.00109312138314,2.65527443679e-17,2.65527443679e-17,2.65527444159e-17,0.0
0.00680942503177,0.13408202878,0.857872435755,5.66562662396e-06,3.34970358476e-06,0.00122709510378,2.5576705082e-17,2.5576705082e-17,2.55767051282e-17,0.0
0.0069983171153,0.138577947339,0.853022518935,7.32863704496e-06,4.31879417036e-06,0.00138956917993,2.47394538247e-17,2.47394538247e-17,2.47394538694e-17,0.0
0.00716809515919,0.142643302081,0.848588140466,9.56063035951e-06,5.61516356768e-06,0.00158528649969,2.40113087179e-17,2.40113087178e-17,2.40113087612e-17,0.0
0.00732125700367,0.146331157634,0.844507381538,1.25575142474e-05,7.34961394566e-06,0.00182029669543,2.33698787936e-17,2.33698787936e-17,2.33698788358e-17,0.0
0.00745983866788,0.149685488268,0.840726161588,1.65836382443e-05,9.67083856612e-06,0.00210225699966,2.27980388901e-17,2.279803889e-17,2.27980389312e-17,0.0
0.00758546502165,0.152741855743,0.837197049109,2.19948930288e-05,1.27777853452e-05,0.0024408574477,2.22824674838e-17,2.22824674838e-17,2.22824675241e-17,0.0
0.0076993985959,0.155528213259,0.833877762198,2.92690270263e-05,1.69356456228e-05,0.00284842127407,2.18125937849e-17,2.18125937849e-17,2.18125938243e-17,0.0
0.00780257698992,0.158065564514,0.830729557042,3.90449026526e-05,2.24961724574e-05,0.00334076037914,2.1379830732e-17,2.13798307319e-17,2.13798307706e-17,0.0
0.00789563419138,0.16036833651,0.827715519617,5.21723489073e-05,2.99228482644e-05,0.00393841448472,2.09770014384e-17,2.09770014384e-17,2.09770014763e-17,0.0
0.00797890204776,0.162444360989,0.824798656196,6.97736218263e-05,3.98208388217e-05,0.00466848630668,2.05978900346e-17,2.05978900346e-17,2.05978900718e-17,0.0
0.00805238636534,0.164294332102,0.821939561854,9.33155710413e-05,5.29702799463e-05,0.00556743382718,2.02368621915e-17,2.02368621915e-17,2.0236862228e-17,0.0
0.00811570750463,0.165910516569,0.819093274773,0.000124687040938,7.03584563341e-05,0.00668545565636,1.98885054326e-17,1.98885054325e-17,1.98885054685e-17,0.0
0.00816798614356,0.167274302424,0.816204608937,0.000166265990778,9.3200323504e-05,0.00809363618047,1.95472324763e-17,1.95472324763e-17,1.95472325116e-17,0.0
0.00820763652177,0.168351789404,0.813200616983,0.000220939494615,0.000122924604777,0.00989609299134,1.92067653767e-17,1.92067653767e-17,1.92067654114e-17,0.0
0.00823199101062,0.169085821694,0.809977441731,0.000291994971161,0.000161078423973,0.012251672169,1.88593561991e-17,1.88593561991e-17,1.88593562332e-17,0.0
0.00823659429656,0.169381086354,0.806375585181,0.000382706515161,0.000209055194599,0.0154149724593,1.8494456028e-17,1.8494456028e-17,1.84944560614e-17,0.0
0.00821380355718,0.169074730753,0.802129620708,0.000495239917757,0.000267454966466,0.0198191500974,1.80962011524e-17,1.80962011524e-17,1.80962011851e-17,0.0
0.0081498324775,0.167874742408,0.796757297764,0.000628083704461,0.000334705402105,0.026255338244,1.76382375499e-17,1.76382375499e-17,1.76382375818e-17,0.0
0.0080181662094,0.165223885879,0.789296287461,0.000770472503748,0.000404305472392,0.0362868824746,1.70723362988e-17,1.70723362988e-17,1.70723363296e-17,0.0
0.0077651599344,0.160006078132,0.777668479115,0.000892097221951,0.000460283763226,0.0532079018331,1.63034929385e-17,1.63034929385e-17,1.63034929679e-17,0.0
0.00728873822109,0.150126558975,0.757507527821,0.000935719641672,0.000475469936721,0.083665985404,1.51513108165e-17,1.51513108165e-17,1.51513108438e-17,0.0
0.00646975378691,0.133195584124,0.723037370999,0.000860382705066,0.000433866433225,0.136003041952,1.33913558527e-17,1.33913558527e-17,1.33913558769e-17,0.0
0.00531901023401,0.109487392612,0.677244459392,0.000709683901026,0.00035745058241,0.206882003279,1.10013466698e-17,1.10013466698e-17,1.10013466897e-17,0.0
0.00399969203995,0.0823286645652,0.642524476034,0.000533704567321,0.000268797355313,0.270344665438,8.27209410134e-18,8.27209410133e-18,8.27209411627e-18,0.0
0.00277418611798,0.0571029993465,0.650915849726,0.000370177589783,0.000186437274254,0.288650349945,5.73748715292e-18,5.73748715292e-18,5.73748716328e-18,0.0
0.00181672455381,0.0373948337519,0.706758791174,0.000242416773716,0.00012209133898,0.253665142407,3.75727888452e-18,3.75727888452e-18,3.7572788913e-18,0.0
0.00112943590617,0.0232477028392,0.78353351142,0.000150704952099,7.59011789932e-05,0.191862743704,2.33580059465e-18,2.33580059464e-18,2.33580059886e-18,0.0
0.000666890373557,0.0137252712399,0.855260537958,8.89558239811e-05,4.48007111722e-05,0.130213543893,1.378654529e-18,1.37865452899e-18,1.37865453148e-18,0.0
0.00038096754588,0.00783149731299,0.909369057595,5.05319094254e-05,2.54439935377e-05,0.0823425016428,7.8257815436e-19,7.8257815436e-19,7.82578155773e-19,0.0
0.000229464373202,0.00469851611578,0.943636331846,2.9132108681e-05,1.46551599485e-05,0.0513919003969,4.49039279742e-19,4.49039279742e-19,4.49039280553e-19,0.0
0.000166466179712,0.00340388731048,0.962023170892,1.86111457652e-05,9.34668938057e-06,0.034378517783,2.83213999616e-19,2.83213999616e-19,2.83214000128e-19,0.0
