0.0 0.0,0.0 1.0,0.0 2.0,0.0 3.0,0.0 4.0,1.0 0.0,1.0 1.0,1.0 2.0,1.0 3.0,1.0 4.0,2.0 0.0,2.0 1.0,2.0 2.0,2.0 3.0,2.0 4.0,3.0 0.0,3.0 1.0,3.0 2.0,3.0 3.0,3.0 4.0,4.0 0.0,4.0 1.0,4.0 2.0,4.0 3.0,4.0 4.0,other
0.04,0.04,0.04,0.04,0.04,0.04,0.04,0.04,0.04,0.04,0.04,0.04,0.04,0.04,0.04,0.04,0.04,0.04,0.04,0.04,0.04,0.04,0.04,0.04,0.04,0.0
0.0386217948718,0.0386217948718,0.0386217948718,0.0386217948718,0.0386217948718,0.0386217948718,0.0386217948718,0.0386217948718,0.0386217948718,0.0386217948718,0.0386217948718,0.0386217948718,0.0386217948718,0.0386217948718,0.0386217948718,0.0386217948718,0.0386217948718,0.0386217948718,0.0386217948718,0.0386217948718,0.0386217948725,0.0386218098286,0.0386217948725,0.0386218109935,0.073076891997,0.0
0.0362753901071,0.0362753901071,0.0362753901071,0.0362753901071,0.0362753901071,0.0362753901071,0.0362753901071,0.0362753901071,0.0362753901071,0.0362753901071,0.0362753901071,0.0362753901071,0.0362753901071,0.0362753901071,0.0362753901071,0.0362753901071,0.0362753901071,0.0362753901071,0.0362753901071,0.0362753901071,0.0362753901093,0.0362754272317,0.0362753901081,0.0362754096403,0.129390580768,0.0
0.0325968028225,0.0325968028225,0.0325968028225,0.0325968028225,0.0325968028225,0.0325968028225,0.0325968028225,0.0325968028225,0.0325968028225,0.0325968028225,0.0325968028225,0.0325968028225,0.0325968028225,0.0325968028225,0.0325968028225,0.0325968028225,0.0325968028225,0.0325968028225,0.0325968028225,0.0325968028225,0.03259680283,0.0325968845612,0.0325968028234,0.0325968206327,0.217676632703,0.0
0.0275145437924,0.0275145437924,0.0275145437924,0.0275145437924,0.0275145437924,0.0275145437924,0.0275145437924,0.0275145437924,0.0275145437924,0.0275145437924,0.0275145437924,0.0275145437924,0.0275145437924,0.0275145437924,0.0275145437924,0.0275145437924,0.0275145437924,0.0275145437924,0.0275145437924,0.0275145437924,0.0275145438438,0.0275147675979,0.0275145437932,0.0275145584359,0.339650710481,0.0
0.0215951693335,0.0215951693335,0.0215951693335,0.0215951693335,0.0215951693335,0.0215951693335,0.0215951693335,0.0215951693335,0.0215951693335,0.0215951693335,0.0215951693335,0.0215951693335,0.0215951693335,0.0215951693335,0.0215951693335,0.0215951693335,0.0215951693335,0.0215951693335,0.0215951693335,0.0215951693335,0.021595170168,0.0215961096379,0.0215951693341,0.0215951802646,0.481714983925,0.0
0.0159304002367,0.0159304002377,0.0159304002367,0.0159304002367,0.0159304028552,0.0159304002367,0.0159304002367,0.0159304002367,0.0159304002367,0.0159304002367,0.0159304002367,0.0159304002367,0.0159304002367,0.0159304002367,0.0159304002367,0.0159304002367,0.0159304002367,0.0159304002367,0.0159304002367,0.0159304002367,0.0159304224824,0.0159358299551,0.0159304002371,0.0159304076149,0.617664932356,0.0
0.0144865807385,0.0145150003444,0.0144860410202,0.0144860410202,0.0243871470549,0.0144860410202,0.0144860410202,0.0144860410202,0.0144860410202,0.0144860410202,0.0144860410202,0.0144860410202,0.0144860410202,0.0144860410202,0.0144860410202,0.0144860410202,0.0144860410202,0.0144860410202,0.0144860410202,0.0144860410202,0.0144862011998,0.0144983542238,0.0144860410205,0.0144860474924,0.642391930583,0.0
0.0142205722545,0.0142957550873,0.014218743999,0.014218743999,0.0449825791249,0.014218743999,0.014218743999,0.014218743999,0.014218743999,0.014218743999,0.014218743999,0.014218743999,0.014218743999,0.014218743999,0.014218743999,0.014218743999,0.014218743999,0.014218743999,0.014218743999,0.014218743999,0.0142189047936,0.0142309165568,0.0142187439993,0.0142187503036,0.627895129898,0.0
0.0137804521184,0.0138825642691,0.0137778192335,0.0137778192335,0.0815562855801,0.0137778192335,0.0137778192335,0.0137778192335,0.0137778192335,0.0137778192335,0.0137778192335,0.0137778192335,0.0137778192335,0.0137778192335,0.0137778192335,0.0137778192335,0.0137778192335,0.0137778192335,0.0137778192335,0.0137778192335,0.0137779744599,0.0137895098332,0.0137778192338,0.0137778252616,0.601434642275,0.0
0.0130546800057,0.0131624038768,0.0130518099498,0.0130518099498,0.143138007096,0.0130518099498,0.0130518099498,0.0130518099498,0.0130518099498,0.0130518099498,0.0130518099498,0.0130518099498,0.0130518099498,0.0130518099498,0.0130518099498,0.0130518099498,0.0130518099498,0.0130518099498,0.0130518099498,0.0130518099498,0.0130519536505,0.0130626237261,0.0130518099501,0.0130518155226,0.556545937025,0.0
0.0119420551458,0.012039611038,0.0119394134551,0.0119394134551,0.237868226324,0.0119394134551,0.0119394134551,0.0119394134551,0.0119394134551,0.0119394134551,0.0119394134551,0.0119394134551,0.0119394134551,0.0119394134551,0.0119394134551,0.0119394134551,0.0119394134551,0.0119394134551,0.0119394134551,0.0119394134551,0.0119395391718,0.0119488735582,0.0119394134553,0.0119394183301,0.487412834241,0.0
0.0104480143049,0.0105272128638,0.0104458597267,0.0104458597267,0.365097458948,0.0104458597267,0.0104458597267,0.0104458597267,0.0104458597267,0.0104458597267,0.0104458597267,0.0104458597267,0.0104458597267,0.0104458597267,0.0104458597267,0.0104458597267,0.0104458597267,0.0104458597267,0.0104458597267,0.0104458597267,0.0104459612866,0.0104535020469,0.0104458597269,0.010445863665,0.394556511803,0.0
0.00876806400427,0.00882610231773,0.00876648398165,0.00876648398247,0.508157586298,0.00876648398159,0.00876648398159,0.00876648398159,0.00876648398159,0.00876648398159,0.00876648398159,0.00876648398159,0.00876648398159,0.00876648398159,0.00876648398159,0.00876648398159,0.00876648398159,0.00876648398159,0.00876648398159,0.00876648398159,0.00876655837924,0.00877208235651,0.00876648398174,0.00876648686658,0.290146408108,0.0
0.00721767266977,0.00725615640111,0.00721662494166,0.00721662512744,0.640184679735,0.00721662491831,0.00721662491831,0.00721662491831,0.00721662491831,0.00721662491831,0.00721662491831,0.00721662491831,0.00721662491831,0.00721662491831,0.00721662491831,0.00721662491831,0.00721662491831,0.00721662491831,0.00721662491831,0.00721662491831,0.00721667424847,0.00722033698091,0.00721662491841,0.00721662683124,0.193788604371,0.0
0.00602683345352,0.0060502966232,0.00602619987887,0.00602622649082,0.741593251549,0.00602619464306,0.00602619464306,0.00602619464306,0.00602619464306,0.00602619464306,0.00602619464306,0.00602619464306,0.00602619464306,0.00602619464306,0.00602619464306,0.00602619464306,0.00602619464306,0.00602619464306,0.00602619464306,0.00602619464306,0.00602622471914,0.0060284578492,0.00602619464312,0.00602619580935,0.119777199338,0.0
0.00523501049622,0.00524848602909,0.00523497136107,0.00523612687398,0.809020953121,0.00523464360925,0.00523464360925,0.00523464360925,0.00523464360925,0.00523464360925,0.00523464360925,0.00523464360925,0.00523464360925,0.00523464360925,0.00523464360925,0.00523464360925,0.00523464360925,0.00523464360925,0.00523464360925,0.00523464360925,0.00523466088275,0.00523594342942,0.00523464360928,0.00523464427908,0.0705649057793,0.0
0.00475958394684,0.00476706269736,0.00476450621443,0.00477850631688,0.849484535717,0.00475938032898,0.00475938032898,0.00475938032898,0.00475938032898,0.00475938032898,0.00475938032898,0.00475938032898,0.00475938032898,0.00475938032898,0.00475938032898,0.00475938032898,0.00475938032898,0.00475938032898,0.00475938032898,0.00475938032898,0.00475938991556,0.0047601017127,0.004759380329,0.00475938070073,0.0410168475149,0.0
0.00449396827755,0.00449809669025,0.00452138135354,0.00458581710518,0.87200840414,0.00449385587653,0.00449385587653,0.00449385587653,0.00449385587653,0.00449385587653,0.00449385587653,0.00449385587653,0.00449385587653,0.00449385587653,0.00449385587653,0.00449385587653,0.00449385587653,0.00449385587653,0.00449385587653,0.00449385587653,0.0044938611685,0.00449425409405,0.00449385587654,0.00449385608174,0.024508667065,0.0
0.00435053777933,0.00435285703427,0.00442511985612,0.00458674401661,0.884031124817,0.00435047463476,0.00435047463476,0.00435047463476,0.00435047463476,0.00435047463476,0.00435047463476,0.00435047463476,0.00435047463476,0.00435047463476,0.00435047463476,0.00435047463476,0.00435047463476,0.00435047463476,0.00435047463476,0.00435047463476,0.00435047760767,0.00435069834493,0.00435047463476,0.00435047475004,0.015594371638,0.0
0.00427232294875,0.00427365564243,0.0044090315647,0.00469670141035,0.890441440625,0.00427228666448,0.00427228666448,0.00427228666448,0.00427228666448,0.00427228666448,0.00427228666448,0.00427228666448,0.00427228666448,0.00427228666448,0.00427228666448,0.00427228666448,0.00427228666448,0.00427228666448,0.00427228666448,0.00427228666448,0.00427228837278,0.00427241521314,0.00427228666448,0.00427228673072,0.0107332708602,0.0
0.00422846990649,0.00422924946065,0.0044291038807,0.00485072873639,0.893914070045,0.00422844868211,0.00422844868211,0.00422844868211,0.00422844868211,0.00422844868211,0.00422844868211,0.00422844868211,0.00422844868211,0.00422844868211,0.00422844868211,0.00422844868211,0.00422844868211,0.00422844868211,0.00422844868211,0.00422844868211,0.00422844968137,0.00422852387615,0.00422844868211,0.00422844872085,0.00800777677907,0.0
0.00420325246992,0.00420371394442,0.00446141751528,0.00501098934552,0.895818526111,0.00420323990564,0.00420323990564,0.00420323990564,0.00420323990564,0.00420323990564,0.00420323990564,0.00420323990564,0.00420323990564,0.00420323990564,0.00420323990564,0.00420323990564,0.00420323990564,0.00420323990564,0.00420323990564,0.00420323990564,0.00420324049718,0.00420328441843,0.00420323990564,0.00420323992858,0.00644049727997,0.0
0.00418848858086,0.00418876383132,0.00449445631821,0.00515848002959,0.89686573136,0.00418848108676,0.00418848108676,0.00418848108676,0.00418848108676,0.00418848108676,0.00418848108676,0.00418848108676,0.00418848108676,0.00418848108676,0.00418848108676,0.00418848108676,0.00418848108676,0.00418848108676,0.00418848108676,0.00418848108676,0.00418848143959,0.00418850763679,0.00418848108676,0.00418848110044,0.00552291231552,0.0
0.00417974342594,0.00417990836954,0.00452340155063,0.00528528145155,0.897437213854,0.00417973893507,0.00417973893507,0.00417973893507,0.00417973893507,0.00417973893507,0.00417973893507,0.00417973893507,0.00417973893507,0.00417973893507,0.00417973893507,0.00417973893507,0.00417973893507,0.00417973893507,0.00417973893507,0.00417973893507,0.0041797391465,0.00417975484515,0.00417973893507,0.00417973894327,0.00497939545205,0.0
0.00417452533911,0.00417462446447,0.00454681902338,0.00538960972583,0.897743393507,0.00417452264022,0.00417452264022,0.00417452264022,0.00417452264022,0.00417452264022,0.00417452264022,0.00417452264022,0.00417452264022,0.00417452264022,0.00417452264022,0.00417452264022,0.00417452264022,0.00417452264022,0.00417452264022,0.00417452264022,0.00417452276729,0.00417453220162,0.00417452264022,0.00417452264515,0.0046550880828,0.0
0.00417139770238,0.00417145737735,0.00456485501049,0.00547283652254,0.897902218579,0.00417139607758,0.00417139607758,0.00417139607758,0.00417139607758,0.00417139607758,0.00417139607758,0.00417139607758,0.00417139607758,0.00417139607758,0.00417139607758,0.00417139607758,0.00417139607758,0.00417139607758,0.00417139607758,0.00417139607758,0.00417139615408,0.00417140183369,0.00417139607759,0.00417139608055,0.00446070349882,0.0
0.00416951785179,0.0041695538153,0.00457828690126,0.005537729027,0.897980218704,0.00416951687256,0.00416951687256,0.00416951687256,0.00416951687256,0.00416951687256,0.00416951687256,0.00416951687256,0.00416951687256,0.00416951687256,0.00416951687256,0.00416951687256,0.00416951687256,0.00416951687256,0.00416951687256,0.00416951687256,0.00416951691866,0.00416952034151,0.00416951687256,0.00416951687435,0.00434386960532,0.0
0.00416838606465,0.00416840775238,0.00458804801537,0.00558745003467,0.898014853679,0.0041683854741,0.0041683854741,0.0041683854741,0.0041683854741,0.0041683854741,0.0041683854741,0.0041683854741,0.0041683854741,0.0041683854741,0.0041683854741,0.0041683854741,0.0041683854741,0.0041683854741,0.0041683854741,0.0041683854741,0.0041683855019,0.00416838756604,0.0041683854741,0.00416838547518,0.00427352832498,0.0
0.00416770395476,0.00416771703871,0.00459501074773,0.00562503108419,0.898027032757,0.00416770359846,0.00416770359846,0.00416770359846,0.00416770359846,0.00416770359846,0.00416770359846,0.00416770359846,0.00416770359846,0.00416770359846,0.00416770359846,0.00416770359846,0.00416770359846,0.00416770359846,0.00416770359846,0.00416770359846,0.00416770361523,0.00416770486049,0.00416770359846,0.00416770359911,0.0042311347673,0.0
0.00416729259911,0.00416730049444,0.0045999054864,0.00565313177859,0.898028244816,0.00416729238408,0.00416729238408,0.00416729238408,0.00416729238408,0.00416729238408,0.00416729238408,0.00416729238408,0.00416729238408,0.00416729238408,0.00416729238408,0.00416729238408,0.00416729238408,0.00416729238408,0.00416729238408,0.00416729238408,0.0041672923942,0.00416729314563,0.00416729238408,0.00416729238447,0.00420556875595,0.0
0.00416704443006,0.0041670491951,0.00460330648859,0.00567396337406,0.898024649448,0.00416704430025,0.00416704430025,0.00416704430025,0.00416704430025,0.00416704430025,0.00416704430025,0.00416704430025,0.00416704430025,0.00416704430025,0.00416704430025,0.00416704430025,0.00416704430025,0.00416704430025,0.00416704430025,0.00416704430025,0.00416704430636,0.00416704475986,0.00416704430025,0.00416704430049,0.00419014489353,0.0
0.00416689467553,0.00416689755165,0.00460564719612,0.00568929932211,0.898019426071,0.00416689459715,0.00416689459715,0.00416689459715,0.00416689459715,0.00416689459715,0.00416689459715,0.00416689459715,0.00416689459715,0.00416689459715,0.00416689459715,0.00416689459715,0.00416689459715,0.00416689459715,0.00416689459715,0.00416689459715,0.00416689460084,0.00416689487457,0.00416689459715,0.0041668945973,0.00418083755599,0.0
0.00416680429501,0.00416680603112,0.00460724551777,0.00570052595538,0.898014116975,0.00416680424767,0.00416680424767,0.00416680424767,0.00416680424767,0.00416680424767,0.00416680424767,0.00416680424767,0.00416680424767,0.00416680424767,0.00416680424767,0.00416680424767,0.00416680424767,0.00416680424767,0.00416680424767,0.00416680424767,0.0041668042499,0.00416680441512,0.00416680424767,0.00416680424776,0.00417522034987,0.0
0.00416674974333,0.00416675079135,0.00460832973133,0.00570870662842,0.898009388495,0.00416674971472,0.00416674971472,0.00416674971472,0.00416674971472,0.00416674971472,0.00416674971472,0.00416674971472,0.00416674971472,0.00416674971472,0.00416674971472,0.00416674971472,0.00416674971472,0.00416674971472,0.00416674971472,0.00416674971472,0.00416674971607,0.0041667498158,0.00416674971472,0.00416674971477,0.0041718299286,0.0
0.00416671681535,0.00416671744803,0.00460906110828,0.00571464528495,0.898005456685,0.00416671679805,0.00416671679805,0.00416671679805,0.00416671679805,0.00416671679805,0.00416671679805,0.00416671679805,0.00416671679805,0.00416671679805,0.00416671679805,0.00416671679805,0.00416671679805,0.00416671679805,0.00416671679805,0.00416671679805,0.00416671679886,0.00416671685907,0.00416671679805,0.00416671679808,0.00416978343403,0.0
0.004166696939,0.00416669732098,0.00460955212933,0.00571894298218,0.898002320843,0.00416669692853,0.00416669692853,0.00416669692853,0.00416669692853,0.00416669692853,0.00416669692853,0.00416669692853,0.00416669692853,0.00416669692853,0.00416669692853,0.00416669692853,0.00416669692853,0.00416669692853,0.00416669692853,0.00416669692853,0.00416669692902,0.00416669696536,0.00416669692853,0.00416669692855,0.00416854810655,0.0
0.00416668494077,0.00416668517141,0.00460988043853,0.00572204515186,0.897999888112,0.00416668493442,0.00416668493442,0.00416668493442,0.00416668493442,0.00416668493442,0.00416668493442,0.00416668493442,0.00416668493442,0.00416668493442,0.00416668493442,0.00416668493442,0.00416668493442,0.00416668493442,0.00416668493442,0.00416668493442,0.00416668493472,0.00416668495666,0.00416668493442,0.00416668493443,0.00416780240914,0.0
0.00416667769803,0.00416667783731,0.00461009918031,0.00572427958615,0.897998037228,0.00416667769416,0.00416667769416,0.00416667769416,0.00416667769416,0.00416667769416,0.00416667769416,0.00416667769416,0.00416667769416,0.00416667769416,0.00416667769416,0.00416667769416,0.00416667769416,0.00416667769416,0.00416667769416,0.00416667769416,0.00416667769434,0.00416667770758,0.00416667769416,0.00416667769417,0.00416735226794,0.0
0.0041666733259,0.00416667341003,0.00461024447467,0.00572588614817,0.897996648948,0.00416667332354,0.00416667332354,0.00416667332354,0.00416667332354,0.00416667332354,0.00416667332354,0.00416667332354,0.00416667332354,0.00416667332354,0.00416667332354,0.00416667332354,0.00416667332354,0.00416667332354,0.00416667332354,0.00416667332354,0.00416667332364,0.00416667333164,0.00416667332354,0.00416667332354,0.00416708053745,0.0
0.00416667068662,0.00416667073746,0.00461034072581,0.00572703955649,0.897995618766,0.00416667068517,0.00416667068517,0.00416667068517,0.00416667068517,0.00416667068517,0.00416667068517,0.00416667068517,0.00416667068517,0.00416667068517,0.00416667068517,0.00416667068517,0.00416667068517,0.00416667068517,0.00416667068517,0.00416667068517,0.00416667068523,0.00416667069006,0.00416667068517,0.00416667068517,0.00416691650484,0.0
0.0041666690934,0.00416666912414,0.00461040433948,0.0057278666027,0.897994860595,0.00416666909249,0.00416666909249,0.00416666909249,0.00416666909249,0.00416666909249,0.00416666909249,0.00416666909249,0.00416666909249,0.00416666909249,0.00416666909249,0.00416666909249,0.00416666909249,0.00416666909249,0.00416666909249,0.00416666909249,0.00416666909253,0.00416666909544,0.00416666909249,0.00416666909249,0.00416681748474,0.0
0.00416666813162,0.00416666815024,0.00461044629701,0.00572845901612,0.897994306203,0.00416666813105,0.00416666813105,0.00416666813105,0.00416666813105,0.00416666813105,0.00416666813105,0.00416666813105,0.00416666813105,0.00416666813105,0.00416666813105,0.00416666813105,0.00416666813105,0.00416666813105,0.00416666813105,0.00416666813105,0.00416666813107,0.00416666813283,0.00416666813105,0.00416666813105,0.00416675771004,0.0
0.00416666755104,0.00416666756233,0.00461047392162,0.00572888299175,0.897993902883,0.00416666755066,0.00416666755066,0.00416666755066,0.00416666755066,0.00416666755066,0.00416666755066,0.00416666755066,0.00416666755066,0.00416666755066,0.00416666755066,0.00416666755066,0.00416666755066,0.00416666755066,0.00416666755066,0.00416666755066,0.00416666755067,0.00416666755174,0.00416666755066,0.00416666755066,0.00416672162626,0.0
0.00416666720056,0.00416666720743,0.00461049208129,0.00572918619803,0.897993610663,0.0041666672003,0.0041666672003,0.0041666672003,0.0041666672003,0.0041666672003,0.0041666672003,0.0041666672003,0.0041666672003,0.0041666672003,0.0041666672003,0.0041666672003,0.0041666672003,0.0041666672003,0.0041666672003,0.0041666672003,0.00416666720031,0.00416666720095,0.0041666672003,0.0041666672003,0.0041666998438,0.0
0.00416666698899,0.00416666699319,0.00461050400286,0.00572940290216,0.897993399631,0.0041666669888,0.0041666669888,0.0041666669888,0.0041666669888,0.0041666669888,0.0041666669888,0.0041666669888,0.0041666669888,0.0041666669888,0.0041666669888,0.0041666669888,0.0041666669888,0.0041666669888,0.0041666669888,0.0041666669888,0.00416666698881,0.00416666698919,0.0041666669888,0.0041666669888,0.00416668669451,0.0
0.00416666686127,0.00416666686386,0.00461051182009,0.00572955770185,0.897993247634,0.00416666686113,0.00416666686113,0.00416666686113,0.00416666686113,0.00416666686113,0.00416666686113,0.00416666686113,0.00416666686113,0.00416666686113,0.00416666686113,0.00416666686113,0.00416666686113,0.00416666686113,0.00416666686113,0.00416666686113,0.00416666686113,0.00416666686137,0.00416666686113,0.00416666686113,0.00416667875676,0.0
0.00416666678417,0.00416666678579,0.0046105169409,0.00572966823238,0.897993138395,0.00416666678406,0.00416666678406,0.00416666678406,0.00416666678406,0.00416666678406,0.00416666678406,0.00416666678406,0.00416666678406,0.00416666678406,0.00416666678406,0.00416666678406,0.00416666678406,0.00416666678406,0.00416666678406,0.00416666678406,0.00416666678406,0.0041666667842,0.00416666678406,0.00416666678406,0.00416667396503,0.0
0.00416666673763,0.00416666673866,0.00461052029255,0.00572974712444,0.897993060021,0.00416666673753,0.00416666673753,0.00416666673753,0.00416666673753,0.00416666673753,0.00416666673753,0.00416666673753,0.00416666673753,0.00416666673753,0.00416666673753,0.00416666673753,0.00416666673753,0.00416666673753,0.00416666673753,0.00416666673753,0.00416666673753,0.00416666673762,0.00416666673753,0.00416666673753,0.00416667107243,0.0
0.00416666670953,0.00416666671021,0.00461052248472,0.00572980341666,0.897993003873,0.00416666670944,0.00416666670944,0.00416666670944,0.00416666670944,0.00416666670944,0.00416666670944,0.00416666670944,0.00416666670944,0.00416666670944,0.00416666670944,0.00416666670944,0.00416666670944,0.00416666670944,0.00416666670944,0.00416666670944,0.00416666670945,0.0041666667095,0.00416666670944,0.00416666670944,0.00416666932627,0.0
0.00416666669257,0.00416666669304,0.00461052391771,0.00572984357246,0.897992963695,0.00416666669249,0.00416666669249,0.00416666669249,0.00416666669249,0.00416666669249,0.00416666669249,0.00416666669249,0.00416666669249,0.00416666669249,0.00416666669249,0.00416666669249,0.00416666669249,0.00416666669249,0.00416666669249,0.00416666669249,0.00416666669249,0.00416666669252,0.00416666669249,0.00416666669249,0.00416666827217,0.0
0.00416666668234,0.00416666668267,0.00461052485404,0.00572987221101,0.897992934971,0.00416666668226,0.00416666668226,0.00416666668226,0.00416666668226,0.00416666668226,0.00416666668226,0.00416666668226,0.00416666668226,0.00416666668226,0.00416666668226,0.00416666668226,0.00416666668226,0.00416666668226,0.00416666668226,0.00416666668226,0.00416666668226,0.00416666668227,0.00416666668226,0.00416666668226,0.00416666763585,0.0
0.00416666667616,0.00416666667641,0.00461052546566,0.00572989263174,0.897992914453,0.00416666667608,0.00416666667608,0.00416666667608,0.00416666667608,0.00416666667608,0.00416666667608,0.00416666667608,0.00416666667608,0.00416666667608,0.00416666667608,0.00416666667608,0.00416666667608,0.00416666667608,0.00416666667608,0.00416666667608,0.00416666667608,0.00416666667609,0.00416666667608,0.00416666667608,0.00416666725173,0.0
0.00416666667242,0.00416666667263,0.00461052586509,0.00572990719041,0.897992899805,0.00416666667235,0.00416666667235,0.00416666667235,0.00416666667235,0.00416666667235,0.00416666667235,0.00416666667235,0.00416666667235,0.00416666667235,0.00416666667235,0.00416666667235,0.00416666667235,0.00416666667235,0.00416666667235,0.00416666667235,0.00416666667235,0.00416666667235,0.00416666667235,0.00416666667235,0.00416666701985,0.0
0.00416666667017,0.00416666667035,0.00461052612594,0.0057299175684,0.897992889353,0.0041666666701,0.0041666666701,0.0041666666701,0.0041666666701,0.0041666666701,0.0041666666701,0.0041666666701,0.0041666666701,0.0041666666701,0.0041666666701,0.0041666666701,0.0041666666701,0.0041666666701,0.0041666666701,0.0041666666701,0.0041666666701,0.0041666666701,0.0041666666701,0.0041666666701,0.00416666687987,0.0
0.00416666666881,0.00416666666898,0.00461052629628,0.00572992496538,0.897992881899,0.00416666666874,0.00416666666874,0.00416666666874,0.00416666666874,0.00416666666874,0.00416666666874,0.00416666666874,0.00416666666874,0.00416666666874,0.00416666666874,0.00416666666874,0.00416666666874,0.00416666666874,0.00416666666874,0.00416666666874,0.00416666666874,0.00416666666874,0.00416666666874,0.00416666666874,0.00416666679537,0.0
0.00416666666799,0.00416666666814,0.00461052640755,0.00572993023712,0.897992876584,0.00416666666792,0.00416666666792,0.00416666666792,0.00416666666792,0.00416666666792,0.00416666666792,0.00416666666792,0.00416666666792,0.00416666666792,0.00416666666792,0.00416666666792,0.00416666666792,0.00416666666792,0.00416666666792,0.00416666666792,0.00416666666792,0.00416666666792,0.00416666666792,0.00416666666792,0.00416666674436,0.0
0.0041666666675,0.00416666666764,0.00461052648025,0.0057299339939,0.897992872796,0.00416666666742,0.00416666666742,0.00416666666742,0.00416666666742,0.00416666666742,0.00416666666742,0.00416666666742,0.00416666666742,0.00416666666742,0.00416666666742,0.00416666666742,0.00416666666742,0.00416666666742,0.00416666666742,0.00416666666742,0.00416666666742,0.00416666666742,0.00416666666742,0.00416666666742,0.00416666671357,0.0
0.0041666666672,0.00416666666734,0.00461052652776,0.00572993667091,0.897992870096,0.00416666666712,0.00416666666712,0.00416666666712,0.00416666666712,0.00416666666712,0.00416666666712,0.00416666666712,0.00416666666712,0.00416666666712,0.00416666666712,0.00416666666712,0.00416666666712,0.00416666666712,0.00416666666712,0.00416666666712,0.00416666666712,0.00416666666712,0.00416666666712,0.00416666666712,0.00416666669498,0.0
0.00416666666702,0.00416666666716,0.00461052655883,0.00572993857837,0.897992868173,0.00416666666694,0.00416666666694,0.00416666666694,0.00416666666694,0.00416666666694,0.00416666666694,0.00416666666694,0.00416666666694,0.00416666666694,0.00416666666694,0.00416666666694,0.00416666666694,0.00416666666694,0.00416666666694,0.00416666666694,0.00416666666694,0.00416666666694,0.00416666666694,0.00416666666694,0.00416666668376,0.0
0.00416666666691,0.00416666666705,0.00461052657916,0.00572993993743,0.897992866803,0.00416666666683,0.00416666666683,0.00416666666683,0.00416666666683,0.00416666666683,0.00416666666683,0.00416666666683,0.00416666666683,0.00416666666683,0.00416666666683,0.00416666666683,0.00416666666683,0.00416666666683,0.00416666666683,0.00416666666683,0.00416666666683,0.00416666666683,0.00416666666683,0.00416666666683,0.00416666667698,0.0
0.00416666666684,0.00416666666698,0.00461052659248,0.00572994090572,0.897992865827,0.00416666666677,0.00416666666677,0.00416666666677,0.00416666666677,0.00416666666677,0.00416666666677,0.00416666666677,0.00416666666677,0.00416666666677,0.00416666666677,0.00416666666677,0.00416666666677,0.00416666666677,0.00416666666677,0.00416666666677,0.00416666666677,0.00416666666677,0.00416666666677,0.00416666666677,0.00416666667289,0.0
0.0041666666668,0.00416666666694,0.00461052660121,0.00572994159558,0.897992865131,0.00416666666673,0.00416666666673,0.00416666666673,0.00416666666673,0.00416666666673,0.00416666666673,0.00416666666673,0.00416666666673,0.00416666666673,0.00416666666673,0.00416666666673,0.00416666666673,0.00416666666673,0.00416666666673,0.00416666666673,0.00416666666673,0.00416666666673,0.00416666666673,0.00416666666673,0.00416666667043,0.0
0.00416666666678,0.00416666666692,0.00461052660693,0.00572994208704,0.897992864636,0.0041666666667,0.0041666666667,0.0041666666667,0.0041666666667,0.0041666666667,0.0041666666667,0.0041666666667,0.0041666666667,0.0041666666667,0.0041666666667,0.0041666666667,0.0041666666667,0.0041666666667,0.0041666666667,0.0041666666667,0.0041666666667,0.0041666666667,0.0041666666667,0.0041666666667,0.00416666666894,0.0
0.00416666666676,0.0041666666669,0.00461052661069,0.00572994243716,0.897992864283,0.00416666666669,0.00416666666669,0.00416666666669,0.00416666666669,0.00416666666669,0.00416666666669,0.00416666666669,0.00416666666669,0.00416666666669,0.00416666666669,0.00416666666669,0.00416666666669,0.00416666666669,0.00416666666669,0.00416666666669,0.00416666666669,0.00416666666669,0.00416666666669,0.00416666666669,0.00416666666804,0.0
0.00416666666675,0.00416666666689,0.00461052661316,0.00572994268658,0.897992864032,0.00416666666668,0.00416666666668,0.00416666666668,0.00416666666668,0.00416666666668,0.00416666666668,0.00416666666668,0.00416666666668,0.00416666666668,0.00416666666668,0.00416666666668,0.00416666666668,0.00416666666668,0.00416666666668,0.00416666666668,0.00416666666668,0.00416666666668,0.00416666666668,0.00416666666668,0.00416666666749,0.0
0.00416666666675,0.00416666666689,0.00461052661479,0.00572994286427,0.897992863853,0.00416666666667,0.00416666666667,0.00416666666667,0.00416666666667,0.00416666666667,0.00416666666667,0.00416666666667,0.00416666666667,0.00416666666667,0.00416666666667,0.00416666666667,0.00416666666667,0.00416666666667,0.00416666666667,0.00416666666667,0.00416666666667,0.00416666666667,0.00416666666667,0.00416666666667,0.00416666666717,0.0
0.00416666666675,0.00416666666688,0.00461052661587,0.00572994299084,0.897992863726,0.00416666666667,0.00416666666667,0.00416666666667,0.00416666666667,0.00416666666667,0.00416666666667,0.00416666666667,0.00416666666667,0.00416666666667,0.00416666666667,0.00416666666667,0.00416666666667,0.00416666666667,0.00416666666667,0.00416666666667,0.00416666666667,0.00416666666667,0.00416666666667,0.00416666666667,0.00416666666697,0.0
0.00416666666674,0.00416666666688,0.00461052661658,0.005729943081,0.897992863635,0.00416666666667,0.00416666666667,0.00416666666667,0.00416666666667,0.00416666666667,0.00416666666667,0.00416666666667,0.00416666666667,0.00416666666667,0.00416666666667,0.00416666666667,0.00416666666667,0.00416666666667,0.00416666666667,0.00416666666667,0.00416666666667,0.00416666666667,0.00416666666667,0.00416666666667,0.00416666666685,0.0
0.00416666666674,0.00416666666688,0.00461052661705,0.00572994314523,0.897992863571,0.00416666666667,0.00416666666667,0.00416666666667,0.00416666666667,0.00416666666667,0.00416666666667,0.00416666666667,0.00416666666667,0.00416666666667,0.00416666666667,0.00416666666667,0.00416666666667,0.00416666666667,0.00416666666667,0.00416666666667,0.00416666666667,0.00416666666667,0.00416666666667,0.00416666666667,0.00416666666678,0.0
0.00416666666674,0.00416666666688,0.00461052661736,0.00572994319098,0.897992863525,0.00416666666667,0.00416666666667,0.00416666666667,0.00416666666667,0.00416666666667,0.00416666666667,0.00416666666667,0.00416666666667,0.00416666666667,0.00416666666667,0.00416666666667,0.00416666666667,0.00416666666667,0.00416666666667,0.00416666666667,0.00416666666667,0.00416666666667,0.00416666666667,0.00416666666667,0.00416666666673,0.0
0.00416666666674,0.00416666666688,0.00461052661756,0.00572994322357,0.897992863492,0.00416666666667,0.00416666666667,0.00416666666667,0.00416666666667,0.00416666666667,0.00416666666667,0.00416666666667,0.00416666666667,0.00416666666667,0.00416666666667,0.00416666666667,0.00416666666667,0.00416666666667,0.00416666666667,0.00416666666667,0.00416666666667,0.00416666666667,0.00416666666667,0.00416666666667,0.00416666666671,0.0
0.00416666666674,0.00416666666688,0.0046105266177,0.00572994324679,0.897992863469,0.00416666666667,0.00416666666667,0.00416666666667,0.00416666666667,0.00416666666667,0.00416666666667,0.00416666666667,0.00416666666667,0.00416666666667,0.00416666666667,0.00416666666667,0.00416666666667,0.00416666666667,0.00416666666667,0.00416666666667,0.00416666666667,0.00416666666667,0.00416666666667,0.00416666666667,0.00416666666669,0.0
0.00416666666674,0.00416666666688,0.00461052661779,0.00572994326333,0.897992863452,0.00416666666667,0.00416666666667,0.00416666666667,0.00416666666667,0.00416666666667,0.00416666666667,0.00416666666667,0.00416666666667,0.00416666666667,0.00416666666667,0.00416666666667,0.00416666666667,0.00416666666667,0.00416666666667,0.00416666666667,0.00416666666667,0.00416666666667,0.00416666666667,0.00416666666667,0.00416666666668,0.0
0.00416666666674,0.00416666666688,0.00461052661785,0.00572994327511,0.89799286344,0.00416666666667,0.00416666666667,0.00416666666667,0.00416666666667,0.00416666666667,0.00416666666667,0.00416666666667,0.00416666666667,0.00416666666667,0.00416666666667,0.00416666666667,0.00416666666667,0.00416666666667,0.00416666666667,0.00416666666667,0.00416666666667,0.00416666666667,0.00416666666667,0.00416666666667,0.00416666666668,0.0
0.00416666666674,0.00416666666688,0.0046105266179,0.0057299432835,0.897992863432,0.00416666666667,0.00416666666667,0.00416666666667,0.00416666666667,0.00416666666667,0.00416666666667,0.00416666666667,0.00416666666667,0.00416666666667,0.00416666666667,0.00416666666667,0.00416666666667,0.00416666666667,0.00416666666667,0.00416666666667,0.00416666666667,0.00416666666667,0.00416666666667,0.00416666666667,0.00416666666667,0.0
0.00416666666674,0.00416666666688,0.00461052661792,0.00572994328947,0.897992863426,0.00416666666667,0.00416666666667,0.00416666666667,0.00416666666667,0.00416666666667,0.00416666666667,0.00416666666667,0.00416666666667,0.00416666666667,0.00416666666667,0.00416666666667,0.00416666666667,0.00416666666667,0.00416666666667,0.00416666666667,0.00416666666667,0.00416666666667,0.00416666666667,0.00416666666667,0.00416666666667,0.0
0.00416666666674,0.00416666666688,0.00461052661794,0.00572994329373,0.897992863421,0.00416666666667,0.00416666666667,0.00416666666667,0.00416666666667,0.00416666666667,0.00416666666667,0.00416666666667,0.00416666666667,0.00416666666667,0.00416666666667,0.00416666666667,0.00416666666667,0.00416666666667,0.00416666666667,0.00416666666667,0.00416666666667,0.00416666666667,0.00416666666667,0.00416666666667,0.00416666666667,0.0
0.00416666666674,0.00416666666688,0.00461052661795,0.00572994329676,0.897992863418,0.00416666666667,0.00416666666667,0.00416666666667,0.00416666666667,0.00416666666667,0.00416666666667,0.00416666666667,0.00416666666667,0.00416666666667,0.00416666666667,0.00416666666667,0.00416666666667,0.00416666666667,0.00416666666667,0.00416666666667,0.00416666666667,0.00416666666667,0.00416666666667,0.00416666666667,0.00416666666667,0.0
0.00416666666674,0.00416666666688,0.00461052661796,0.00572994329892,0.897992863416,0.00416666666667,0.00416666666667,0.00416666666667,0.00416666666667,0.00416666666667,0.00416666666667,0.00416666666667,0.00416666666667,0.00416666666667,0.00416666666667,0.00416666666667,0.00416666666667,0.00416666666667,0.00416666666667,0.00416666666667,0.00416666666667,0.00416666666667,0.00416666666667,0.00416666666667,0.00416666666667,0.0
0.00416666666674,0.00416666666688,0.00461052661797,0.00572994330046,0.897992863415,0.00416666666667,0.00416666666667,0.00416666666667,0.00416666666667,0.00416666666667,0.00416666666667,0.00416666666667,0.00416666666667,0.00416666666667,0.00416666666667,0.00416666666667,0.00416666666667,0.00416666666667,0.00416666666667,0.00416666666667,0.00416666666667,0.00416666666667,0.00416666666667,0.00416666666667,0.00416666666667,0.0
0.00416666666674,0.00416666666688,0.00461052661797,0.00572994330156,0.897992863414,0.00416666666667,0.00416666666667,0.00416666666667,0.00416666666667,0.00416666666667,0.00416666666667,0.00416666666667,0.00416666666667,0.00416666666667,0.00416666666667,0.00416666666667,0.00416666666667,0.00416666666667,0.00416666666667,0.00416666666667,0.00416666666667,0.00416666666667,0.00416666666667,0.00416666666667,0.00416666666667,0.0
0.00416666666674,0.00416666666688,0.00461052661798,0.00572994330234,0.897992863413,0.00416666666667,0.00416666666667,0.00416666666667,0.00416666666667,0.00416666666667,0.00416666666667,0.00416666666667,0.00416666666667,0.00416666666667,0.00416666666667,0.00416666666667,0.00416666666667,0.00416666666667,0.00416666666667,0.00416666666667,0.00416666666667,0.00416666666667,0.00416666666667,0.00416666666667,0.00416666666667,0.0
0.00416666666674,0.00416666666688,0.00461052661798,0.00572994330289,0.897992863412,0.00416666666667,0.00416666666667,0.00416666666667,0.00416666666667,0.00416666666667,0.00416666666667,0.00416666666667,0.00416666666667,0.00416666666667,0.00416666666667,0.00416666666667,0.00416666666667,0.00416666666667,0.00416666666667,0.00416666666667,0.00416666666667,0.00416666666667,0.00416666666667,0.00416666666667,0.00416666666667,0.0
0.00416666666674,0.00416666666688,0.00461052661798,0.00572994330329,0.897992863412,0.00416666666667,0.00416666666667,0.00416666666667,0.00416666666667,0.00416666666667,0.00416666666667,0.00416666666667,0.00416666666667,0.00416666666667,0.00416666666667,0.00416666666667,0.00416666666667,0.00416666666667,0.00416666666667,0.00416666666667,0.00416666666667,0.00416666666667,0.00416666666667,0.00416666666667,0.00416666666667,0.0
0.00416666666674,0.00416666666688,0.00461052661798,0.00572994330357,0.897992863411,0.00416666666667,0.00416666666667,0.00416666666667,0.00416666666667,0.00416666666667,0.00416666666667,0.00416666666667,0.00416666666667,0.00416666666667,0.00416666666667,0.00416666666667,0.00416666666667,0.00416666666667,0.00416666666667,0.00416666666667,0.00416666666667,0.00416666666667,0.00416666666667,0.00416666666667,0.00416666666667,0.0
0.00416666666674,0.00416666666688,0.00461052661798,0.00572994330377,0.897992863411,0.00416666666667,0.00416666666667,0.00416666666667,0.00416666666667,0.00416666666667,0.00416666666667,0.00416666666667,0.00416666666667,0.00416666666667,0.00416666666667,0.00416666666667,0.00416666666667,0.00416666666667,0.00416666666667,0.00416666666667,0.00416666666667,0.00416666666667,0.00416666666667,0.00416666666667,0.00416666666667,0.0
0.00416666666674,0.00416666666688,0.00461052661798,0.00572994330392,0.897992863411,0.00416666666667,0.00416666666667,0.00416666666667,0.00416666666667,0.00416666666667,0.00416666666667,0.00416666666667,0.00416666666667,0.00416666666667,0.00416666666667,0.00416666666667,0.00416666666667,0.00416666666667,0.00416666666667,0.00416666666667,0.00416666666667,0.00416666666667,0.00416666666667,0.00416666666667,0.00416666666667,0.0
0.00416666666674,0.00416666666688,0.00461052661798,0.00572994330402,0.897992863411,0.00416666666667,0.00416666666667,0.00416666666667,0.00416666666667,0.00416666666667,0.00416666666667,0.00416666666667,0.00416666666667,0.00416666666667,0.00416666666667,0.00416666666667,0.00416666666667,0.00416666666667,0.00416666666667,0.00416666666667,0.00416666666667,0.00416666666667,0.00416666666667,0.00416666666667,0.00416666666667,0.0
0.00416666666674,0.00416666666688,0.00461052661798,0.00572994330409,0.897992863411,0.00416666666667,0.00416666666667,0.00416666666667,0.00416666666667,0.00416666666667,0.00416666666667,0.00416666666667,0.00416666666667,0.00416666666667,0.00416666666667,0.00416666666667,0.00416666666667,0.00416666666667,0.00416666666667,0.00416666666667,0.00416666666667,0.00416666666667,0.00416666666667,0.00416666666667,0.00416666666667,0.0
0.00416666666674,0.00416666666688,0.00461052661798,0.00572994330414,0.897992863411,0.00416666666667,0.00416666666667,0.00416666666667,0.00416666666667,0.00416666666667,0.00416666666667,0.00416666666667,0.00416666666667,0.00416666666667,0.00416666666667,0.00416666666667,0.00416666666667,0.00416666666667,0.00416666666667,0.00416666666667,0.00416666666667,0.00416666666667,0.00416666666667,0.00416666666667,0.00416666666667,0.0
0.00416666666674,0.00416666666688,0.00461052661798,0.00572994330418,0.897992863411,0.00416666666667,0.00416666666667,0.00416666666667,0.00416666666667,0.00416666666667,0.00416666666667,0.00416666666667,0.00416666666667,0.00416666666667,0.00416666666667,0.00416666666667,0.00416666666667,0.00416666666667,0.00416666666667,0.00416666666667,0.00416666666667,0.00416666666667,0.00416666666667,0.00416666666667,0.00416666666667,0.0
0.00416666666674,0.00416666666688,0.00461052661798,0.00572994330421,0.897992863411,0.00416666666667,0.00416666666667,0.00416666666667,0.00416666666667,0.00416666666667,0.00416666666667,0.00416666666667,0.00416666666667,0.00416666666667,0.00416666666667,0.00416666666667,0.00416666666667,0.00416666666667,0.00416666666667,0.00416666666667,0.00416666666667,0.00416666666667,0.00416666666667,0.00416666666667,0.00416666666667,0.0
0.00416666666674,0.00416666666688,0.00461052661798,0.00572994330422,0.897992863411,0.00416666666667,0.00416666666667,0.00416666666667,0.00416666666667,0.00416666666667,0.00416666666667,0.00416666666667,0.00416666666667,0.00416666666667,0.00416666666667,0.00416666666667,0.00416666666667,0.00416666666667,0.00416666666667,0.00416666666667,0.00416666666667,0.00416666666667,0.00416666666667,0.00416666666667,0.00416666666667,0.0
