-10.0 -10.0,-10.0 0.0,-10.0 10.0,0.0 -10.0,0.0 0.0,0.0 10.0,10.0 -10.0,10.0 0.0,10.0 10.0,other
0.111111111111,0.111111111111,0.111111111111,0.111111111111,0.111111111111,0.111111111111,0.111111111111,0.111111111111,0.111111111111,0.0
0.100625,0.100625,0.100625000054,0.100694361886,0.100639444443,0.194916193424,0.100625,0.100625,0.100625000194,0.0
0.08523061048,0.0852306104799,0.0852306109414,0.0852905380752,0.085243066785,0.318082731633,0.08523061048,0.0852306104799,0.0852306106459,0.0
0.0661708327415,0.0661708327415,0.0661708414977,0.0662163077567,0.0661802847237,0.470578402189,0.0661708327415,0.0661708327415,0.0661708328674,0.0
0.0469965270448,0.0469965270447,0.0469968677326,0.0470274503414,0.0470029544516,0.623990092165,0.0469965270448,0.0469965270448,0.0469965271304,0.0
0.0313444978834,0.0313444978834,0.0313573265107,0.0313635425643,0.0313484563201,0.749208185135,0.0313444978834,0.0313444978834,0.0313444979362,0.0
0.0206711592867,0.0206711592867,0.0208939216159,0.0206821037725,0.020673434098,0.83439474405,0.0206711592867,0.0206711592867,0.020671159317,0.0
0.0145150624405,0.0145150624405,0.0158869147946,0.01452133495,0.0145163661815,0.882500071854,0.0145150624405,0.0145150624405,0.0145150624579,0.0
0.0113819753805,0.0113819753804,0.015155747517,0.0113858701319,0.0113827849045,0.905165720533,0.0113819753805,0.0113819753804,0.0113819753912,0.0
0.00970380966121,0.00970380966121,0.0167783158467,0.00970643082156,0.00970435446936,0.915291850549,0.00970380966122,0.00970380966121,0.00970380966847,0.0
0.00869618717231,0.0086961871723,0.0199897273198,0.00869804362921,0.00869657303685,0.919134720147,0.00869618717231,0.0086961871723,0.00869618717745,0.0
0.0080376663554,0.0080376663554,0.0247359162764,0.00803902304863,0.00803794834407,0.91899878055,0.00803766635541,0.0080376663554,0.00803766635916,0.0
0.00758254881806,0.00758254881806,0.0312663147833,0.00758356011412,0.00758275901593,0.915654621994,0.00758254881806,0.00758254881806,0.00758254882086,0.0
0.00725594841274,0.00725594841274,0.0400203379481,0.00725671184569,0.00725610709227,0.909187101048,0.00725594841274,0.00725594841274,0.00725594841485,0.0
0.00701534302622,0.00701534302622,0.0516080700517,0.00701592385926,0.00701546375236,0.899283827204,0.00701534302622,0.00701534302622,0.00701534302782,0.0
0.00683471043017,0.00683471043017,0.0668174706612,0.00683515417778,0.0068348026631,0.885339020346,0.00683471043017,0.00683471043017,0.0068347104314,0.0
0.0066972039231,0.0066972039231,0.0866227057929,0.00669754331447,0.00669727446559,0.866496456811,0.0066972039231,0.0066972039231,0.00669720392404,0.0
0.0065914440165,0.0065914440165,0.112174839276,0.00659170314471,0.0065914978763,0.841684739619,0.00659144401651,0.0065914440165,0.00659144401722,0.0
0.00650949566085,0.00650949566085,0.144751732976,0.00650969259693,0.00650953659401,0.809681559528,0.00650949566085,0.00650949566085,0.00650949566139,0.0
0.00644569526032,0.00644569526032,0.185636473268,0.00644584377709,0.00644572612953,0.769243480524,0.00644569526032,0.00644569526032,0.00644569526073,0.0
0.00639593354964,0.00639593354964,0.235890457168,0.00639604430132,0.00639595656937,0.719337874213,0.00639593354964,0.00639593354964,0.00639593354994,0.0
0.00635719393059,0.00635719393059,0.29600197567,0.00635727528206,0.00635721083949,0.659497568556,0.00635719393059,0.00635719393059,0.00635719393082,0.0
0.00632723686811,0.00632723686811,0.365443279076,0.0063272954846,0.00632724905155,0.590265992047,0.00632723686811,0.00632723686811,0.00632723686827,0.0
0.0063043680351,0.00630436803508,0.442268870645,0.00630440929599,0.00630437661116,0.513600503272,0.00630436803507,0.00630436803507,0.00630436803519,0.0
0.00628725758862,0.00628725758803,0.52299729788,0.0062872858635,0.00628726346491,0.432991864852,0.00628725758778,0.00628725758778,0.00628725758786,0.0
0.00627480138883,0.00627480137073,0.603021480943,0.00627482019084,0.00627480527558,0.353054886749,0.00627480136048,0.00627480136048,0.00627480136054,0.0
0.0062660315675,0.00626603105335,0.677566313109,0.00626604306719,0.00626603327478,0.278571456034,0.00626603063136,0.00626603063136,0.0062660306314,0.0
0.00626010127949,0.00626009035593,0.742831999762,0.00626009154464,0.00626008196021,0.213347404634,0.00626007682113,0.00626007682113,0.00626007682115,0.0
0.00625660932587,0.00625646423988,0.796761008583,0.00625630966429,0.00625625359523,0.159444813166,0.00625618047546,0.00625618047546,0.00625618047547,0.0
0.0062583415981,0.0062572606086,0.839072421715,0.00625506676463,0.00625459638773,0.117141160596,0.00625371744344,0.00625371744344,0.00625371744345,0.0
0.00628249534593,0.00627821682257,0.870643171749,0.00626105449341,0.00625853599208,0.0855198823938,0.00625221440102,0.00625221440102,0.00625221440103,0.0
0.00637595330993,0.00636769568536,0.89281252822,0.00628775698981,0.00627920761257,0.0631228560222,0.0062513340534,0.0062513340534,0.00625133405341,0.0
0.0065949738802,0.00659144004759,0.90730906992,0.00635138461856,0.00633146022545,0.0480691638295,0.00625083582615,0.00625083582615,0.00625083582615,0.0
0.00695374578654,0.00697480153097,0.916282183347,0.00645563390031,0.00642008218282,0.0381618961567,0.00625055236515,0.00625055236515,0.00625055236515,0.0
0.00742608087232,0.00749658101911,0.921678132726,0.0065925793232,0.00653887764901,0.0315165985705,0.00625038327988,0.00625038327988,0.00625038327988,0.0
0.00797948013586,0.00812487031449,0.924816650783,0.00675328890436,0.00667987022598,0.0268950110476,0.00625027619631,0.00625027619631,0.00625027619631,0.0
0.00858848104761,0.00883338223073,0.926490544417,0.00693186543357,0.00683742982563,0.023567682995,0.00625020468353,0.00625020468353,0.00625020468353,0.0
0.00923408173686,0.00960180560847,0.92717313297,0.00712508371655,0.00700824693796,0.0211071843979,0.00625015487751,0.00625015487751,0.00625015487751,0.0
0.00990110820904,0.0104132165342,0.927159126907,0.00733137804909,0.00719051482666,0.0192542983219,0.00625011905062,0.00625011905062,0.00625011905062,0.0
0.0105763978988,0.011252138271,0.926642915807,0.00755008662032,0.00738326433924,0.0178449191749,0.00625009262972,0.00625009262972,0.00625009262972,0.0
0.0112478351056,0.0121034850351,0.925760746857,0.0077809529045,0.00758590978976,0.0167708520185,0.00625007276309,0.00625007276309,0.00625007276309,0.0
0.0119039343996,0.0129521269399,0.924613853427,0.00802377959509,0.00779793118364,0.0159582016761,0.00625005759278,0.00625005759278,0.00625005759278,0.0
0.0125337514688,0.0137828594587,0.923281495685,0.0082781641663,0.0080186349538,0.0153549566762,0.00625004586359,0.00625004586359,0.00625004586359,0.0
0.0131269883347,0.0145806383774,0.921828488029,0.00854328057502,0.0082469632777,0.0149235313004,0.00625003670191,0.00625003670191,0.00625003670191,0.0
0.0136742103595,0.0153309863925,0.920309599313,0.00881769509401,0.00848134186688,0.0146360785207,0.00625002948456,0.00625002948456,0.00625002948456,0.0
0.014167118526,0.01602049867,0.918772119224,0.00909921927621,0.00871956880804,0.0144714042216,0.00625002375799,0.00625002375799,0.00625002375799,0.0
0.0145988342945,0.0166373843257,0.91725732216,0.00938481269291,0.00895875469023,0.0144128342775,0.00625001918652,0.00625001918652,0.00625001918652,0.0
0.014964162973,0.0171719869573,0.915801257702,0.0096705535274,0.00919532776748,0.0144466645182,0.00625001551827,0.00625001551827,0.00625001551827,0.0
0.0152598083638,0.0176172341791,0.914435125621,0.00995169619627,0.00942511728034,0.0145609806731,0.00625001256199,0.00625001256199,0.00625001256199,0.0
0.0154845177752,0.0179689750038,0.91318539201,0.0102228312067,0.00964352300662,0.0147447304849,0.00625001017106,0.00625001017106,0.00625001017106,0.0
0.0156391425889,0.0182261747226,0.912073742635,0.0104781528787,0.00984576964402,0.0149869928351,0.00625000823203,0.00625000823203,0.00625000823203,0.0
0.0157266053569,0.0183909487451,0.911116935945,0.0107118256545,0.0100272315709,0.0152764327584,0.0062500066564,0.0062500066564,0.0062500066564,0.0
0.0157517698607,0.0184684287497,0.910326603834,0.0109184212269,0.0101837988696,0.0156009613356,0.00625000537462,0.00625000537462,0.00625000537462,0.0
0.0157212158653,0.0184664658545,0.909709048091,0.0110933801167,0.0103122423727,0.0159476347047,0.00625000433157,0.00625000433157,0.00625000433157,0.0
0.0156429258391,0.0183951862431,0.909265089194,0.011233437448,0.0104105276911,0.0163028231355,0.00625000348323,0.00625000348323,0.00625000348323,0.0
0.015525897074,0.0182664249686,0.908990035419,0.0113369485801,0.0104780291455,0.0166526564307,0.00625000279415,0.00625000279415,0.00625000279415,0.0
0.0153796995658,0.0180930736403,0.908873846725,0.0114040594757,0.0105156059934,0.0169837078936,0.00625000223557,0.00625000223557,0.00625000223557,0.0
0.0152140072046,0.0178883868954,0.908901561139,0.0114366894249,0.0105255243164,0.0172838256674,0.00625000178396,0.00625000178396,0.00625000178396,0.0
0.01503813592,0.0176652994495,0.909054025446,0.0114383258832,0.0105112342667,0.0175429747748,0.00625000141996,0.00625000141996,0.00625000141996,0.0
0.0148606253681,0.0174358076921,0.909308926042,0.0114136649141,0.0104770376384,0.0177539349625,0.00625000112758,0.00625000112758,0.00625000112758,0.0
0.0146888985124,0.0172104648552,0.909642057974,0.0113681569602,0.010427698264,0.0179127207534,0.00625000089353,0.00625000089353,0.00625000089353,0.0
0.0145290251318,0.0169980257955,0.910028716093,0.0113075293591,0.0103680530195,0.0180186484801,0.00625000070682,0.00625000070682,0.00625000070682,0.0
0.0143856019363,0.0168052580292,0.910445060003,0.011237352,0.0103026736849,0.0180740526712,0.00625000055835,0.00625000055835,0.00625000055835,0.0
0.0142617465223,0.0166369139279,0.910869305711,0.0111626940661,0.0102356130111,0.0180837254393,0.00625000044062,0.00625000044062,0.00625000044062,0.0
0.0141591885863,0.0164958399948,0.911282631248,0.0110878949863,0.0101702479281,0.0180541962143,0.00625000034749,0.00625000034749,0.00625000034749,0.0
0.0140784326979,0.0163831869123,0.911669738803,0.0110164491069,0.0101092146635,0.0179929769945,0.00625000027396,0.00625000027396,0.00625000027396,0.0
0.0140189637853,0.0162986801584,0.912019074415,0.0109509865717,0.0100544183464,0.0179078760752,0.00625000021599,0.00625000021599,0.00625000021599,0.0
0.0139794686605,0.0162409143758,0.912322752607,0.0108933243982,0.0100070944262,0.017806445021,0.00625000017033,0.00625000017033,0.00625000017033,0.0
0.013958052544,0.0162076426778,0.91257625974,0.0108445607551,0.00996789974229,0.0176955841374,0.00625000013437,0.00625000013437,0.00625000013437,0.0
0.0139524364561,0.016196041673,0.912778016302,0.0108051894005,0.00993701511752,0.017581300733,0.00625000010607,0.00625000010607,0.00625000010607,0.0
0.013960127809,0.0162029418597,0.9129288702,0.0107752173893,0.00991424672578,0.0174685957644,0.00625000008378,0.00625000008378,0.00625000008378,0.0
0.0139785615934,0.0162250198839,0.913031577266,0.0107542754127,0.00989911862555,0.0173614470198,0.00625000006622,0.00625000006622,0.00625000006622,0.0
0.0140052129297,0.0162589536564,0.913090307453,0.0107417153087,0.00989095293716,0.0172628575579,0.00625000005238,0.00625000005238,0.00625000005238,0.0
0.0140376836197,0.0163015437605,0.913110199512,0.010736692972,0.00988893693883,0.0171749430728,0.00625000004146,0.00625000004146,0.00625000004146,0.0
0.0140737660921,0.0163498055077,0.913096974766,0.0107382371608,0.0098921779933,0.0170990383819,0.00625000003283,0.00625000003283,0.00625000003283,0.0
0.0141114881724,0.016401035985,0.913056612404,0.0107453058501,0.00989974796943,0.0170358095408,0.00625000002602,0.00625000002602,0.00625000002602,0.0
0.0141491417886,0.0164528599549,0.912995083753,0.0107568321476,0.00991071898514,0.0169853633092,0.00625000002063,0.00625000002063,0.00625000002063,0.0
0.0141852982585,0.0165032578341,0.912918140489,0.0107717616895,0.00992419211859,0.016947349561,0.00625000001637,0.00625000001637,0.00625000001637,0.0
0.0142188123651,0.0165505783923,0.912831150888,0.0107890830905,0.0099393203964,0.016921054829,0.00625000001299,0.00625000001299,0.00625000001299,0.0
0.0142488170553,0.0165935383523,0.912738978233,0.0108078525985,0.00995532699327,0.0169054867372,0.00625000001031,0.00625000001031,0.00625000001031,0.0
0.0142747103414,0.0166312107791,0.912645896056,0.0108272136995,0.00997151924259,0.0168994498569,0.00625000000819,0.00625000000819,0.00625000000819,0.0
0.0142961358183,0.016663003986,0.912555535494,0.0108464120998,0.00998729880097,0.016901613781,0.0062500000065,0.0062500000065,0.0062500000065,0.0
0.0143129581216,0.0166886326349,0.912470860661,0.0108648062882,0.010002168148,0.0169105741304,0.00625000000516,0.00625000000516,0.00625000000516,0.0
0.0143252346081,0.016708082717,0.912394168388,0.0108818737793,0.0100157335339,0.016924906961,0.0062500000041,0.0062500000041,0.0062500000041,0.0
0.0143331845176,0.0167215721258,0.91232710898,0.0108972131301,0.0100277044986,0.016943216738,0.00625000000325,0.00625000000325,0.00625000000325,0.0
0.0143371568478,0.016729508549,0.912270724759,0.0109105418987,0.0100378901598,0.0169641777777,0.00625000000258,0.00625000000258,0.00625000000258,0.0
0.0143375981231,0.0167324463766,0.912225503208,0.0109216908362,0.0100461925726,0.0169865688771,0.00625000000205,0.00625000000205,0.00625000000205,0.0
0.0143350211569,0.0167310442314,0.91219144147,0.0109305947578,0.0100525975845,0.0170093007942,0.00625000000163,0.00625000000163,0.00625000000163,0.0
0.0143299757847,0.0167260245848,0.912168118925,0.0109372806786,0.0100571637162,0.0170314363064,0.00625000000129,0.00625000000129,0.00625000000129,0.0
0.0143230223899,0.0167181367044,0.912154774563,0.0109418539136,0.0100600096761,0.0170522027498,0.00625000000103,0.00625000000103,0.00625000000103,0.0
0.0143147088583,0.0167081239291,0.912150385949,0.0109444829109,0.0100613011538,0.0170709971965,0.00625000000081,0.00625000000081,0.00625000000081,0.0
0.0143055513938,0.0166966959795,0.912153746781,0.0109453835968,0.010061237529,0.0170873847183,0.00625000000065,0.00625000000065,0.00625000000065,0.0
0.0142960194193,0.0166845067106,0.912163540343,0.010944803971,0.0100600390796,0.0171010904754,0.00625000000051,0.00625000000051,0.00625000000051,0.0
0.014286524588,0.0166721374316,0.912178406579,0.0109430095997,0.010057935187,0.0171119866139,0.00625000000041,0.00625000000041,0.00625000000041,0.0
0.014277413748,0.0166600856517,0.912197001012,0.0109402705306,0.0100551539234,0.0171200751336,0.00625000000032,0.00625000000032,0.00625000000032,0.0
0.0142689655551,0.0166487588917,0.912218044284,0.0109368500107,0.010051913284,0.017125467974,0.00625000000026,0.00625000000026,0.00625000000026,0.0
0.014261390312,0.0166384730317,0.912240361647,0.0109329952368,0.0100484142029,0.0171283655687,0.0062500000002,0.0062500000002,0.0062500000002,0.0
0.0142548325349,0.016629454543,0.912262912277,0.0109289302306,0.0100448353795,0.0171290350344,0.00625000000016,0.00625000000016,0.00625000000016,0.0
0.0142493757087,0.0166218458907,0.912284808731,0.0109248508062,0.0100413298467,0.0171277890161,0.00625000000013,0.00625000000013,0.00625000000013,0.0
0.0142450486835,0.016615713368,0.912305327289,0.0109209215003,0.0100380231387,0.0171249660205,0.0062500000001,0.0062500000001,0.0062500000001,0.0
0.0142418331864,0.016611056648,0.912323910177,0.0109172742628,0.0100350128636,0.017120912862,0.00625000000008,0.00625000000008,0.00625000000008,0.0
0.0142396719629,0.0166078193855,0.912340160901,0.0109140086592,0.0100323694571,0.0171159696342,0.00625000000006,0.00625000000006,0.00625000000006,0.0
0.0142384771212,0.0166059002735,0.912353833985,0.0109111933141,0.0100301378809,0.0171104574255,0.00625000000005,0.00625000000005,0.00625000000005,0.0
0.0142381383166,0.0166051640464,0.912364820455,0.0109088683212,0.0100283400314,0.0171046688288,0.00625000000004,0.00625000000004,0.00625000000004,0.0
0.0142385304818,0.0166054520087,0.912373130359,0.0109070483536,0.0100269776409,0.0170988611561,0.00625000000003,0.00625000000003,0.00625000000003,0.0
0.0142395208805,0.0166065917646,0.912378873485,0.0109057262324,0.0100260354699,0.0170932521674,0.00625000000003,0.00625000000003,0.00625000000003,0.0
0.0142409753239,0.0166084059071,0.912382239364,0.0109048767369,0.010025484621,0.0170880180472,0.00625000000002,0.00625000000002,0.00625000000002,0.0
0.0142427634505,0.0166107195083,0.912383477425,0.010904460471,0.0100252858251,0.0170832933197,0.00625000000002,0.00625000000002,0.00625000000002,0.0
0.0142447630224,0.0166133663238,0.912382878067,0.0109044276309,0.0100253925834,0.0170791723726,0.00625000000001,0.00625000000001,0.00625000000001,0.0
0.0142468632348,0.0166161936864,0.912380755195,0.0109047215531,0.0100257540736,0.017075712257,0.00625000000001,0.00625000000001,0.00625000000001,0.0
0.0142489670744,0.0166190661178,0.912377430668,0.0109052819475,0.0100263177504,0.0170729364417,0.00625000000001,0.00625000000001,0.00625000000001,0.0
0.0142509927886,0.0166218677256,0.912373220916,0.0109060477492,0.0100270315974,0.0170708392237,0.00625000000001,0.00625000000001,0.00625000000001,0.0
0.0142528745538,0.0166245034919,0.912368425881,0.0109069595476,0.0100278460024,0.0170693905234,0.00625,0.00625,0.00625,0.0
0.0142545624425,0.0166268995772,0.912363320333,0.0109079615708,0.0100287152495,0.0170685408266,0.00625,0.00625,0.00625,0.0
0.014256021801,0.0166290027839,0.912358147491,0.0109090032234,0.0100295986317,0.0170682260695,0.00625,0.00625,0.00625,0.0
0.0142572321527,0.0166307793298,0.912353114825,0.0109100401913,0.0100304612043,0.0170683722969,0.00625,0.00625,0.00625,0.0
0.0142581857421,0.0166322130841,0.912348391866,0.01091103514,0.0100312742061,0.0170688999614,0.00625,0.00625,0.00625,0.0
0.0142588858276,0.0166333034155,0.912344109768,0.0109119580434,0.0100320151841,0.0170697277618,0.00625,0.00625,0.00625,0.0
0.0142593448285,0.0166340627919,0.912340362379,0.0109127861869,0.0100326678617,0.0170707759516,0.00625,0.00625,0.00625,0.0
0.0142595824156,0.016634514261,0.912337208553,0.0109135038957,0.0100332217964,0.0170719690785,0.00625,0.00625,0.00625,0.0
0.014259623627,0.0166346889239,0.912334675399,0.0109141020391,0.0100336718697,0.0170732381409,0.00625,0.00625,0.00625,0.0
0.0142594970751,0.0166346234987,0.912332762238,0.0109145773638,0.0100340176549,0.0170745221698,0.00625,0.00625,0.00625,0.0
0.0142592332996,0.0166343580507,0.912331444969,0.0109149317085,0.0100342627059,0.0170757692664,0.00625,0.00625,0.00625,0.0
0.014258863304,0.0166339339515,0.912330680655,0.0109151711463,0.0100344138047,0.0170769371384,0.00625,0.00625,0.00625,0.0
0.0142584173042,0.0166333921057,0.912330412095,0.0109153050994,0.0100344802036,0.017077993192,0.00625,0.00625,0.00625,0.0
0.0142579237028,0.0166327714739,0.912330572225,0.0109153454639,0.0100344728905,0.0170789142437,0.00625,0.00625,0.00625,0.0
0.0142574082924,0.0166321078993,0.912331088206,0.0109153057766,0.0100344039039,0.0170796859222,0.00625,0.00625,0.00625,0.0
0.0142568936837,0.0166314332371,0.912331885089,0.0109152004482,0.010034285713,0.0170803018288,0.00625,0.00625,0.00625,0.0
0.0142563989433,0.0166307747713,0.912332888994,0.0109150440839,0.0100341306794,0.0170807625276,0.00625,0.00625,0.00625,0.0
0.0142559394242,0.0166301548965,0.912334029742,0.0109148509018,0.0100339506066,0.0170810744286,0.00625,0.00625,0.00625,0.0
0.0142555267627,0.0166295910353,0.91233524294,0.010914634257,0.0100337563809,0.017081248624,0.00625,0.00625,0.00625,0.0
0.0142551690183,0.0166290957577,0.912336471518,0.0109144062729,0.0100335577037,0.017081299729,0.00625,0.00625,0.00625,0.0
0.0142548709269,0.0166286770651,0.912337666749,0.0109141775775,0.010033362911,0.0170812447703,0.00625,0.00625,0.00625,0.0
0.0142546342408,0.0166283388042,0.912338788788,0.0109139571365,0.0100331788724,0.0170811021583,0.00625,0.00625,0.00625,0.0
0.0142544581288,0.0166280811727,0.912339806792,0.0109137521774,0.0100330109619,0.0170808907676,0.00625,0.00625,0.00625,0.0
0.0142543396113,0.0166279012842,0.912340698679,0.0109135681894,0.0100328630905,0.0170806291456,0.00625,0.00625,0.00625,0.0
0.0142542740088,0.0166277937618,0.912341450594,0.0109134089906,0.0100327377882,0.017080334857,0.00625,0.00625,0.00625,0.0
0.0142542553847,0.0166277513318,0.91234205614,0.0109132768473,0.0100326363258,0.0170800239703,0.00625,0.00625,0.00625,0.0
0.0142542769661,0.0166277653971,0.912342515457,0.010913172633,0.0100325588655,0.0170797106812,0.00625,0.00625,0.00625,0.0
0.0142543315307,0.0166278265703,0.912342834188,0.0109130960152,0.0100325046293,0.0170794070668,0.00625,0.00625,0.00625,0.0
0.0142544117492,0.0166279251529,0.912343022404,0.0109130456588,0.0100324720766,0.0170791229589,0.00625,0.00625,0.00625,0.0
0.0142545104793,0.0166280515513,0.912343093529,0.0109130194347,0.0100324590828,0.0170788659229,0.00625,0.00625,0.00625,0.0
0.0142546210057,0.0166281966232,0.912343063308,0.010913014626,0.0100324631118,0.0170786413252,0.00625,0.00625,0.00625,0.0
0.0142547372266,0.0166283519533,0.912342948845,0.0109130281237,0.010032481377,0.0170784524741,0.00625,0.00625,0.00625,0.0
0.0142548537878,0.0166285100574,0.912342767745,0.010913056607,0.0100325109865,0.0170783008164,0.00625,0.00625,0.00625,0.0
0.0142549661675,0.0166286645199,0.912342537367,0.0109130967025,0.0100325490693,0.0170781861737,0.00625,0.00625,0.00625,0.0
0.0142550707165,0.0166288100689,0.91234227421,0.0109131451206,0.0100325928809,0.0170781070031,0.00625,0.00625,0.00625,0.0
0.0142551646591,0.0166289425964,0.91234199342,0.0109131987679,0.0100326398878,0.0170780606687,0.00625,0.00625,0.00625,0.0
0.0142552460604,0.0166290591312,0.912341708432,0.0109132548335,0.0100326878304,0.017078043712,0.00625,0.00625,0.00625,0.0
0.0142553137677,0.0166291577736,0.91234143073,0.0109133108515,0.0100327347659,0.0170780521113,0.00625,0.00625,0.00625,0.0
0.0142553673309,0.0166292375987,0.912341169716,0.0109133647412,0.0100327790922,0.0170780815211,0.00625,0.00625,0.00625,0.0
0.0142554069091,0.0166292985389,0.912340932684,0.0109134148251,0.0100328195557,0.0170781274872,0.00625,0.00625,0.00625,0.0
0.0142554331689,0.0166293412522,0.912340724873,0.0109134598301,0.0100328552439,0.0170781856315,0.00625,0.00625,0.00625,0.0
0.0142554471791,0.0166293669831,0.912340549593,0.0109134988722,0.0100328855666,0.0170782518056,0.00625,0.00625,0.00625,0.0
0.0142554503073,0.0166293774238,0.9123404084,0.0109135314295,0.0100329102284,0.017078322211,0.00625,0.00625,0.00625,0.0
0.0142554441206,0.0166293745802,0.912340301313,0.0109135573052,0.0100329291931,0.0170783934882,0.00625,0.00625,0.00625,0.0
0.0142554302951,0.0166293606461,0.912340227055,0.0109135765846,0.0100329426451,0.017078462774,0.00625,0.00625,0.00625,0.0
0.0142554105351,0.0166293378914,0.912340183306,0.0109135895875,0.0100329509475,0.0170785277328,0.00625,0.00625,0.00625,0.0
0.0142553865039,0.0166293085638,0.912340166951,0.0109135968198,0.0100329546009,0.0170785865609,0.00625,0.00625,0.00625,0.0
0.0142553597672,0.0166292748072,0.912340174326,0.0109135989251,0.0100329542025,0.0170786379721,0.00625,0.00625,0.00625,0.0
0.0142553317489,0.0166292385969,0.912340201442,0.010913596639,0.0100329504088,0.0170786811646,0.00625,0.00625,0.00625,0.0
0.0142553036995,0.0166292016913,0.912340244186,0.0109135907469,0.0100329439011,0.0170787157753,0.00625,0.00625,0.00625,0.0
0.0142552766754,0.0166291655993,0.912340298498,0.0109135820466,0.0100329353563,0.0170787418246,0.00625,0.00625,0.00625,0.0
0.0142552515298,0.016629131562,0.912340360515,0.0109135713162,0.0100329254218,0.0170787596555,0.00625,0.00625,0.00625,0.0
0.0142552289115,0.0166291005483,0.912340426687,0.0109135592879,0.0100329146956,0.0170787698695,0.00625,0.00625,0.00625,0.0
0.0142552092731,0.0166290732602,0.912340493864,0.0109135466273,0.0100329037115,0.0170787732635,0.00625,0.00625,0.00625,0.0
0.0142551928838,0.0166290501487,0.912340559351,0.010913533919,0.0100328929291,0.0170787707689,0.00625,0.00625,0.00625,0.0
0.0142551798482,0.0166290314357,0.912340620936,0.0109135216573,0.0100328827278,0.0170787633946,0.00625,0.00625,0.00625,0.0
0.0142551701284,0.0166290171416,0.912340676906,0.0109135102413,0.0100328734055,0.0170787521774,0.00625,0.00625,0.00625,0.0
0.0142551635672,0.0166290071164,0.912340726024,0.010913499975,0.0100328651796,0.0170787381376,0.00625,0.00625,0.00625,0.0
0.0142551599129,0.0166290010716,0.91234076751,0.010913491071,0.0100328581918,0.0170787222429,0.00625,0.00625,0.00625,0.0
0.0142551588438,0.0166289986133,0.912340800992,0.0109134836564,0.0100328525143,0.0170787053805,0.00625,0.00625,0.00625,0.0
0.0142551599911,0.0166289992734,0.91234082646,0.0109134777815,0.0100328481584,0.0170786883354,0.00625,0.00625,0.00625,0.0
0.0142551629602,0.0166290025391,0.91234084421,0.0109134734304,0.0100328450834,0.017078671777,0.00625,0.00625,0.00625,0.0
0.0142551673499,0.0166290078793,0.912340854781,0.0109134705314,0.0100328432062,0.0170786562519,0.00625,0.00625,0.00625,0.0
0.0142551727682,0.0166290147675,0.912340858902,0.010913468969,0.0100328424112,0.0170786421821,0.00625,0.00625,0.00625,0.0
0.014255178846,0.0166290227011,0.912340857429,0.010913468595,0.0100328425601,0.0170786298689,0.00625,0.00625,0.00625,0.0
0.0142551852474,0.0166290312166,0.912340851297,0.0109134692389,0.0100328435001,0.0170786194998,0.00625,0.00625,0.00625,0.0
0.014255191677,0.0166290399012,0.91234084147,0.0109134707187,0.0100328450726,0.0170786111601,0.00625,0.00625,0.00625,0.0
0.0142551978851,0.0166290484002,0.912340828902,0.0109134728487,0.0100328471196,0.0170786048448,0.00625,0.00625,0.00625,0.0
0.0142552036695,0.0166290564217,0.912340814498,0.0109134754477,0.01003284949,0.0170786004734,0.00625,0.00625,0.00625,0.0
0.0142552088759,0.0166290637375,0.912340799093,0.010913478345,0.010032852044,0.0170785979046,0.00625,0.00625,0.00625,0.0
0.0142552133965,0.0166290701819,0.912340783428,0.0109134813854,0.0100328546566,0.0170785969512,0.00625,0.00625,0.00625,0.0
0.0142552171661,0.0166290756479,0.912340768139,0.0109134844322,0.0100328572204,0.0170785973945,0.00625,0.00625,0.00625,0.0
0.0142552201586,0.0166290800827,0.912340753745,0.0109134873701,0.0100328596463,0.0170785989972,0.00625,0.00625,0.00625,0.0
0.0142552223815,0.0166290834804,0.912340740652,0.0109134901056,0.0100328618646,0.0170786015156,0.00625,0.00625,0.00625,0.0
0.0142552238702,0.0166290858754,0.912340729153,0.0109134925678,0.0100328638242,0.0170786047094,0.00625,0.00625,0.00625,0.0
0.0142552246826,0.0166290873348,0.912340719433,0.0109134947068,0.0100328654918,0.017078608351,0.00625,0.00625,0.00625,0.0
0.0142552248931,0.0166290879504,0.912340711582,0.0109134964931,0.0100328668504,0.0170786122311,0.00625,0.00625,0.00625,0.0
0.0142552245874,0.0166290878314,0.912340705604,0.0109134979147,0.0100328678973,0.0170786161647,0.00625,0.00625,0.00625,0.0
0.0142552238573,0.016629087098,0.912340701433,0.0109134989756,0.010032868642,0.0170786199937,0.00625,0.00625,0.00625,0.0
0.0142552227963,0.0166290858745,0.912340698944,0.0109134996926,0.0100328691039,0.0170786235887,0.00625,0.00625,0.00625,0.0
0.0142552214961,0.0166290842844,0.912340697967,0.0109135000928,0.01003286931,0.0170786268498,0.00625,0.00625,0.00625,0.0
0.0142552200427,0.0166290824457,0.912340698302,0.0109135002111,0.0100328692929,0.0170786297053,0.00625,0.00625,0.00625,0.0
0.0142552185148,0.0166290804671,0.912340699732,0.0109135000877,0.0100328690884,0.0170786321101,0.00625,0.00625,0.00625,0.0
0.0142552169814,0.0166290784458,0.91234070203,0.0109134997652,0.0100328687337,0.0170786340435,0.00625,0.00625,0.00625,0.0
0.0142552155012,0.0166290764652,0.912340704974,0.0109134992875,0.010032868266,0.0170786355057,0.00625,0.00625,0.00625,0.0
0.0142552141214,0.0166290745941,0.912340708352,0.0109134986972,0.0100328677208,0.0170786365149,0.00625,0.00625,0.00625,0.0
0.0142552128783,0.0166290728864,0.912340711966,0.0109134980345,0.010032867131,0.0170786371036,0.00625,0.00625,0.00625,0.0
0.0142552117972,0.0166290713812,0.912340715644,0.010913497336,0.0100328665261,0.0170786373151,0.00625,0.00625,0.00625,0.0
0.0142552108933,0.0166290701039,0.912340719237,0.010913496634,0.0100328659313,0.0170786372004,0.00625,0.00625,0.00625,0.0
0.0142552101729,0.0166290690673,0.912340722622,0.0109134959557,0.0100328653678,0.0170786368146,0.00625,0.00625,0.00625,0.0
0.0142552096342,0.0166290682731,0.912340725703,0.0109134953233,0.010032864852,0.0170786362147,0.00625,0.00625,0.00625,0.0
0.0142552092689,0.0166290677134,0.912340728411,0.0109134947536,0.010032864396,0.0170786354568,0.00625,0.00625,0.00625,0.0
0.0142552090636,0.0166290673727,0.912340730703,0.0109134942585,0.0100328640078,0.0170786345941,0.00625,0.00625,0.00625,0.0
0.0142552090007,0.0166290672298,0.912340732557,0.0109134938451,0.0100328636915,0.0170786336757,0.00625,0.00625,0.00625,0.0
0.0142552090601,0.016629067259,0.912340733972,0.0109134935164,0.0100328634479,0.0170786327448,0.00625,0.00625,0.00625,0.0
0.0142552092203,0.0166290674324,0.912340734962,0.0109134932715,0.0100328632748,0.0170786318387,0.00625,0.00625,0.00625,0.0
0.0142552094593,0.016629067721,0.912340735558,0.0109134931068,0.0100328631677,0.0170786309875,0.00625,0.00625,0.00625,0.0
0.0142552097555,0.0166290680957,0.912340735798,0.0109134930159,0.0100328631204,0.0170786302147,0.00625,0.00625,0.00625,0.0
0.0142552100887,0.0166290685289,0.912340735729,0.0109134929908,0.0100328631254,0.0170786295374,0.00625,0.00625,0.00625,0.0
0.0142552104404,0.0166290689952,0.912340735402,0.0109134930221,0.0100328631742,0.017078628966,0.00625,0.00625,0.00625,0.0
0.0142552107942,0.0166290694718,0.91234073487,0.0109134930999,0.0100328632582,0.0170786285056,0.00625,0.00625,0.00625,0.0
0.0142552111364,0.016629069939,0.912340734186,0.010913493214,0.0100328633687,0.017078628156,0.00625,0.00625,0.00625,0.0
0.0142552114557,0.0166290703806,0.912340733399,0.0109134933544,0.0100328634974,0.0170786279131,0.00625,0.00625,0.00625,0.0
0.0142552117436,0.0166290707841,0.912340732555,0.0109134935116,0.0100328636366,0.0170786277693,0.00625,0.00625,0.00625,0.0
0.0142552119941,0.0166290711401,0.912340731695,0.0109134936772,0.0100328637794,0.0170786277145,0.00625,0.00625,0.00625,0.0
0.0142552122035,0.0166290714427,0.912340730854,0.0109134938436,0.0100328639198,0.0170786277367,0.00625,0.00625,0.00625,0.0
0.0142552123702,0.0166290716888,0.912340730061,0.0109134940044,0.0100328640528,0.0170786278229,0.00625,0.00625,0.00625,0.0
0.0142552124946,0.016629071878,0.912340729338,0.0109134941543,0.0100328641747,0.01707862796,0.00625,0.00625,0.00625,0.0
0.0142552125785,0.016629072012,0.912340728703,0.0109134942895,0.0100328642826,0.0170786281345,0.00625,0.00625,0.00625,0.0
0.0142552126252,0.0166290720946,0.912340728164,0.0109134944072,0.0100328643746,0.0170786283341,0.00625,0.00625,0.00625,0.0
0.0142552126386,0.0166290721305,0.912340727728,0.0109134945056,0.0100328644496,0.0170786285473,0.00625,0.00625,0.00625,0.0
0.0142552126234,0.0166290721259,0.912340727395,0.0109134945841,0.0100328645076,0.0170786287637,0.00625,0.00625,0.00625,0.0
0.0142552125847,0.0166290720873,0.912340727161,0.0109134946428,0.010032864549,0.0170786289747,0.00625,0.00625,0.00625,0.0
0.0142552125276,0.0166290720214,0.91234072702,0.0109134946826,0.0100328645749,0.0170786291732,0.00625,0.00625,0.00625,0.0
0.0142552124571,0.0166290719351,0.912340726963,0.0109134947051,0.0100328645866,0.0170786293535,0.00625,0.00625,0.00625,0.0
0.0142552123779,0.0166290718349,0.912340726977,0.010913494712,0.0100328645861,0.0170786295116,0.00625,0.00625,0.00625,0.0
0.0142552122944,0.0166290717267,0.912340727053,0.0109134947055,0.0100328645752,0.0170786296451,0.00625,0.00625,0.00625,0.0
0.0142552122105,0.0166290716159,0.912340727177,0.0109134946881,0.010032864556,0.0170786297528,0.00625,0.00625,0.00625,0.0
0.0142552121293,0.0166290715072,0.912340727336,0.0109134946621,0.0100328645305,0.0170786298345,0.00625,0.00625,0.00625,0.0
0.0142552120535,0.0166290714043,0.912340727521,0.0109134946297,0.0100328645006,0.0170786298913,0.00625,0.00625,0.00625,0.0
0.0142552119851,0.0166290713102,0.912340727718,0.0109134945934,0.0100328644683,0.0170786299249,0.00625,0.00625,0.00625,0.0
0.0142552119255,0.0166290712271,0.91234072792,0.010913494555,0.010032864435,0.0170786299377,0.00625,0.00625,0.00625,0.0
0.0142552118755,0.0166290711565,0.912340728117,0.0109134945163,0.0100328644023,0.0170786299325,0.00625,0.00625,0.00625,0.0
0.0142552118356,0.016629071099,0.912340728303,0.0109134944789,0.0100328643712,0.0170786299122,0.00625,0.00625,0.00625,0.0
0.0142552118057,0.0166290710549,0.912340728473,0.010913494444,0.0100328643428,0.0170786298799,0.00625,0.00625,0.00625,0.0
0.0142552117853,0.0166290710236,0.912340728622,0.0109134944125,0.0100328643175,0.0170786298389,0.00625,0.00625,0.00625,0.0
0.0142552117737,0.0166290710044,0.912340728749,0.010913494385,0.010032864296,0.017078629792,0.00625,0.00625,0.00625,0.0
0.01425521177,0.0166290709961,0.912340728852,0.0109134943621,0.0100328642784,0.0170786297418,0.00625,0.00625,0.00625,0.0
0.014255211773,0.0166290709973,0.91234072893,0.0109134943437,0.0100328642648,0.0170786296909,0.00625,0.00625,0.00625,0.0
0.0142552117816,0.0166290710064,0.912340728986,0.01091349433,0.0100328642551,0.0170786296412,0.00625,0.00625,0.00625,0.0
0.0142552117946,0.016629071022,0.912340729019,0.0109134943207,0.0100328642491,0.0170786295945,0.00625,0.00625,0.00625,0.0
0.0142552118108,0.0166290710424,0.912340729033,0.0109134943155,0.0100328642463,0.017078629552,0.00625,0.00625,0.00625,0.0
0.014255211829,0.016629071066,0.91234072903,0.0109134943139,0.0100328642464,0.0170786295146,0.00625,0.00625,0.00625,0.0
0.0142552118483,0.0166290710915,0.912340729013,0.0109134943155,0.010032864249,0.0170786294831,0.00625,0.00625,0.00625,0.0
0.0142552118677,0.0166290711176,0.912340728984,0.0109134943196,0.0100328642535,0.0170786294576,0.00625,0.00625,0.00625,0.0
0.0142552118866,0.0166290711433,0.912340728947,0.0109134943257,0.0100328642594,0.0170786294382,0.00625,0.00625,0.00625,0.0
0.0142552119042,0.0166290711676,0.912340728904,0.0109134943333,0.0100328642664,0.0170786294247,0.00625,0.00625,0.00625,0.0
0.0142552119201,0.0166290711899,0.912340728858,0.0109134943419,0.010032864274,0.0170786294166,0.00625,0.00625,0.00625,0.0
0.0142552119339,0.0166290712095,0.91234072881,0.0109134943509,0.0100328642819,0.0170786294134,0.00625,0.00625,0.00625,0.0
0.0142552119455,0.0166290712263,0.912340728764,0.01091349436,0.0100328642896,0.0170786294145,0.00625,0.00625,0.00625,0.0
0.0142552119548,0.0166290712399,0.912340728721,0.0109134943688,0.0100328642969,0.0170786294191,0.00625,0.00625,0.00625,0.0
0.0142552119618,0.0166290712504,0.912340728681,0.0109134943771,0.0100328643036,0.0170786294265,0.00625,0.00625,0.00625,0.0
0.0142552119665,0.0166290712579,0.912340728646,0.0109134943845,0.0100328643095,0.017078629436,0.00625,0.00625,0.00625,0.0
0.0142552119692,0.0166290712626,0.912340728616,0.010913494391,0.0100328643146,0.0170786294469,0.00625,0.00625,0.00625,0.0
0.01425521197,0.0166290712647,0.912340728592,0.0109134943964,0.0100328643187,0.0170786294586,0.00625,0.00625,0.00625,0.0
0.0142552119692,0.0166290712645,0.912340728573,0.0109134944008,0.010032864322,0.0170786294705,0.00625,0.00625,0.00625,0.0
0.0142552119672,0.0166290712625,0.91234072856,0.010913494404,0.0100328643243,0.0170786294821,0.00625,0.00625,0.00625,0.0
0.0142552119641,0.0166290712589,0.912340728552,0.0109134944063,0.0100328643257,0.0170786294931,0.00625,0.00625,0.00625,0.0
0.0142552119603,0.0166290712543,0.912340728549,0.0109134944075,0.0100328643264,0.017078629503,0.00625,0.00625,0.00625,0.0
0.014255211956,0.0166290712488,0.912340728549,0.0109134944079,0.0100328643264,0.0170786295118,0.00625,0.00625,0.00625,0.0
0.0142552119514,0.0166290712429,0.912340728553,0.0109134944076,0.0100328643258,0.0170786295192,0.00625,0.00625,0.00625,0.0
0.0142552119468,0.0166290712368,0.91234072856,0.0109134944067,0.0100328643248,0.0170786295251,0.00625,0.00625,0.00625,0.0
0.0142552119423,0.0166290712308,0.912340728569,0.0109134944052,0.0100328643234,0.0170786295297,0.00625,0.00625,0.00625,0.0
0.0142552119382,0.0166290712252,0.912340728579,0.0109134944035,0.0100328643218,0.0170786295329,0.00625,0.00625,0.00625,0.0
0.0142552119344,0.01662907122,0.912340728589,0.0109134944015,0.01003286432,0.0170786295348,0.00625,0.00625,0.00625,0.0
0.0142552119311,0.0166290712154,0.9123407286,0.0109134943994,0.0100328643182,0.0170786295356,0.00625,0.00625,0.00625,0.0
0.0142552119283,0.0166290712115,0.912340728611,0.0109134943973,0.0100328643164,0.0170786295353,0.00625,0.00625,0.00625,0.0
0.0142552119261,0.0166290712083,0.912340728621,0.0109134943952,0.0100328643147,0.0170786295342,0.00625,0.00625,0.00625,0.0
0.0142552119245,0.0166290712058,0.912340728631,0.0109134943933,0.0100328643131,0.0170786295325,0.00625,0.00625,0.00625,0.0
0.0142552119233,0.0166290712041,0.912340728639,0.0109134943915,0.0100328643117,0.0170786295303,0.00625,0.00625,0.00625,0.0
0.0142552119227,0.016629071203,0.912340728646,0.01091349439,0.0100328643105,0.0170786295277,0.00625,0.00625,0.00625,0.0
0.0142552119225,0.0166290712025,0.912340728652,0.0109134943887,0.0100328643095,0.017078629525,0.00625,0.00625,0.00625,0.0
0.0142552119226,0.0166290712026,0.912340728656,0.0109134943877,0.0100328643088,0.0170786295222,0.00625,0.00625,0.00625,0.0
0.0142552119231,0.0166290712031,0.912340728659,0.010913494387,0.0100328643082,0.0170786295195,0.00625,0.00625,0.00625,0.0
0.0142552119238,0.0166290712039,0.912340728661,0.0109134943864,0.0100328643079,0.0170786295169,0.00625,0.00625,0.00625,0.0
0.0142552119246,0.016629071205,0.912340728662,0.0109134943861,0.0100328643077,0.0170786295146,0.00625,0.00625,0.00625,0.0
0.0142552119256,0.0166290712063,0.912340728662,0.010913494386,0.0100328643077,0.0170786295125,0.00625,0.00625,0.00625,0.0
0.0142552119267,0.0166290712077,0.912340728661,0.0109134943861,0.0100328643078,0.0170786295108,0.00625,0.00625,0.00625,0.0
0.0142552119278,0.0166290712091,0.912340728659,0.0109134943863,0.0100328643081,0.0170786295094,0.00625,0.00625,0.00625,0.0
0.0142552119288,0.0166290712105,0.912340728657,0.0109134943867,0.0100328643084,0.0170786295083,0.00625,0.00625,0.00625,0.0
0.0142552119298,0.0166290712119,0.912340728655,0.0109134943871,0.0100328643088,0.0170786295075,0.00625,0.00625,0.00625,0.0
0.0142552119307,0.0166290712131,0.912340728652,0.0109134943875,0.0100328643092,0.0170786295071,0.00625,0.00625,0.00625,0.0
0.0142552119314,0.0166290712142,0.91234072865,0.010913494388,0.0100328643096,0.0170786295069,0.00625,0.00625,0.00625,0.0
0.0142552119321,0.0166290712151,0.912340728647,0.0109134943885,0.0100328643101,0.0170786295069,0.00625,0.00625,0.00625,0.0
0.0142552119326,0.0166290712159,0.912340728645,0.010913494389,0.0100328643105,0.0170786295072,0.00625,0.00625,0.00625,0.0
0.014255211933,0.0166290712164,0.912340728643,0.0109134943895,0.0100328643108,0.0170786295076,0.00625,0.00625,0.00625,0.0
0.0142552119332,0.0166290712169,0.912340728641,0.0109134943899,0.0100328643112,0.0170786295081,0.00625,0.00625,0.00625,0.0
0.0142552119334,0.0166290712171,0.912340728639,0.0109134943902,0.0100328643114,0.0170786295087,0.00625,0.00625,0.00625,0.0
0.0142552119334,0.0166290712172,0.912340728638,0.0109134943905,0.0100328643117,0.0170786295093,0.00625,0.00625,0.00625,0.0
0.0142552119334,0.0166290712172,0.912340728637,0.0109134943908,0.0100328643118,0.01707862951,0.00625,0.00625,0.00625,0.0
0.0142552119333,0.0166290712171,0.912340728636,0.010913494391,0.010032864312,0.0170786295106,0.00625,0.00625,0.00625,0.0
0.0142552119331,0.0166290712169,0.912340728636,0.0109134943911,0.0100328643121,0.0170786295112,0.00625,0.00625,0.00625,0.0
0.0142552119329,0.0166290712167,0.912340728635,0.0109134943912,0.0100328643121,0.0170786295118,0.00625,0.00625,0.00625,0.0
0.0142552119327,0.0166290712164,0.912340728635,0.0109134943912,0.0100328643121,0.0170786295123,0.00625,0.00625,0.00625,0.0
0.0142552119324,0.0166290712161,0.912340728636,0.0109134943912,0.0100328643121,0.0170786295127,0.00625,0.00625,0.00625,0.0
0.0142552119322,0.0166290712157,0.912340728636,0.0109134943911,0.010032864312,0.017078629513,0.00625,0.00625,0.00625,0.0
0.0142552119319,0.0166290712154,0.912340728636,0.010913494391,0.0100328643119,0.0170786295132,0.00625,0.00625,0.00625,0.0
0.0142552119317,0.0166290712151,0.912340728637,0.0109134943909,0.0100328643118,0.0170786295134,0.00625,0.00625,0.00625,0.0
0.0142552119315,0.0166290712148,0.912340728638,0.0109134943908,0.0100328643117,0.0170786295135,0.00625,0.00625,0.00625,0.0
