-0.5 0.5,-0.5 1.0,-0.5 1.5,-0.5 2.0,0.0 1.0,0.0 1.5,0.0 2.0,other
0.015625,0.015625,0.015625,0.015625,0.015625,0.015625,0.015625,0.890625
0.0155236615371,0.0188745897169,0.0175686196405,0.0174667515755,0.0171758027929,0.0169878438411,0.0180123264017,0.878390404494
0.015392486852,0.0227593957402,0.0197283985268,0.0195100823912,0.0188389384212,0.0184363856736,0.0207004200769,0.864633892318
0.0152290283517,0.0273864476957,0.022120089047,0.0217712055395,0.02061127198,0.0199673672279,0.023706340737,0.849208249421
0.0150308949586,0.0328741640533,0.0247581248729,0.0242658269424,0.0224862249332,0.0215750545382,0.0270412317178,0.831968477984
0.0147958643461,0.0393509907398,0.0276547681192,0.0270085062295,0.0244531014321,0.023250820823,0.0307079041807,0.812778044129
0.0145220258456,0.0469528386959,0.0308190996818,0.030011864548,0.0264964481437,0.0249827662476,0.0346981758537,0.791516780984
0.0142079539599,0.0558190275357,0.0342558762925,0.033285640706,0.0285955211507,0.0267554228388,0.0389901480586,0.768090409458
0.0138529082865,0.0660864939449,0.0379643052639,0.0368356153431,0.0307239548892,0.0285496046361,0.0435457037847,0.742441413852
0.0134570499765,0.0778821484143,0.0419368211229,0.0406624474909,0.032849744096,0.0303424706967,0.0483086073569,0.714560710846
0.0130216579777,0.0913134800755,0.0461579836135,0.0447604977314,0.0349356535722,0.0321078677778,0.0532036578172,0.684499201435
0.0125493211378,0.106457820787,0.0506036475125,0.0491167441546,0.0369401546898,0.0338170062471,0.0581373608989,0.652377944572
0.0120440762214,0.123351064785,0.0552405724682,0.0537099261702,0.0388189455464,0.0354394939073,0.0630005048813,0.61839541602
0.0115114590437,0.141977041456,0.0600266353467,0.0585100692815,0.0405270409881,0.0369447074563,0.0676728308465,0.582830215581
0.0109584384385,0.162259058933,0.0649117691002,0.0634785419182,0.0420213239593,0.0383034240104,0.0720296804571,0.546037763183
0.0103932124673,0.184055250957,0.0698396766069,0.0685687646727,0.0432633449386,0.0394895746081,0.0759501245827,0.508440051167
0.0098248636459,0.207159151577,0.0747502600371,0.0737276281213,0.0442220650787,0.0404819318616,0.0793257042196,0.470508395459
0.00926289328016,0.231306332793,0.079582582714,0.0788975812592,0.0448761894488,0.0412655208644,0.082068656614,0.432740243027
0.00871667988304,0.256187019794,0.0842780685524,0.0840192426262,0.0452157538098,0.0418325588782,0.0841184523755,0.39563222408
0.00819492651162,0.28146352977,0.0887835757862,0.0890342848678,0.0452427210211,0.0421827888592,0.0854456833551,0.359652489829
0.00770516986559,0.3067904452,0.0930539823552,0.0938882796651,0.0449704978088,0.0423231651095,0.0860527865902,0.325215673406
0.00725341579321,0.331834918653,0.0970539976316,0.0985331868017,0.0444224625988,0.0422669543166,0.085971655733,0.292663408472
0.00684394227861,0.356294583409,0.100759052101,0.102929234394,0.0436297518531,0.042032404121,0.085258720827,0.262252311016
0.00647927862634,0.379911176117,0.104155274822,0.107046049465,0.042628644199,0.0416411809416,0.0839884275028,0.234149968327
0.00616033837824,0.402478928231,0.107238702804,0.110863023602,0.0414578914614,0.0411167803312,0.0822461473236,0.208438187869
0.00588666233896,0.423847731381,0.110013944534,0.114369000525,0.0401562865713,0.0404830752981,0.0801214259101,0.185121873441
0.00565672082056,0.44392177886,0.112492535095,0.117561430607,0.0387606630854,0.0397631108619,0.0777022158636,0.164141544807
0.00546822897782,0.462654748115,0.114691190188,0.120445154541,0.0373044232248,0.0389781967256,0.0750704508986,0.145387607329
0.00531844068068,0.48004268101,0.116630117252,0.123030971543,0.0358166107075,0.0381473057747,0.0722990660618,0.128714806971
0.00520439953233,0.496115653035,0.118331493651,0.125334132435,0.0343214857622,0.0372867557921,0.0694503820006,0.113955697792
0.00512313715988,0.510929179919,0.119818181408,0.127372880051,0.0328385199085,0.0364101320777,0.0665756472913,0.100932322185
0.00507181760968,0.524556119945,0.121112713709,0.129167136019,0.0313827051195,0.0355283968714,0.0637154641792,0.0894656465476
0.00504783255659,0.537079603677,0.122236558105,0.130737401903,0.0299650655477,0.0346501270032,0.0609008038996,0.0793826073086
0.00504885543097,0.548587281849,0.123209635744,0.13210390692,0.0285932689668,0.0337818240248,0.0581543406179,0.0705208864463
0.00507286390429,0.55916696237,0.12405005782,0.133286000857,0.0272722553957,0.0329282500007,0.0554918851105,0.0627317245417
0.00511813994857,0.568903540542,0.124774031396,0.134301765684,0.026004825766,0.0320927544984,0.0529237640514,0.0558811781134
0.00518325545839,0.577877026618,0.125395886318,0.135167805456,0.0247921579723,0.0312775711008,0.0504560531281,0.049850243949
0.00526704973526,0.58616143631,0.125928180509,0.135899170305,0.0236342372998,0.0304840726911,0.0480916226034,0.0445342305467
0.00536860340287,0.593824315764,0.126381849546,0.136509373724,0.0225302017007,0.0297129827707,0.0458309890057,0.039841684086
0.00548721180665,0.600926703653,0.126766375556,0.137010469294,0.0214786101646,0.0289645451249,0.0436729875141,0.0356930968869
0.00562235975914,0.607523373691,0.127089958609,0.137413161093,0.0204776458784,0.0282386567965,0.0416152896118,0.0320195545617
0.00577369863189,0.613663241047,0.127359680223,0.13772692944,0.0195252665087,0.0275349702862,0.0396547933895,0.0287614204751
0.00594102621637,0.619389850674,0.127581653311,0.13796015975,0.0186193129942,0.0268529708349,0.0377879125412,0.0258671136789
0.00612426941585,0.624741892805,0.127761156094,0.138120266937,0.0177575866019,0.0261920340402,0.0360107867856,0.0232920073192
0.00632346962406,0.629753711086,0.127902749522,0.138213811074,0.0169379021902,0.0255514682515,0.0343194325169,0.0209974557349
0.00653877054284,0.634455783062,0.128010378943,0.138246602268,0.0161581239295,0.0249305453598,0.0327098486837,0.0189499472112
0.00677040815209,0.638875162439,0.128087461359,0.138223794147,0.0154161882835,0.0243285228414,0.0311780895511,0.0171203732268
0.00701870254398,0.643035878758,0.12813695989,0.138149966209,0.0147101178624,0.0237446592762,0.0297203132403,0.0154834022194
0.00728405135233,0.646959294107,0.128161447063,0.138029195757,0.0140380288378,0.023178225038,0.0283328127312,0.0140169451139
0.00756692453644,0.65066441869,0.128163158506,0.137865120397,0.0133981338849,0.022628509441,0.0270120343068,0.0127017002375
0.00786786030976,0.654168188369,0.128144038451,0.137660992143,0.0127887420848,0.0220948253062,0.0257545871051,0.0115207662303
0.00818746203414,0.657485707775,0.128105778289,0.137419724141,0.0122082568159,0.0215765116657,0.02455724647,0.0104593128088
0.00852639592795,0.66063046272,0.128049849266,0.137143930994,0.0116551723672,0.0210729351374,0.0234169530503,0.00950430053791
0.00888538946128,0.663614505535,0.127977530233,0.136835963541,0.0111280697907,0.0205834903628,0.0223308090625,0.00864424201423
0.00926523033166,0.666448616672,0.127889931236,0.136497938882,0.0106256123548,0.0201075997963,0.0212960727276,0.00786899799965
0.00966676593189,0.669142445611,0.127788013599,0.136131766311,0.0101465408438,0.0196447130561,0.0203101516034,0.00716960304329
0.010090903236,0.671704633775,0.127672607061,0.135739169747,0.0096896688716,0.0191943059899,0.0193705953209,0.00653811599857
0.0105386090412,0.674142921829,0.127544424416,0.135321707173,0.00925387831678,0.0187558795668,0.0184750880766,0.00596749158023
0.0110109105142,0.676464243447,0.127404074049,0.134880787515,0.00883811494732,0.0183289586725,0.0176214411235,0.00545146973142
0.0115088959965,0.678674807337,0.127252070701,0.134417685311,0.00844138427398,0.0179130908648,0.0168075854209,0.00498448009523
0.0120337160328,0.680780169089,0.127088844707,0.13393355352,0.00806274765171,0.0175078451288,0.0160315645471,0.00456155932375
0.0125865845868,0.682785294198,0.126914749967,0.133429434696,0.00770131863508,0.0171128106562,0.0152915279373,0.00417827932334
0.0131687804182,0.684694613405,0.126730070808,0.132906270794,0.00735625958488,0.0167275956694,0.0145857244807,0.0038306848393
0.0137816485926,0.686512071367,0.126535027927,0.132364911769,0.00702677851726,0.0163518262983,0.0139124964916,0.00351523903662
0.0144266021018,0.688241169515,0.126329783522,0.131806123162,0.0067121261834,0.0159851455185,0.0132702740538,0.00322877594412
0.0151051235713,0.689885003837,0.126114445748,0.13123059279,0.00641159336562,0.0156272121528,0.0126575697302,0.00296845880534
0.0158187670334,0.69144629824,0.125889072588,0.130638936677,0.00612450837528,0.015277699937,0.0120729736237,0.0027317435257
0.0165691597452,0.69292743403,0.125653675212,0.130031704326,0.00585023473744,0.0149362966499,0.0115151487715,0.00251634652799
0.0173580040294,0.694330476003,0.125408220914,0.129409383419,0.00558816904768,0.0146027033051,0.0109828268521,0.00232021643063
0.018187079118,0.695657195568,0.125152635668,0.128772404021,0.00533773898739,0.0142766334019,0.0104748041869,0.00214150904886
0.0190582429735,0.696909091262,0.12488680638,0.128121142362,0.00509840148406,0.0139578122335,0.0099899380131,0.00197856529138
0.0199734340667,0.698087406975,0.124610582857,0.127455924251,0.00486964100479,0.0136459762485,0.00952714301182,0.0018298915854
0.020934673085,0.699193148179,0.124323779552,0.126777028166,0.00465096797147,0.0133408724633,0.00908538806901,0.00169414251478
0.021944064544,0.700227096395,0.124026177117,0.126084688082,0.00444191728747,0.0130422579222,0.00866369325412,0.00157010539889
0.0230037982741,0.70118982213,0.123717523792,0.125379096059,0.00424204696635,0.0127498992024,0.00826112699838,0.00145668657711
0.0241161507521,0.702081696475,0.123397536668,0.124660404638,0.00405093685405,0.0124635719605,0.00787680345787,0.00135289919492
0.0252834862428,0.702902901538,0.123065902835,0.123928729067,0.00386818743667,0.0121830605197,0.00750988004691,0.00125785231457
0.0265082577161,0.703653439883,0.122722280461,0.123184149395,0.0036934187269,0.011908157493,0.00715955512874,0.00117074119594
0.0277930075006,0.704333143109,0.122366299812,0.122426712449,0.00352626922258,0.0116386634422,0.00682506585132,0.001090838613
0.0291403676325,0.704941679697,0.121997564232,0.121656433732,0.00336639493154,0.0113743865691,0.00650568611737,0.00101748708815
0.0305530598541,0.705478562269,0.121615651113,0.120873299248,0.00321346845765,0.0111151424389,0.00620072467834,0.000950091941165
0.0320338952167,0.705943154348,0.121220112871,0.120077267284,0.00306717814302,0.0108607537314,0.00590952334316,0.000888115062148
0.0335857732343,0.706334676742,0.120810477946,0.119268270172,0.00292722726226,0.0106110500216,0.00563145529336,0.000831069328749
0.035211680537,0.706652213643,0.120386251843,0.118446216033,0.00279333326473,0.010365867585,0.00536592349665,0.000778513597352
0.0369146889659,0.706894718544,0.119946918244,0.117610990537,0.00266522706116,0.0101250492293,0.00511235921208,0.000730048206177
0.0386979530503,0.70706102006,0.119491940189,0.116762458686,0.00254265235153,0.00988844414807,0.00487022058015,0.000685310935428
0.0405647068052,0.70714982774,0.119020761363,0.115900466634,0.00242536499101,0.00965590779832,0.00463899129192,0.000643973375884
0.0425182597851,0.707159737966,0.118532807502,0.115024843563,0.00231313239145,0.00942730179787,0.00441817933182,0.000605737662829
0.0445619923276,0.707089240001,0.118027487919,0.114135403628,0.00220573295574,0.00920249384324,0.00420731578894,0.000570333537041
0.046699349919,0.706936722284,0.117504197201,0.113231947977,0.00210295554282,0.00898135764585,0.00400595373237,0.000537515698801
0.0489338366159,0.706700479044,0.116962317054,0.112314266868,0.00200459896129,0.00876377288575,0.00381366714627,0.000507061424612
0.0512690074529,0.706378717301,0.116401218347,0.111382141888,0.00191047148947,0.00854962518116,0.00363004992067,0.000478768419617
0.0537084597733,0.705969564335,0.115820263346,0.110435348276,0.00182039042037,0.00833880607282,0.00345471489465,0.000452452881613
0.0562558234162,0.705471075685,0.115218808162,0.109473657382,0.00173418162971,0.00813121302131,0.00328729294818,0.000427947755135
0.0589147497032,0.704881243748,0.114596205436,0.108496839235,0.00165167916549,0.00792674941603,0.00312743213995,0.000405101156353
0.0616888991686,0.704198007034,0.113951807247,0.107504665259,0.00157272485774,0.00772532459387,0.00297479688794,0.000383774951582
0.0645819279886,0.703419260135,0.113284968281,0.106496911119,0.00149716794705,0.00752685386586,0.00282906719037,0.00036384347395
0.0675974730684,0.702542864456,0.112595049248,0.105473359699,0.00142486473062,0.00733125854967,0.00268993788433,0.000345192364421
0.0707391357648,0.701566659747,0.111881420566,0.104433804227,0.00135567822479,0.00713846600574,0.00255711794002,0.000327717524764
0.0740104642277,0.700488476471,0.111143466299,0.103378051525,0.00128947784285,0.00694840967478,0.00243032978828,0.000311324171322
0.0774149343649,0.699306149025,0.110380588365,0.102305925386,0.00122613908722,0.00676102911382,0.00230930867957,0.000295925979591
0.0809559294513,0.698017529831,0.109592210986,0.101217270065,0.00116554325499,0.00657627002836,0.00219380207247,0.000281444310615
0.0846367184226,0.696620504289,0.108777785396,0.100111953877,0.0011075771561,0.00639408429743,0.00208356905009,0.000267807511091
0.0884604329189,0.695113006567,0.107936794762,0.0989898728774,0.00105213284322,0.00621442998873,0.00197837976273,0.00025495027992
0.0924300431676,0.693493036207,0.107068759322,0.0978509546,0.00099910735272,0.00603727136045,0.00187801489544,0.000242813094632
0.0965483328229,0.691758675483,0.106173241697,0.0966951618439,0.000948402456052,0.00586257884654,0.001782265159,0.000231341691783
0.100817872908,0.689908107438,0.10524985235,0.0955224964611,0.000899924420879,0.00569032902223,0.00169093080328,0.000220486595978
0.105240995035,0.687939634516,0.104298255153,0.0943330031231,0.000853583781528,0.0055205045461,0.00160382115162,0.00021020269274
0.109819764118,0.685851697659,0.103318173009,0.0931267730235,0.000809295118227,0.00535309407574,0.00152075415546,0.00020044884086
0.114555950804,0.683642895749,0.102309393482,0.0919039474774,0.00076697684475,0.00518809215355,0.00144155596806,0.000191187520337
0.119451003914,0.681312005222,0.101271774379,0.0906647213709,0.000726551004116,0.0050254990598,0.00136606053667,0.000182384512369
0.124506023176,0.678857999682,0.100205249206,0.0894093464134,0.000687943072068,0.00486532063016,0.00129410921227,0.000174008608216
0.129721732585,0.676280069311,0.0991098324378,0.088138134142,0.000651081768102,0.00470756803539,0.00122555037626,0.000166031344055
0.135098454754,0.673577639859,0.0979856245237,0.0868514586246,0.000615898873871,0.00455225752115,0.00116023908354,0.000158426759261
0.140636086607,0.670750390972,0.096832816548,0.0855497588099,0.000582329058872,0.00439941010668,0.00109803672147,0.000151171175762
0.146334076815,0.667798273616,0.0956516944639,0.0842335404692,0.000550309713319,0.00424905124149,0.00103881068415,0.000144242996401
0.152191405371,0.664721526337,0.094442642821,0.082903377681,0.00051978078822,0.00410121042005,0.000982434061882,0.000137622520406
0.158206565685,0.661520690091,0.0932061479009,0.0815599138058,0.000490684642635,0.00395592075525,0.000928785345165,0.000131291774318
0.164377549609,0.658196621387,0.0919428001847,0.0802038619085,0.000462965898209,0.00381321851211,0.00087774814322,0.000125234356842
0.17070183573,0.654750503488,0.0906532960763,0.0788360045873,0.000436571301027,0.00367314260428,0.000829210916599,0.000119435296315
0.177176381308,0.651183855413,0.0893384388137,0.0774571931749,0.000411449590891,0.00353573405657,0.000783066723736,0.000113880919602
0.183797618138,0.647498538537,0.0879991385088,0.0760683462875,0.000387551378133,0.00340103543789,0.000739212981187,0.000108558731359
0.19056145262,0.643696760571,0.0866364112666,0.0746704477043,0.000364829028041,0.00326909026958,0.00069755123737,0.000103457302756
0.197463270227,0.639781076758,0.0852513773476,0.0732645435708,0.000343236552997,0.003139942415,0.00065798695956,9.85661688562e-05
0.204497944528,0.635754388154,0.0838452583505,0.0718517389299,0.000322729512392,0.00301363545724,0.000620429333936,9.38757339299e-05
0.211659850835,0.631619936904,0.0824193734087,0.0704331935982,0.000303264920341,0.00289021207182,0.000584791078384,8.93771841047e-05
0.218942884483,0.627381298458,0.0809751344086,0.0690101174116,0.000284801161196,0.00276971340236,0.000550988267802,8.50624068135e-05
0.226340483655,0.623042370754,0.0795140402589,0.0675837648837,0.000267297912808,0.00265217844711,0.000518940171549,8.09239165794e-05
0.233845656604,0.618607360392,0.0780376702507,0.0661554293227,0.000250716077419,0.00253764346433,0.00048856910268,7.6954786739e-05
0.241451013035,0.61408076593,0.0765476765726,0.064726436472,0.000235017720025,0.00242614140481,0.000459800278535,7.31485867523e-05
0.249148799339,0.609467358454,0.0750457760541,0.0632981377425,0.000220166013976,0.00231770137905,0.000432561692216,6.94993247974e-05
0.256930937284,0.604772159618,0.0735337412316,0.0618719031168,0.000206125193531,0.0022123481667,0.00040678399442,6.60013953747e-05
0.264789065735,0.600000417412,0.0720133908381,0.06044911381,0.00019286051301,0.00211010177468,0.00038240038507,6.26495316766e-05
0.272714584892,0.595157579956,0.0704865798342,0.0590311547796,0.000180338212138,0.00201097705007,0.000359346514124,5.94387624965e-05
0.280698702503,0.590249267616,0.068955189102,0.0576194071743,0.000168525487122,0.00191498335262,0.000337560390905,5.6364373463e-05
0.288732481488,0.585281243827,0.0674211149326,0.0562152408206,0.000157390466947,0.00182212429072,0.000316982301281,5.34218723937e-05
0.29680688836,0.580259384959,0.0658862584372,0.0548200068355,0.000146902194362,0.00173239752359,0.000297554731986,5.06069585639e-05
0.304912841863,0.575189649624,0.0643525150148,0.0534350304594,0.000137030610966,0.00164579463116,0.000279222301355,4.79154956883e-05
0.313041261234,0.570078047789,0.062821764005,0.0520616041907,0.000127746545826,0.0015623010518,0.00026193169577,4.53434884063e-05
0.321183113498,0.564930610085,0.0612958586478,0.0507009813015,0.000119021707014,0.00148189608721,0.000245631611085,4.28870620602e-05
0.329329459286,0.559753357652,0.0597766164658,0.0493543698042,0.000110828675488,0.00140455297211,0.000230272698347,4.05424455467e-05
0.337471496653,0.554552272869,0.0582658101736,0.0480229269277,0.000103140900729,0.00133023900572,0.000215807513136,3.83059570204e-05
0.34560060246,0.549333271282,0.056765159205,0.0467077541541,9.59326975947e-05,0.00125891574095,0.000202190467888,3.61739922183e-05
0.353708370944,0.544102174992,0.0552763219369,0.0454098928544,8.91792438599e-05,0.00119053922628,0.000189377786616,3.41430151764e-05
0.36178664912,0.53886468777,0.0538008886746,0.0441303205497,8.28565779839e-05,0.00112506029484,0.000177327461478,3.22095511027e-05
0.369827568787,0.53362637207,0.052340375445,0.0428699478151,7.69415966606e-05,0.00106242489443,0.000165999210706,3.03701811741e-05
0.377823574927,0.528392628128,0.0508962186338,0.041629615831,7.14120517844e-05,0.00100257445233,0.000155354437466,2.86215390288e-05
0.385767450378,0.52316867525,0.0494697704822,0.0404100945774,6.62465465058e-05,0.000945446267927,0.000145356189273,2.6960308727e-05
0.393652336722,0.517959535374,0.0480622954492,0.039212081656,6.14245301137e-05,0.00089097392673,0.000135969117653,2.53832239638e-05
0.401471751383,0.512770018942,0.0466749674301,0.0380362017178,5.6926291534e-05,0.000839087729173,0.000127159437802,2.38870683266e-05
0.409219600996,0.507604713086,0.0453088678086,0.036883006466,5.27329512916e-05,0.000789715127855,0.000118894888033,2.24686764009e-05
0.416890191148,0.5024679721,0.0439649843115,0.0357529751966,4.88264518349e-05,0.000742781167299,0.00011114468889,2.1124935541e-05
0.424478232654,0.497363910129,0.0426442106243,0.0346465158365,4.51895461714e-05,0.000698208920701,0.000103879501817,1.98527881392e-05
0.431978844535,0.492296395988,0.041347346719,0.0335639664324,4.18057848069e-05,0.000655919918652,9.70713873537e-05,1.86492342389e-05
0.439387553938,0.487269050016,0.0400750998379,0.0325055970444,3.86595010218e-05,0.000615834565385,9.06937628397e-05,1.75113343564e-05
0.44670029322,0.482285242806,0.0388280860761,0.0314716119924,3.5735794552e-05,0.000577872538705,8.47213596661e-05,1.64362123905e-05
0.453913394464,0.477348095707,0.0376068324982,0.0304621524079,3.30205137724e-05,0.000541953170315,7.91301801267e-05,1.54210585173e-05
0.461023581693,0.472460482914,0.0364117797267,0.0294772990407,3.05002365026e-05,0.000507995803922,7.38974539562e-05,1.446313198e-05
0.468027961049,0.467625035005,0.0352432849376,0.028517075272,2.81622495745e-05,0.000475920129037,6.90015946557e-05,1.35597637032e-05
0.474924009216,0.462844143765,0.0341016251997,0.027581450289,2.59945273154e-05,0.000445646488979,6.44221557209e-05,1.27083586715e-05
0.481709560344,0.458119968128,0.0329870010962,0.0266703423764,2.39857091063e-05,0.00041709616208,6.01397868988e-05,1.19063980287e-05
0.488382791736,0.453454441085,0.0318995405706,0.0257836222849,2.21250761825e-05,0.000390191615617,5.61361906016e-05,1.1151440864e-05
0.494942208549,0.448849277408,0.0308393029405,0.0249211166388,2.04025278416e-05,0.000364856732362,5.23940786091e-05,1.04411256631e-05
0.501386627722,0.444305982033,0.0298062830279,0.024082611349,1.88085572245e-05,0.000341017010089,4.88971291891e-05,9.77317141266e-06
0.507715161368,0.439825858986,0.0288004153594,0.0232678550017,1.73342268246e-05,0.000318599734636,4.56299447601e-05,9.1453783546e-06
0.513927199808,0.435410020696,0.0278215783915,0.0224765621947,1.59711438785e-05,0.00029753412745,4.25780102145e-05,8.55562839296e-06
0.520022394431,0.431059397604,0.0268695987241,0.0217084168,1.4711435778e-05,0.000277751468727,3.97276520117e-05,8.00188516358e-06
0.526000640544,0.426774747942,0.0259442552671,0.0209630751315,1.35477256332e-05,0.000259185197472,3.70659981404e-05,7.48219378109e-06
0.531862060352,0.422556667597,0.0250452833307,0.0202401690023,1.2473108107e-05,0.000241770989886,3.45809390407e-05,6.99468028127e-06
0.53760698618,0.418405599965,0.0241723786134,0.019539308658,1.14811256247e-05,0.000225446817639,3.22610895625e-05,6.53755078055e-06
0.543235944058,0.414321845723,0.0233252010678,0.0188600855755,1.05657450559e-05,0.0002101529876,3.00957520286e-05,6.1090903757e-06
0.548749637751,0.410305572462,0.0225033786246,0.0182020751205,9.72133494676e-06,0.000195832164626,2.80748804571e-05,5.70766180872e-06
0.554148933303,0.406356824105,0.021706510763,0.0175648390562,8.94264337542e-06,0.000182429379044,2.61890459878e-05,5.33170392229e-06
0.559434844163,0.402475530089,0.0209341719149,0.0169479279029,8.22477648567e-06,0.000169892020371,2.44294035472e-05,4.97972993136e-06
0.564608516935,0.398661514242,0.0201859146963,0.0163508831445,7.56317774722e-06,0.000158169818844,2.27876597752e-05,4.65032553612e-06
0.569671217784,0.394914503358,0.0194612729603,0.0157732392838,6.95360797849e-06,0.000147214816212,2.12560422287e-05,4.342146901e-06
0.574624319526,0.391234135415,0.0187597646692,0.015214525748,6.3921261588e-06,0.000136981327206,1.98272698679e-05,4.05391852312e-06
0.579469289412,0.387619967437,0.0180808945845,0.0146742686466,5.8750710482e-06,0.000127425893004,1.84945248236e-05,3.78443101262e-06
0.584207677619,0.384071482981,0.0174241567769,0.0141519923872,5.39904362534e-06,0.000118507227945,1.72514254357e-05,3.53253880561e-06
0.588841106437,0.380588099245,0.0167890369571,0.0136472211516,4.96089034641e-06,0.00011018616061,1.60920005489e-05,3.29715782935e-06
0.593371260151,0.37716917379,0.0161750146336,0.0131594802402,4.55768722247e-06,0.000102425570358,1.50106650445e-05,3.07726313728e-06
0.597799875606,0.373814010877,0.0155815651002,0.0126882972885,4.18672470672e-06,9.5190320256e-05,1.40021965826e-05,2.87188653006e-06
0.602128733439,0.370521867429,0.0150081612602,0.0122332033627,3.84549337865e-06,8.84471872885e-05,1.30617135254e-05,2.68011417742e-06
0.606359649947,0.367291958618,0.0144542752938,0.0117937339412,3.53167040838e-06,8.21647906247e-05,1.21846540094e-05,2.50108425344e-06
0.610494469587,0.364123463085,0.0139193801747,0.0113694297874,3.24310678078e-06,7.63135186509e-05,1.1366756131e-05,2.33398459705e-06
0.614535058063,0.361015527811,0.013402951044,0.0109598377222,2.9778152567e-06,7.08654553843e-05,1.06040392071e-05,2.17805040753e-06
0.618483295993,0.357967272643,0.0129044664488,0.0105645113009,2.73395904626e-06,6.57943068143e-05,9.89278607304e-06,2.03256198358e-06
0.622341073111,0.354977794497,0.0124234094521,0.010183011402,2.5098411677e-06,6.10753276469e-05,9.22952637681e-06,1.89684251347e-06
0.626110282985,0.352046171237,0.0119592686237,0.0098149067347,2.30389446403e-06,5.66852488611e-05,8.61102082869e-06,1.77025592208e-06
0.629792818222,0.349171465261,0.0115115389175,0.00945977426967,2.11467224902e-06,5.26022064262e-05,8.03424636551e-06,1.65220478001e-06
0.63339056613,0.346352726803,0.0110797224441,0.00911719960075,1.94083955349e-06,4.88056714731e-05,7.49638218799e-06,1.54212827865e-06
0.636905404812,0.343588996956,0.0106633291451,0.00878677724221,1.78116494301e-06,4.52763821647e-05,6.99479663051e-06,1.43950027429e-06
0.640339199656,0.340879310447,0.0102618773772,0.00846811086734,1.63451287793e-06,4.19962774627e-05,6.52703482275e-06,1.34382740338e-06
0.643693800202,0.338222698168,0.00987489441173,0.0081608134935,1.49983658715e-06,3.89484329493e-05,6.09080710377e-06,1.25464727057e-06
0.646971037367,0.335618189482,0.0095019168573,0.00786450761852,1.37617142764e-06,3.61169988239e-05,5.68397814963e-06,1.17152671026e-06
0.650172720976,0.333064814314,0.00914249101072,0.00757882531293,1.26262870213e-06,3.34871401658e-05,5.30455677701e-06,1.09406012199e-06
0.653300637615,0.330561605045,0.00879617314318,0.00730340827256,1.15838990853e-06,3.10449795232e-05,4.95068638625e-06,1.02186787923e-06
0.656356548741,0.328107598223,0.00846252972665,0.00703790783518,1.06270139511e-06,2.87775418646e-05,4.62063600851e-06,9.54594811188e-07
0.659342189063,0.325701836094,0.00814113760597,0.00678198496535,9.7486939683e-07,2.66727019068e-05,4.31279192311e-06,8.91908756338e-07
0.662259265146,0.323343367984,0.00783158412183,0.00653531021058,8.94255428925e-07,2.47191338174e-05,4.02564981238e-06,8.33499186388e-07
0.665109454242,0.321031251518,0.00753346718902,0.00629756363229,8.20272014953e-07,2.29062632706e-05,3.7578074227e-06,7.7907589911e-07
0.667894403312,0.318764553713,0.00724639533461,0.00606843471446,7.52378727684e-07,2.12242218244e-05,3.50795770204e-06,7.28367778146e-07
0.670615728222,0.31654235194,0.00696998769993,0.00584762225269,6.90078522127e-07,1.96638035741e-05,3.27488238518e-06,6.81121617806e-07
0.673275013118,0.31436373476,0.00670387401031,0.00563483422626,6.32914341136e-07,1.82164240307e-05,3.05744599977e-06,6.37101010741e-07
0.675873809937,0.312227802669,0.006447694516,0.00542978765547,5.80465975068e-07,1.68740811614e-05,2.85459026728e-06,5.96085296236e-07
0.678413638058,0.310133668725,0.00620109990756,0.00523220844637,5.32347157974e-07,1.56293185272e-05,2.66532887448e-06,5.57868566847e-07
0.680895984076,0.308080459095,0.00596375120873,0.0050418312248,4.8820288385e-07,1.44751904462e-05,2.48874259218e-06,5.22258731032e-07
0.683322301684,0.306067313518,0.00573531964955,0.00485839916159,4.4770692741e-07,1.34052291086e-05,2.32397471941e-06,4.89076629408e-07
0.685694011651,0.304093385681,0.00551548652226,0.00468166379034,4.10559554805e-07,1.24134135661e-05,2.17022683235e-06,4.58155202287e-07
0.688012501895,0.302157843544,0.0053039430223,0.00451138481935,3.7648541062e-07,1.14941405184e-05,2.02675481841e-06,4.29338706128e-07
0.69027912763,0.300259869578,0.00510039007659,0.00434732993903,3.45231568335e-07,1.06421968192e-05,1.89286517711e-06,4.02481976592e-07
0.692495211584,0.298398660968,0.00490453816098,0.00418927462576,3.16565732277e-07,9.85273362138e-06,1.76791157046e-06,3.77449735927e-07
0.694662044278,0.296573429746,0.00471610710865,0.0040370019435,2.90274579872e-07,9.12124208548e-06,1.65129160648e-06,3.54115942445e-07
0.696780884359,0.294783402886,0.0045348259111,0.00389030234389,2.66162233764e-07,8.44353057397e-06,1.54244384057e-06,3.32363179925e-07
0.698852958988,0.293027822353,0.00436043251314,0.00374897346577,2.44048854052e-07,7.81570325647e-06,1.44084498044e-06,3.12082084842e-07
0.700879464258,0.291305945116,0.00419267360324,0.00361281993485,2.23769341614e-07,7.23414005262e-06,1.34600728093e-06,2.93170809373e-07
0.702861565653,0.289617043122,0.0040313044004,0.00348165316416,2.05172144061e-07,6.69547784129e-06,1.25747611627e-06,2.75534518223e-07
0.704800398542,0.28796040324,0.00387608843858,0.00335529115585,1.88118156511e-07,6.19659286726e-06,1.17482771778e-06,2.59084917379e-07
0.706697068692,0.286335327182,0.00372679734971,0.00323355830492,1.72479709891e-07,5.73458427878e-06,1.09766706597e-06,2.43739812982e-07
0.708552652806,0.284741131395,0.00358321064609,0.00311628520516,1.5813964003e-07,5.30675873178e-06,1.02562592668e-06,2.29422698567e-07
0.710368199078,0.283177146931,0.00344511550294,0.00300330845788,1.44990431281e-07,4.91061599954e-06,9.58361021471e-07,2.16062369038e-07
0.712144727763,0.281642719297,0.00331230654179,0.00289447048358,1.32933428864e-07,4.54383552858e-06,8.95552323227e-07,2.03592559761e-07
0.713883231757,0.280137208296,0.00318458561526,0.00278961933695,1.21878114579e-07,4.20426388488e-06,8.36901468512e-07,1.91951609307e-07
0.715584677186,0.278659987838,0.00306176159385,0.00268860852535,1.1174144089e-07,3.88990303648e-06,7.8213027866e-07,1.81082144375e-07
0.717250004,0.277210445757,0.00294365015511,0.00259129683107,1.0244721882e-07,3.59889942168e-06,7.30979382253e-07,1.7093078557e-07
0.718880126573,0.2757879836,0.00283007357555,0.00249754813735,9.39255553666e-08,3.32953375416e-06,6.83206932065e-07,1.61447872726e-07
0.720475934298,0.274392016419,0.00272086052582,0.00240723125853,8.6112336546e-08,3.08021151912e-06,6.38587409994e-07,1.52587208555e-07
0.722038292192,0.273021972546,0.0026158458692,0.00232021977415,7.89487524184e-08,2.84945411694e-06,5.96910513981e-07,1.44305819491e-07
0.723568041485,0.271677293369,0.00251487046387,0.0022363918673,7.23808607537e-08,2.63589061299e-06,5.57980121294e-07,1.36563732606e-07
0.725066000219,0.270357433099,0.00241778096903,0.00215563016716,6.63591862483e-08,2.43825005476e-06,5.21613322926e-07,1.29323767603e-07
0.726532963834,0.269061858531,0.00232442965508,0.00207782159575,6.0838352442e-08,2.25535431965e-06,4.87639524249e-07,1.22551342894e-07
0.727969705752,0.267790048809,0.00223467421806,0.00200285721891,5.57767437084e-08,2.08611145864e-06,4.55899607343e-07,1.16214294863e-07
0.729376977949,0.266541495178,0.00214837759831,0.00193063210157,5.11361948972e-08,1.92950950335e-06,4.26245150786e-07,1.10282709455e-07
0.730755511525,0.265315700745,0.0020654078036,0.00186104516718,4.68817063958e-08,1.78461070583e-06,3.98537702929e-07,1.04728765278e-07
0.732106017266,0.264112180234,0.00198563773668,0.00179399906133,4.29811825558e-08,1.65054618217e-06,3.7264810499e-07,9.95265874622e-08
0.733429186188,0.262930459741,0.00190894502735,0.00172940001952,3.94051915906e-08,1.52651093291e-06,3.48455860522e-07,9.46521115714e-08
0.734725690084,0.261770076491,0.00183521186896,0.00166715773902,3.61267452021e-08,1.41175921495e-06,3.2584854808e-07,9.00829568862e-08
0.73599618205,0.260630578595,0.00176432485952,0.00160718525472,3.31210963323e-08,1.30560024093e-06,3.04721274091e-07,8.57983084439e-08
0.737241297009,0.25951152481,0.00169617484722,0.00154939881897,3.03655535634e-08,1.20739418397e-06,2.84976163165e-07,8.17788072403e-08
0.738461652217,0.258412484301,0.00163065678047,0.00149371778528,2.783931081e-08,1.11654846677e-06,2.66521883273e-07,7.80064480494e-08
0.739657847766,0.257333036401,0.0015676695623,0.00144006449585,2.55232910528e-08,1.0325143155e-06,2.49273203379e-07,7.44644843412e-08
0.740830467068,0.256272770379,0.00150711590925,0.00138836417279,2.3400002968e-08,9.54783560267e-07,2.33150581295e-07,7.11373398197e-08
0.741980077333,0.25523128521,0.00144890221448,0.00133854481302,2.14534093937e-08,8.82885665023e-07,2.1807977968e-07,6.80105261293e-08
0.743107230036,0.254208189346,0.00139293841517,0.00129053708669,1.96688066656e-08,8.16384970903e-07,2.03991508238e-07,6.50705663075e-08
0.744212461369,0.253203100491,0.00133913786413,0.00124427423909,1.80327139281e-08,7.54878138142e-07,1.9082109032e-07,6.23049235927e-08
0.745296292683,0.252215645381,0.00128741720549,0.00119969199591,1.65327716032e-08,6.97991772612e-07,1.78508152235e-07,5.97019352165e-08
0.746359230925,0.251245459563,0.00123769625446,0.00115672847182,1.51576482623e-08,6.45380223995e-07,1.66996333733e-07,5.72507508407e-08
0.747401769053,0.250292187189,0.00118989788094,0.00111532408223,1.38969552107e-08,5.96723543486e-07,1.56233018176e-07,5.49412753148e-08
0.748424386446,0.249355480798,0.00114394789717,0.0010754214581,1.27411681484e-08,5.51725589717e-07,1.4616908106e-07,5.27641154581e-08
0.749427549308,0.248435001116,0.00109977494891,0.00103696536387,1.16815553253e-08,5.10112272407e-07,1.3675865563e-07,5.07105305858e-08
0.750411711049,0.247530416851,0.00105731041051,0.000999902618237,1.07101116531e-08,4.71629923897e-07,1.27958914399e-07,4.87723865193e-08
0.751377312667,0.246641404497,0.00101648828345,0.00096418201777,9.81949828342e-09,4.36043789477e-07,1.19729865495e-07,4.69421128381e-08
0.752324783112,0.24576764814,0.000977245098383,0.000929754263302,9.00298720045e-09,4.03136627984e-07,1.12034162811e-07,4.52126631474e-08
0.753254539645,0.244908839269,0.000939519820589,0.000896571888964,8.25441041251e-09,3.72707414771e-07,1.04836929013e-07,4.35774781508e-08
0.754166988182,0.244064676591,0.00090325375875,0.000864589193796,7.56811336337e-09,3.44570139686e-07,9.81055905296e-08,4.20304513312e-08
0.755062523632,0.243234865848,0.000868390476899,0.000833762175853,6.93891221322e-09,3.18552693218e-07,9.18097236926e-08,4.05658970574e-08
0.755941530221,0.242419119643,0.000834875709501,0.000804048468714,6.36205466917e-09,2.94495834449e-07,8.59209112808e-08,3.91785209472e-08
0.756804381816,0.241617157263,0.000802657279558,0.000775407280329,5.83318407105e-09,2.72252234891e-07,8.04126087436e-08,3.78633923258e-08
0.757651442222,0.240828704515,0.000771685019639,0.000747799334107,5.34830646282e-09,2.51685592708e-07,7.52600194488e-08,3.66159186353e-08
0.758483065491,0.240053493555,0.000741910695764,0.000721186812187,4.90376040177e-09,2.32669812223e-07,7.04399783384e-08,3.54318216553e-08
0.759299596208,0.239291262735,0.000713287934026,0.000695533300801,4.49618927857e-09,2.15088243954e-07,6.59308434176e-08,3.4307115408e-08
0.760101369768,0.238541756438,0.000685772149892,0.000670803737668,4.12251593976e-09,1.98832980776e-07,6.17123945449e-08,3.32380856285e-08
0.760888712658,0.237804724929,0.000659320480075,0.00064696436134,3.77991942138e-09,1.8380420611e-07,5.77657390253e-08,3.22212706901e-08
0.761661942713,0.237079924206,0.000633891716908,0.000623982662442,3.46581361861e-09,1.69909590343e-07,5.4073223544e-08,3.12534438813e-08
0.762421369375,0.236367115851,0.000609446245129,0.000601827336724,3.17782773039e-09,1.57063731955e-07,5.06183520096e-08,3.03315969386e-08
0.763167293946,0.235666066893,0.000585945980997,0.00058046823987,2.91378833171e-09,1.45187640057e-07,4.73857089061e-08,2.94529247471e-08
0.763900009824,0.234976549663,0.000563354313674,0.000559876344006,2.67170293811e-09,1.34208255337e-07,4.4360887779e-08,2.86148111245e-08
0.764619802736,0.234298341667,0.000541636048771,0.000540023695828,2.44974493843e-09,1.24058006553e-07,4.1530424508e-08,2.78148156136e-08
0.76532695097,0.233631225447,0.000520757354008,0.000520883376313,2.24623978196e-09,1.14674400001e-07,3.88817350419e-08,2.70506612102e-08
0.766021725591,0.232974988458,0.000500685706902,0.000502429461935,2.05965231572e-09,1.05999639486e-07,3.64030572944e-08,2.63202229602e-08
0.766704390652,0.232329422943,0.000481389844416,0.000484636987347,1.88857517615e-09,9.79802745921e-08,3.40833969179e-08,2.56215173651e-08
0.767375203404,0.231694325808,0.0004628397145,0.000467481909465,1.73171814742e-09,9.05668751293e-08,3.19124766951e-08,2.4952692537e-08
0.768034414495,0.231069498508,0.000445006429457,0.000450941072908,1.58789840602e-09,8.37137298418e-08,2.9880689303e-08,2.43120190515e-08
0.76868226816,0.23045474693,0.000427862221069,0.000434992176741,1.4560315778e-09,7.73785675798e-08,2.79790532224e-08,2.36978814469e-08
0.769319002414,0.229849881281,0.000411380397421,0.000419613742473,1.33512353982e-09,7.15222992718e-08,2.61991715805e-08,2.31087703254e-08
0.769944849229,0.229254715977,0.000395535301363,0.000404785083262,1.22426290504e-09,6.61087791581e-08,2.45331937305e-08,2.2543275013e-08
0.770560034713,0.228669069541,0.000380302270544,0.000390486274288,1.12261413295e-09,6.11045838569e-08,2.29737793817e-08,2.20000767371e-08
0.771164779279,0.228092764498,0.000365657598976,0.00037669812424,1.02941121402e-09,5.64788079405e-08,2.15140651111e-08,2.14779422873e-08
0.771759297811,0.227525627271,0.000351578500049,0.000363402147887,9.43951880288e-10,5.22028747965e-08,2.01476330956e-08,2.09757181228e-08
0.772343799824,0.226967488088,0.000338043070974,0.000350580539679,8.65592298034e-10,4.82503616362e-08,1.88684819153e-08,2.04923248958e-08
0.772918489619,0.226418180886,0.000325030258568,0.000338216148358,7.93742202652e-10,4.45968376012e-08,1.76709992902e-08,2.00267523612e-08
0.773483566433,0.225877543213,0.000312519826364,0.000326292452513,7.27860438693e-10,4.12197139906e-08,1.65499366203e-08,1.95780546444e-08
0.774039224584,0.225345416144,0.000300492322966,0.000314793537076,6.67450871418e-10,3.80981057086e-08,1.5500385208e-08,1.91453458425e-08
0.774585653615,0.224821644192,0.000288929051635,0.000303704070697,6.12058638884e-10,3.52127030949e-08,1.45177540512e-08,1.87277959353e-08
0.775123038426,0.22430607522,0.000277812041028,0.000293009283978,5.61266716202e-10,3.25456533654e-08,1.35977491021e-08,1.83246269824e-08
0.775651559409,0.223798560359,0.000267124017073,0.000282694948531,5.14692765953e-10,3.00804509439e-08,1.27363538928e-08,1.79351095889e-08
0.776171392576,0.223298953929,0.000256848375918,0.000272747356825,4.71986250927e-10,2.78018360237e-08,1.1929811438e-08,1.75585596175e-08
0.776682709686,0.222807113356,0.000246969157932,0.000263153302799,4.32825787326e-10,2.56957007433e-08,1.11746073293e-08,1.7194335132e-08
0.777185678357,0.222322899102,0.000237471022698,0.000253900063204,3.96916718402e-10,2.3749002406e-08,1.04674539407e-08,1.68418335541e-08
0.777680462193,0.221846174583,0.000228339224982,0.000244975379653,3.63988890156e-10,2.19496832193e-08,9.8052756735e-09,1.65004890192e-08
0.778167220889,0.221376806103,0.000219559591619,0.000236367441347,3.33794612272e-10,2.02865960645e-08,9.18519516937e-09,1.61697699168e-08
0.778646110345,0.220914662778,0.000211118499302,0.000228064868453,3.06106788844e-10,1.87494358456e-08,8.60452042901e-09,1.58491766024e-08
0.77911728277,0.220459616472,0.000203002853225,0.000220056696114,2.80717204764e-10,1.73286759999e-08,8.06073277519e-09,1.55382392687e-08
0.779580886786,0.220011541727,0.000195200066554,0.000212332359054,2.57434954783e-10,1.60155097842e-08,7.55147560491e-09,1.52365159648e-08
0.780037067527,0.2195703157,0.000187698040691,0.000204881676773,2.36085003379e-10,1.48017959774e-08,7.07454387804e-09,1.49435907533e-08
0.780485966734,0.219135818097,0.000180485146308,0.000197694839293,2.1650686452e-10,1.36800086697e-08,6.62787429387e-09,1.46590719944e-08
0.780927722852,0.218707931116,0.00017355020511,0.000190762393445,1.98553391342e-10,1.26431908312e-08,6.20953611012e-09,1.43825907498e-08
0.781362471118,0.218286539381,0.000166882472311,0.00018407522967,1.82089666581e-10,1.16849113764e-08,5.8177225618e-09,1.41137992964e-08
0.781790343651,0.21787152989,0.000160471619783,0.000177624569319,1.6699198537e-10,1.0799225462e-08,5.45074284053e-09,1.38523697422e-08
0.782211469535,0.217462791954,0.000154307719866,0.000171401952428,1.53146922706e-10,9.98063777638e-09,5.10701459719e-09,1.35979927383e-08
0.782625974901,0.217060217143,0.000148381229805,0.000165399225958,1.40450478533e-10,9.22406859435e-09,4.78505693357e-09,1.33503762788e-08
0.783033983012,0.216663699232,0.000142682976789,0.000159608532469,1.28807293978e-10,8.52482239043e-09,4.48348385061e-09,1.31092445835e-08
0.783435614335,0.21627313415,0.00013720414357,0.000154022299227,1.18129932815e-10,7.87855881829e-09,4.20099812343e-09,1.28743370571e-08
