0.0 0.0,0.0 1.0,0.0 2.0,0.0 3.0,0.0 4.0,1.0 0.0,1.0 1.0,1.0 2.0,1.0 3.0,1.0 4.0,2.0 0.0,2.0 1.0,2.0 2.0,2.0 3.0,2.0 4.0,3.0 0.0,3.0 1.0,3.0 2.0,3.0 3.0,3.0 4.0,4.0 0.0,4.0 1.0,4.0 2.0,4.0 3.0,4.0 4.0,other
0.04,0.04,0.04,0.04,0.04,0.04,0.04,0.04,0.04,0.04,0.04,0.04,0.04,0.04,0.04,0.04,0.04,0.04,0.04,0.04,0.04,0.04,0.04,0.04,0.04,0.0
0.0386217954657,0.0386218272977,0.0386217954838,0.0386218282852,0.0386331674269,0.0386217948718,0.038621794872,0.0386217948718,0.038621794872,0.0386217949445,0.0386217948718,0.0386217948718,0.0386217948718,0.0386217948718,0.0386217948718,0.0386217948718,0.0386217948718,0.0386217948718,0.0386217948718,0.0386217948718,0.0386235830601,0.0387194266471,0.0386236375186,0.0387223999773,0.0728636156875,0.0
0.0362881500315,0.0362882733591,0.0362881490824,0.0362882283269,0.036326177947,0.0362881474668,0.0362881474675,0.0362881474668,0.0362881474673,0.0362881476689,0.0362881474668,0.0362881474668,0.0362881474668,0.0362881474668,0.0362881474668,0.0362881474668,0.0362881474668,0.0362881474668,0.0362881474668,0.0362881474669,0.0362921655517,0.0364912791788,0.0362910869828,0.036440200784,0.12868407655,0.0
0.0326493230243,0.0326500144623,0.0326493088968,0.0326494740771,0.0328049510925,0.0326493048759,0.0326493048783,0.0326493048759,0.0326493048765,0.032649305434,0.0326493048758,0.0326493048758,0.0326493048758,0.0326493048758,0.0326493048758,0.0326493048758,0.0326493048758,0.0326493048758,0.0326493048758,0.0326493048762,0.0326565873744,0.0329703040972,0.0326525178846,0.0328070723218,0.21577087307,0.0
0.0278020260202,0.0278122492391,0.0278016413386,0.0278020371958,0.0291370153906,0.0278016277244,0.0278016277411,0.0278016277238,0.0278016277247,0.0278016300251,0.0278016277237,0.0278016277237,0.0278016277237,0.0278016277237,0.0278016277237,0.0278016277237,0.0278016277238,0.0278016277237,0.0278016277237,0.0278016277267,0.027814968518,0.0282608717811,0.0278044895846,0.0279376908294,0.330802591923,0.0
0.0247654108352,0.0249753418639,0.0247518202027,0.0247526668861,0.0392779858429,0.0247517751623,0.0247517752965,0.0247517751539,0.0247517751551,0.0247517847478,0.0247517751539,0.0247517751539,0.0247517751539,0.0247517751539,0.0247517751539,0.0247517751539,0.0247517751544,0.0247517751539,0.0247517751539,0.0247517751859,0.0247723197341,0.0252979553315,0.0247542900048,0.0248706416717,0.39050493054,0.0
0.0235423792702,0.0241384809871,0.0234933250449,0.0234944435143,0.0668991159702,0.0234932530437,0.0234932533005,0.0234932530238,0.023493253025,0.0234932682396,0.0234932530238,0.0234932530238,0.0234932530238,0.0234932530238,0.0234932530238,0.0234932530239,0.0234932530253,0.0234932530238,0.0234932530238,0.0234932530982,0.0235155481723,0.0240425292901,0.023495616583,0.0236048817119,0.39137486851,0.0
0.0221967415102,0.0231060684037,0.0221147147667,0.0221161166363,0.114981686377,0.0221146095965,0.0221146099257,0.0221146095685,0.0221146095697,0.0221146285468,0.0221146095684,0.0221146095684,0.0221146095684,0.0221146095684,0.0221146095684,0.0221146095686,0.0221146095707,0.0221146095684,0.0221146095684,0.0221146096825,0.0221366073077,0.0226385559993,0.022116805884,0.0222182896336,0.374655250473,0.0
0.0203384379743,0.021401060749,0.0202358429068,0.0202376534192,0.192800067387,0.0202356804343,0.020235680777,0.0202356804033,0.0202356804045,0.0202357008834,0.0202356804032,0.0202356804032,0.0202356804032,0.0202356804032,0.0202356804032,0.0202356804035,0.020235680406,0.0202356804032,0.0202356804032,0.0202356805481,0.0202557805215,0.0207085597186,0.0202376477417,0.0203285151523,0.339921207347,0.0
0.017756956266,0.0187767276797,0.0176526513373,0.0176553734852,0.305364785031,0.0176523318145,0.017652332119,0.0176523317859,0.0176523317871,0.0176523510884,0.0176523317858,0.0176523317858,0.0176523317858,0.0176523317858,0.0176523317858,0.0176523317861,0.0176523317885,0.0176523317858,0.0176523317858,0.0176523319452,0.0176692704129,0.0180497290548,0.0176539835429,0.0177302471932,0.286905279382,0.0
0.0145993020455,0.0154277930109,0.0145111199775,0.0145169189487,0.443723461748,0.0145101087577,0.014510108995,0.0145101087351,0.0145101087363,0.0145101245603,0.014510108735,0.014510108735,0.014510108735,0.014510108735,0.014510108735,0.0145101087352,0.0145101087372,0.014510108735,0.014510108735,0.0145101088877,0.0145231062441,0.0148149443728,0.0145113761122,0.0145698723473,0.221150457903,0.0
0.0114064315285,0.0119936069723,0.011346047846,0.0113642877823,0.583469005612,0.0113409973774,0.0113409975425,0.0113409973617,0.0113409973632,0.011341008744,0.0113409973615,0.0113409973615,0.0113409973615,0.0113409973615,0.0113409973615,0.0113409973616,0.011340997363,0.0113409973615,0.0113409973615,0.01134099749,0.0113500128366,0.0115524359762,0.0113418767388,0.0113824514198,0.154678871153,0.0
0.00876685410756,0.00914288620109,0.00875111379022,0.00881333571502,0.698828172777,0.00872394602421,0.00872394612913,0.00872394601481,0.00872394601696,0.00872395339677,0.00872394601406,0.00872394601406,0.00872394601406,0.00872394601406,0.00872394601406,0.00872394601416,0.00872394601505,0.00872394601413,0.00872394601428,0.00872394611167,0.00872967283586,0.00885825611349,0.00872450479934,0.00875027905045,0.0997757267888,0.0
0.00694909941406,0.00717732658599,0.00703001024259,0.00719589260284,0.778032823488,0.00692259732569,0.00692259738915,0.00692259732128,0.00692259732438,0.0069226018468,0.00692259731954,0.00692259731954,0.00692259731954,0.00692259731954,0.00692259731954,0.0069225973196,0.00692259732014,0.00692259731981,0.00692259732022,0.00692259738959,0.00692606051012,0.00700381887729,0.00692293534888,0.0069385220119,0.0619845464439,0.0
0.00585260555538,0.00599116318222,0.00611135164191,0.00643137939394,0.825468978807,0.00583627534152,0.00583627537997,0.0058362753409,0.00583627534481,0.00583627811151,0.0058362753378,0.0058362753378,0.0058362753378,0.0058362753378,0.0058362753378,0.00583627533784,0.00583627533816,0.00583627533847,0.00583627533923,0.005836275388,0.00583837342154,0.00588548129932,0.00583648019851,0.00584592304622,0.0391941305049,0.0
0.00521841553215,0.00530497876567,0.00571120489326,0.00620471822787,0.852554777167,0.00520806235198,0.00520806237597,0.0052080623541,0.00520806235853,0.00520806409856,0.00520806234966,0.00520806234966,0.00520806234966,0.00520806234966,0.00520806234966,0.00520806234968,0.00520806234989,0.00520806235085,0.00520806235194,0.00520806238679,0.00520937100086,0.00523875389845,0.00520819018265,0.00521408007327,0.026014573182,0.0
0.00484240834953,0.00489810083468,0.00558674201166,0.0062584263128,0.868311435034,0.00483563657883,0.00483563659424,0.00483563658291,0.00483563658761,0.00483563771438,0.00483563657734,0.00483563657734,0.00483563657734,0.00483563657734,0.00483563657734,0.00483563657736,0.00483563657749,0.00483563657905,0.0048356365804,0.00483563660591,0.00483647722639,0.00485535216,0.00483571873785,0.00483950230507,0.0182012871632,0.0
0.00461046315189,0.00464709430958,0.005600941679,0.00645189680845,0.877779135364,0.00460591844438,0.0046059184545,0.00460591844985,0.00460591845468,0.00460591920096,0.0046059184434,0.0046059184434,0.0046059184434,0.0046059184434,0.0046059184434,0.00460591844341,0.00460591844349,0.00460591844556,0.00460591844708,0.00460591846623,0.00460647042128,0.00461886387575,0.00460597242848,0.00460845677691,0.0133819277172,0.0
0.00446257765631,0.0044870464797,0.00568307477564,0.00671305456011,0.883604373008,0.0044594624382,0.00445946244495,0.00445946244467,0.00445946244954,0.00445946295208,0.00445946243755,0.00445946243755,0.00445946243755,0.00445946243755,0.00445946243755,0.00445946243755,0.00445946243761,0.00445946244007,0.00445946244173,0.00445946245644,0.00445983037412,0.00446809158386,0.00445949845738,0.00446115449076,0.0103093614837,0.0
0.00436601298524,0.00438253516699,0.0057957460822,0.0070030663991,0.887229331891,0.00436383672969,0.00436383673423,0.00436383673687,0.00436383674174,0.00436383708443,0.00436383672925,0.00436383672925,0.00436383672925,0.00436383672925,0.00436383672925,0.00436383672925,0.00436383672929,0.00436383673206,0.0043638367338,0.00436383674539,0.00436408449949,0.00436964763736,0.00436386101787,0.004364976217,0.00830318676034,0.0
0.00430190962198,0.00431315353592,0.0059184589526,0.00729973937554,0.889483517184,0.00430036009584,0.00430036009892,0.00430036010354,0.00430036010838,0.00430036034455,0.00430036009554,0.00430036009554,0.00430036009554,0.00430036009554,0.00430036009554,0.00430036009555,0.00430036009557,0.00430036009857,0.00430036010036,0.00430036010973,0.00430052809901,0.00430430024864,0.00430037659633,0.00430113278723,0.00697148187029,0.0
0.00425887116782,0.00426656944056,0.00603982843909,0.00758995289806,0.890866862159,0.00425774459372,0.00425774459582,0.00425774460178,0.0042577446066,0.00425774477097,0.00425774459351,0.00425774459351,0.00425774459351,0.00425774459351,0.00425774459351,0.00425774459352,0.00425774459354,0.00425774459671,0.00425774459853,0.00425774460631,0.00425785904497,0.00426042880155,0.00425775586556,0.00425827103319,0.00607743202532,0.0
0.00422975086694,0.00423504892516,0.00615368672803,0.00786596586589,0.891691403881,0.00422891188249,0.00422891188392,0.00422891189081,0.00422891189559,0.00422891201122,0.00422891188235,0.00422891188235,0.00422891188235,0.00422891188235,0.00422891188235,0.00422891188235,0.00422891188236,0.00422891188566,0.00422891188751,0.00422891189414,0.0042289901017,0.00423074634559,0.00422891961662,0.00422927171292,0.00547253754822,0.0
0.00420994280956,0.00421360742281,0.00625697705495,0.00812343247423,0.892156671826,0.00420930038507,0.00420930038605,0.00420930039357,0.00420930039832,0.00420930048068,0.00420930038497,0.00420930038497,0.00420930038497,0.00420930038497,0.00420930038497,0.00420930038497,0.00420930038498,0.00420930038836,0.00420930039022,0.00420930039603,0.00420935395988,0.00421055686691,0.00420930571288,0.00420954689082,0.00506109906916,0.0
0.00419641976176,0.0041989686934,0.00634852854395,0.00836022829545,0.892392230779,0.0041959121564,0.00419591215707,0.00419591216503,0.00419591216976,0.00419591222931,0.00419591215633,0.00419591215633,0.00419591215633,0.00419591215633,0.00419591215633,0.00419591215633,0.00419591215634,0.00419591215978,0.00419591216164,0.00419591216686,0.00419594890716,0.00419677406637,0.00419591584153,0.00419608129849,0.00478022135303,0.0
0.00418716421829,0.00418894919667,0.0064283031817,0.00857569866435,0.892482922107,0.00418674930859,0.00418674930906,0.00418674931732,0.00418674932202,0.00418674936592,0.00418674930855,0.00418674930855,0.00418674930855,0.00418674930855,0.00418674930855,0.00418674930855,0.00418674930855,0.00418674931204,0.0041867493139,0.00418674931868,0.00418677454505,0.00418734117523,0.00418675186956,0.00418686550338,0.00458798981123,0.0
0.0041808184121,0.00418207937057,0.00649691740419,0.00877015099836,0.892484450918,0.00418046734141,0.00418046734173,0.0041804673502,0.00418046735488,0.004180467388,0.00418046734138,0.00418046734138,0.00418046734138,0.00418046734138,0.00418046734138,0.00418046734138,0.00418046734138,0.0041804673449,0.00418046734676,0.00418046735123,0.00418048468376,0.00418087406873,0.00418046913176,0.0041805472361,0.00445619756757,0.0
0.00417646231442,0.00417736339749,0.00655533438821,0.00894450190089,0.892433307771,0.00417615525879,0.00417615525901,0.00417615526762,0.00417615527228,0.00417615529798,0.00417615525877,0.00417615525877,0.00417615525877,0.00417615525877,0.00417615525877,0.00417615525877,0.00417615525877,0.0041761552623,0.00417615526415,0.0041761552684,0.00417616718245,0.00417643490234,0.00417615652026,0.0041762102364,0.00436573242463,0.0
0.00417346953445,0.00417412326257,0.00660466733104,0.00910002964078,0.892353224058,0.00417319284877,0.00417319284892,0.00417319285762,0.00417319286228,0.00417319288286,0.00417319284875,0.00417319284875,0.00417319284875,0.00417319284875,0.00417319284875,0.00417319284875,0.00417319284875,0.00417319285229,0.00417319285415,0.00417319285822,0.00417320104977,0.0041733851855,0.00417319374701,0.00417323070844,0.00430358267565,0.0
0.00417141218464,0.00417189579768,0.00664605662623,0.00923820149362,0.892259435864,0.00417115646427,0.00417115646438,0.00417115647315,0.00417115647779,0.00417115649484,0.00417115646426,0.00417115646426,0.00417115646426,0.00417115646426,0.00417115646426,0.00417115646426,0.00417115646426,0.00417115646781,0.00417115646966,0.00417115647362,0.0041711621063,0.00417128878559,0.00417115711293,0.00417118255707,0.00426086043695,0.0
0.00416999729902,0.00417036386989,0.00668059655349,0.00936055530714,0.892161527793,0.00416975605607,0.00416975605614,0.00416975606496,0.00416975606959,0.0041697560842,0.00416975605606,0.00416975605606,0.00416975605606,0.00416975605606,0.00416975605606,0.00416975605606,0.00416975605606,0.00416975605961,0.00416975606145,0.00416975606532,0.0041697599383,0.00416984710518,0.00416975653318,0.00416977405699,0.00423148063409,0.0
0.00416902396624,0.00416930998706,0.0067092949118,0.0094686204734,0.892065340336,0.00416879272221,0.00416879272226,0.0041687927311,0.00416879273573,0.00416879274866,0.0041687927222,0.0041687927222,0.0041687927222,0.0041687927222,0.0041687927222,0.0041687927222,0.0041687927222,0.00416879272575,0.00416879272759,0.0041687927314,0.00416879539388,0.00416885538038,0.0041687930814,0.00416880515689,0.00421127041302,0.0
0.00416835424942,0.00416858482352,0.00673305417253,0.00956386734467,0.891974252172,0.00416812991158,0.00416812991162,0.00416812992049,0.00416812992511,0.00416812993687,0.00416812991158,0.00416812991158,0.00416812991158,0.00416812991158,0.00416812991158,0.00416812991158,0.00416812991158,0.00416812991513,0.00416812991697,0.00416812992072,0.00416813175035,0.0041681730357,0.00416813018971,0.00416813851659,0.004197365006,0.0
0.00416789337242,0.00416808577445,0.00675266627643,0.00964767690701,0.891890042052,0.00416767380451,0.00416767380454,0.00416767381342,0.00416767381804,0.004167673829,0.00416767380451,0.00416767380451,0.00416767380451,0.00416767380451,0.00416767380451,0.00416767380451,0.00416767380451,0.00416767380805,0.00416767380989,0.00416767381362,0.00416767507012,0.00416770348645,0.00416767402693,0.00416767977427,0.00418779612717,0.0
0.0041675761787,0.00416774229887,0.0067688156937,0.00972132461916,0.891813466627,0.00416735990488,0.0041673599049,0.00416735991379,0.0041673599184,0.00416735992881,0.00416735990488,0.00416735990488,0.00416735990488,0.00416735990488,0.00416735990488,0.00416735990488,0.00416735990488,0.00416735990842,0.00416735991025,0.00416735991395,0.00416736077604,0.00416738033571,0.00416736008902,0.0041673640611,0.0041812106832,0.0
0.00416735785699,0.00416750588072,0.00678208713075,0.00978597392687,0.891744645988,0.00416714385763,0.00416714385764,0.00416714386654,0.00416714387115,0.00416714388117,0.00416714385763,0.00416714385763,0.00416714385763,0.00416714385763,0.00416714385763,0.00416714385763,0.00416714385763,0.00416714386117,0.004167143863,0.00416714386668,0.00416714445729,0.00416715792121,0.00416714401547,0.00416714676573,0.00417667812905,0.0
0.00416720757992,0.00416734314284,0.00679297550879,0.00984267618766,0.891683319039,0.00416699515056,0.00416699515056,0.00416699515946,0.00416699516407,0.00416699517383,0.00416699515055,0.00416699515055,0.00416699515055,0.00416699515055,0.00416699515055,0.00416699515055,0.00416699515055,0.00416699515409,0.00416699515592,0.00416699515959,0.00416699556335,0.0041670048315,0.00416699529034,0.00416699719964,0.00417355833536,0.0
0.00416710413594,0.00416723111849,0.00680189670244,0.00989237466832,0.891629010905,0.00416689278991,0.00416689278991,0.00416689279881,0.00416689280342,0.00416689281299,0.00416689278991,0.00416689278991,0.00416689278991,0.00416689278991,0.00416689278991,0.00416689278991,0.00416689278991,0.00416689279344,0.00416689279527,0.00416689279893,0.00416689307407,0.00416689945413,0.00416689291731,0.00416689424776,0.00417141086455,0.0
0.00416703292784,0.00416715400205,0.00680919811751,0.00993591096975,0.891581141083,0.00416682232898,0.00416682232898,0.00416682233789,0.00416682234249,0.00416682235194,0.00416682232898,0.00416682232898,0.00416682232898,0.00416682232898,0.00416682232898,0.00416682232898,0.00416682232898,0.00416682233251,0.00416682233434,0.00416682233799,0.0041668225246,0.00416682691661,0.0041668224479,0.0041668233799,0.00416993263263,0.0
0.0041669839092,0.00416710091506,0.00681516858423,0.0099740327437,0.891539091873,0.00416677382535,0.00416677382535,0.00416677383425,0.00416677383886,0.00416677384821,0.00416677382535,0.00416677382535,0.00416677382535,0.00416677382535,0.00416677382535,0.00416677382535,0.00416677382535,0.00416677382888,0.0041667738307,0.00416677383435,0.00416677396002,0.0041667769835,0.00416677393845,0.0041667745962,0.00416891505284,0.0
0.00416695016511,0.00416706436969,0.00682004730216,0.010007401936,0.891502250365,0.00416674043597,0.00416674043597,0.00416674044487,0.00416674044948,0.00416674045877,0.00416674043597,0.00416674043597,0.00416674043597,0.00416674043597,0.00416674043597,0.00416674043597,0.00416674043597,0.0041667404395,0.00416674044132,0.00416674044496,0.00416674052868,0.00416674261008,0.0041667405451,0.00416674101406,0.0041682145619,0.0
0.00416692693582,0.00416703921167,0.00682403173868,0.0100366030549,0.891470032975,0.00416671745074,0.00416671745074,0.00416671745964,0.00416671746425,0.0041667174735,0.00416671745074,0.00416671745074,0.00416671745074,0.00416671745074,0.00416671745074,0.00416671745074,0.00416671745074,0.00416671745427,0.00416671745609,0.00416671745973,0.00416671751457,0.00416671894745,0.00416671755716,0.00416671789617,0.00416773234443,0.0
0.00416691094489,0.00416702189286,0.0068272844841,0.0100621511509,0.891441898625,0.00416670162754,0.00416670162754,0.00416670163644,0.00416670164105,0.00416670165027,0.00416670162754,0.00416670162754,0.00416670162754,0.00416670162754,0.00416670162754,0.00416670162754,0.00416670162754,0.00416670163107,0.00416670163289,0.00416670163652,0.00416670167149,0.00416670265791,0.00416670173211,0.00416670198168,0.00416740038243,0.0
0.0041668999369,0.00416700997075,0.00682993912398,0.0100844993206,0.891417354637,0.00416669073463,0.00416669073464,0.00416669074354,0.00416669074814,0.00416669075734,0.00416669073463,0.00416669073463,0.00416669073463,0.00416669073463,0.00416669073463,0.00416669073463,0.00416669073463,0.00416669073816,0.00416669073998,0.00416669074361,0.00416669076489,0.00416669144397,0.00416669083795,0.00416669102596,0.00416717185526,0.0
0.00416689235921,0.00416700176385,0.00683210521924,0.0101040456391,0.891395958084,0.00416668323575,0.00416668323575,0.00416668324465,0.00416668324925,0.00416668325844,0.00416668323575,0.00416668323575,0.00416668323575,0.00416668323575,0.00416668323575,0.00416668323575,0.00416668323575,0.00416668323928,0.0041666832411,0.00416668324473,0.00416668325658,0.00416668372409,0.00416668333822,0.00416668348385,0.00416701453287,0.0
0.00416688714298,0.00416699611458,0.00683387249629,0.0101211394804,0.89137731441,0.00416667807334,0.00416667807335,0.00416667808225,0.00416667808685,0.00416667809603,0.00416667807334,0.00416667807334,0.00416667807334,0.00416667807334,0.00416667807334,0.00416667807334,0.00416667807334,0.00416667807687,0.00416667807869,0.00416667808232,0.00416667808769,0.00416667840954,0.00416667817525,0.00416667829171,0.00416690622853,0.0
0.00416688355239,0.00416699222604,0.00683531435033,0.0101360872246,0.891361074505,0.00416667451941,0.00416667451941,0.00416667452831,0.00416667453291,0.00416667454208,0.00416667451941,0.00416667451941,0.00416667451941,0.00416667451941,0.00416667451941,0.00416667451941,0.00416667451941,0.00416667452293,0.00416667452475,0.00416667452838,0.00416667452929,0.00416667475086,0.00416667462093,0.00416667471732,0.00416683166896,0.0
0.00416688108092,0.0041669895496,0.00683649075952,0.010149157375,0.891346930998,0.00416667207277,0.00416667207277,0.00416667208167,0.00416667208627,0.00416667209544,0.00416667207277,0.00416667207277,0.00416667207277,0.00416667207277,0.00416667207277,0.00416667207277,0.00416667207277,0.0041666720763,0.00416667207812,0.00416667208174,0.00416667207958,0.00416667223212,0.00416667217404,0.00416667225662,0.00416678033997,0.0
0.00416687937983,0.00416698770756,0.00683745069928,0.0101605851194,0.891334614258,0.00416667038843,0.00416667038843,0.00416667039733,0.00416667040193,0.0041666704111,0.00416667038843,0.00416667038843,0.00416667038843,0.00416667038843,0.00416667038843,0.00416667038843,0.00416667038843,0.00416667039195,0.00416667039377,0.0041666703974,0.00416667039312,0.00416667049813,0.00416667048953,0.00416667056261,0.00416674500348,0.0
0.00416687820906,0.0041669864399,0.00683823413556,0.0101705763799,0.8913238884,0.00416666922887,0.00416666922887,0.00416666923777,0.00416666924237,0.00416666925153,0.00416666922887,0.00416666922887,0.00416666922887,0.00416666922887,0.00416666922887,0.00416666922887,0.00416666922887,0.00416666923239,0.00416666923422,0.00416666923784,0.0041666692321,0.0041666693044,0.00416666932987,0.00416666939641,0.00416672067665,0.0
0.00416687740336,0.00416698556763,0.00683887366613,0.0101793113962,0.891314547475,0.00416666843059,0.00416666843059,0.00416666843949,0.00416666844409,0.00416666845325,0.00416666843059,0.00416666843059,0.00416666843059,0.00416666843059,0.00416666843059,0.00416666843059,0.00416666843059,0.00416666843411,0.00416666843593,0.00416666843956,0.00416666843282,0.00416666848259,0.00416666853152,0.00416666859356,0.00416670392921,0.0
0.00416687684893,0.0041669849675,0.00683939586893,0.0101869478878,0.891306411927,0.00416666788102,0.00416666788102,0.00416666788992,0.00416666789452,0.00416666790368,0.00416666788102,0.00416666788102,0.00416666788102,0.00416666788102,0.00416666788102,0.00416666788102,0.00416666788102,0.00416666788455,0.00416666788637,0.00416666788999,0.00416666788256,0.00416666791683,0.00416666798192,0.00416666804086,0.00416669239966,0.0
0.00416687646748,0.0041669845547,0.00683982240772,0.0101936238399,0.89129932537,0.00416666750268,0.00416666750268,0.00416666751158,0.00416666751618,0.00416666752534,0.00416666750268,0.00416666750268,0.00416666750268,0.00416666750268,0.00416666750268,0.00416666750268,0.00416666750268,0.0041666675062,0.00416666750802,0.00416666751165,0.00416666750374,0.00416666752734,0.00416666760355,0.00416666766037,0.00416668446229,0.0
0.00416687620507,0.0041669842708,0.00684017093725,0.0101994599522,0.891293151697,0.00416666724221,0.00416666724221,0.00416666725111,0.00416666725571,0.00416666726487,0.00416666724221,0.00416666724221,0.00416666724221,0.00416666724221,0.00416666724221,0.00416666724221,0.00416666724221,0.00416666724574,0.00416666724756,0.00416666725118,0.00416666724295,0.00416666725919,0.00416666734308,0.00416666739843,0.0041666789979,0.0
0.00416687602459,0.00416698407563,0.00684045584353,0.0102045617911,0.891287772503,0.0041666670629,0.0041666670629,0.0041666670718,0.0041666670764,0.00416666708556,0.0041666670629,0.0041666670629,0.0041666670629,0.0041666670629,0.0041666670629,0.0041666670629,0.0041666670629,0.00416666706642,0.00416666706824,0.00416666707187,0.00416666706341,0.00416666707459,0.00416666716376,0.00416666721811,0.004166675236,0.0
0.0041668759005,0.00416698394149,0.00684068884841,0.0102090216771,0.89128308481,0.00416666693945,0.00416666693945,0.00416666694835,0.00416666695295,0.00416666696211,0.00416666693945,0.00416666693945,0.00416666693945,0.00416666693945,0.00416666693945,0.00416666693945,0.00416666693945,0.00416666694297,0.00416666694479,0.00416666694842,0.0041666669398,0.00416666694751,0.00416666704031,0.00416666709397,0.00416667264616,0.0
0.00416687581521,0.00416698384936,0.00684087950307,0.0102129203399,0.891278999071,0.00416666685446,0.00416666685446,0.00416666686336,0.00416666686796,0.00416666687712,0.00416666685446,0.00416666685446,0.00416666685446,0.00416666685446,0.00416666685446,0.00416666685446,0.00416666685446,0.00416666685798,0.00416666685981,0.00416666686343,0.00416666685471,0.00416666686002,0.00416666695533,0.00416666700851,0.00416667086321,0.0
0.00416687575661,0.00416698378611,0.0068410355905,0.0102163283692,0.891275437417,0.00416666679595,0.00416666679595,0.00416666680485,0.00416666680945,0.00416666681861,0.00416666679595,0.00416666679595,0.00416666679595,0.00416666679595,0.00416666679595,0.00416666679595,0.00416666679595,0.00416666679948,0.0041666668013,0.00416666680492,0.00416666679613,0.00416666679978,0.00416666689682,0.00416666694968,0.00416666963576,0.0
0.00416687571637,0.00416698374272,0.00684116345356,0.0102193074847,0.891272332134,0.00416666675567,0.00416666675567,0.00416666676457,0.00416666676917,0.00416666677833,0.00416666675567,0.00416666675567,0.00416666675567,0.00416666675567,0.00416666675567,0.00416666675567,0.00416666675567,0.0041666667592,0.00416666676102,0.00416666676464,0.0041666667558,0.00416666675832,0.00416666685655,0.00416666690919,0.00416666879074,0.0
0.00416687568876,0.00416698371299,0.00684126826229,0.0102219116483,0.891269624329,0.00416666672794,0.00416666672794,0.00416666673684,0.00416666674144,0.0041666667506,0.00416666672794,0.00416666672794,0.00416666672794,0.00416666672794,0.00416666672794,0.00416666672794,0.00416666672794,0.00416666673147,0.00416666673329,0.00416666673691,0.00416666672803,0.00416666672977,0.00416666682882,0.00416666688131,0.00416666820899,0.0
0.00416687566984,0.00416698369264,0.00684135423163,0.0102241880376,0.891267262773,0.00416666670885,0.00416666670885,0.00416666671775,0.00416666672235,0.00416666673151,0.00416666670885,0.00416666670885,0.00416666670885,0.00416666670885,0.00416666670885,0.00416666670885,0.00416666670885,0.00416666671237,0.0041666667142,0.00416666671782,0.00416666670892,0.00416666671011,0.00416666680974,0.00416666686212,0.0041666678085,0.0
0.00416687565687,0.00416698367874,0.00684142479872,0.0102261778975,0.891265202899,0.00416666669571,0.00416666669571,0.00416666670461,0.00416666670921,0.00416666671837,0.00416666669571,0.00416666669571,0.00416666669571,0.00416666669571,0.00416666669571,0.00416666669571,0.00416666669571,0.00416666669923,0.00416666670105,0.00416666670468,0.00416666669576,0.00416666669658,0.0041666667966,0.00416666684892,0.00416666753278,0.0
0.00416687564801,0.00416698366926,0.00684148276718,0.0102279172854,0.891263405923,0.00416666668666,0.00416666668666,0.00416666669556,0.00416666670016,0.00416666670932,0.00416666668666,0.00416666668666,0.00416666668666,0.00416666668666,0.00416666668666,0.00416666668666,0.00416666668666,0.00416666669018,0.004166666692,0.00416666669563,0.0041666666867,0.00416666668727,0.00416666678756,0.00416666683982,0.00416666734297,0.0
0.00416687564196,0.00416698366281,0.00684153042467,0.0102294377231,0.89126183809,0.00416666668043,0.00416666668043,0.00416666668933,0.00416666669393,0.00416666670309,0.00416666668043,0.00416666668043,0.00416666668043,0.00416666668043,0.00416666668043,0.00416666668043,0.00416666668043,0.00416666668395,0.00416666668577,0.0041666666894,0.00416666668046,0.00416666668086,0.00416666678133,0.00416666683357,0.0041666672123,0.0
0.00416687563785,0.00416698365845,0.00684156963848,0.0102307667669,0.891260470012,0.00416666667614,0.00416666667614,0.00416666668504,0.00416666668964,0.0041666666988,0.00416666667614,0.00416666667614,0.00416666667614,0.00416666667614,0.00416666667614,0.00416666667614,0.00416666667614,0.00416666667967,0.00416666668149,0.00416666668511,0.00416666667617,0.00416666667644,0.00416666677705,0.00416666682926,0.00416666712234,0.0
0.00416687563505,0.0041669836555,0.00684160193339,0.0102319285057,0.891259276102,0.00416666667319,0.00416666667319,0.00416666668209,0.00416666668669,0.00416666669585,0.00416666667319,0.00416666667319,0.00416666667319,0.00416666667319,0.00416666667319,0.00416666667319,0.00416666667319,0.00416666667671,0.00416666667853,0.00416666668216,0.00416666667321,0.0041666666734,0.0041666667741,0.0041666668263,0.00416666706041,0.0
0.00416687563316,0.00416698365353,0.00684162855504,0.0102329439977,0.891258234074,0.00416666667116,0.00416666667116,0.00416666668006,0.00416666668466,0.00416666669382,0.00416666667116,0.00416666667116,0.00416666667116,0.00416666667116,0.00416666667116,0.00416666667116,0.00416666667116,0.00416666667468,0.0041666666765,0.00416666668013,0.00416666667118,0.00416666667131,0.00416666677207,0.00416666682426,0.00416666701778,0.0
0.00416687563189,0.00416698365222,0.00684165052151,0.0102338316511,0.891257324512,0.00416666666976,0.00416666666976,0.00416666667866,0.00416666668326,0.00416666669242,0.00416666666976,0.00416666666976,0.00416666666976,0.00416666666976,0.00416666666976,0.00416666666976,0.00416666666976,0.00416666667328,0.0041666666751,0.00416666667873,0.00416666666978,0.00416666666987,0.00416666677068,0.00416666682286,0.00416666698843,0.0
0.00416687563105,0.00416698365135,0.0068416686653,0.0102346075573,0.891256530503,0.0041666666688,0.0041666666688,0.0041666666777,0.0041666666823,0.00416666669145,0.0041666666688,0.0041666666688,0.0041666666688,0.0041666666688,0.0041666666688,0.0041666666688,0.0041666666688,0.00416666667232,0.00416666667414,0.00416666667776,0.00416666666881,0.00416666666888,0.00416666676971,0.00416666682189,0.00416666696823,0.0
0.00416687563049,0.00416698365079,0.00684168366753,0.010235285783,0.891255837302,0.00416666666813,0.00416666666813,0.00416666667703,0.00416666668163,0.00416666669079,0.00416666666813,0.00416666666813,0.00416666666813,0.00416666666813,0.00416666666813,0.00416666666813,0.00416666666813,0.00416666667165,0.00416666667348,0.0041666666771,0.00416666666815,0.00416666666819,0.00416666676905,0.00416666682123,0.00416666695432,0.0
0.00416687563012,0.00416698365044,0.00684169608583,0.0102358786242,0.891255232062,0.00416666666768,0.00416666666768,0.00416666667658,0.00416666668118,0.00416666669033,0.00416666666768,0.00416666666768,0.00416666666768,0.00416666666768,0.00416666666768,0.00416666666768,0.00416666666768,0.0041666666712,0.00416666667302,0.00416666667664,0.00416666666769,0.00416666666772,0.0041666667686,0.00416666682077,0.00416666694475,0.0
0.00416687562989,0.00416698365022,0.00684170637695,0.0102363968294,0.891254703579,0.00416666666736,0.00416666666736,0.00416666667626,0.00416666668086,0.00416666669002,0.00416666666736,0.00416666666736,0.00416666666736,0.00416666666736,0.00416666666736,0.00416666666736,0.00416666666736,0.00416666667088,0.0041666666727,0.00416666667633,0.00416666666738,0.0041666666674,0.00416666676829,0.00416666682046,0.00416666693816,0.0
0.00416687562975,0.0041669836501,0.00684171491531,0.0102368497941,0.891254242084,0.00416666666715,0.00416666666715,0.00416666667605,0.00416666668065,0.0041666666898,0.00416666666714,0.00416666666714,0.00416666666714,0.00416666666714,0.00416666666714,0.00416666666715,0.00416666666715,0.00416666667067,0.00416666667249,0.00416666667611,0.00416666666716,0.00416666666718,0.00416666676807,0.00416666682024,0.00416666693362,0.0
0.00416687562966,0.00416698365003,0.00684172200803,0.0102372457314,0.89125383906,0.004166666667,0.004166666667,0.0041666666759,0.0041666666805,0.00416666668965,0.004166666667,0.004166666667,0.004166666667,0.004166666667,0.004166666667,0.004166666667,0.004166666667,0.00416666667052,0.00416666667234,0.00416666667596,0.00416666666701,0.00416666666703,0.00416666676792,0.0041666668201,0.0041666669305,0.0
0.00416687562961,0.00416698365001,0.00684172790721,0.0102375918205,0.891253487076,0.00416666666689,0.0041666666669,0.00416666667579,0.00416666668039,0.00416666668955,0.00416666666689,0.00416666666689,0.00416666666689,0.00416666666689,0.00416666666689,0.00416666666689,0.00416666666689,0.00416666667042,0.00416666667224,0.00416666667586,0.00416666666691,0.00416666666692,0.00416666676782,0.00416666681999,0.00416666692835,0.0
0.00416687562959,0.00416698365,0.00684173281997,0.0102378943368,0.89125317965,0.00416666666682,0.00416666666682,0.00416666667572,0.00416666668032,0.00416666668948,0.00416666666682,0.00416666666682,0.00416666666682,0.00416666666682,0.00416666666682,0.00416666666682,0.00416666666682,0.00416666667035,0.00416666667217,0.00416666667579,0.00416666666684,0.00416666666685,0.00416666676775,0.00416666681992,0.00416666692687,0.0
0.00416687562958,0.00416698365002,0.0068417369166,0.0102381587659,0.891252911126,0.00416666666678,0.00416666666678,0.00416666667567,0.00416666668028,0.00416666668943,0.00416666666677,0.00416666666677,0.00416666666677,0.00416666666677,0.00416666666677,0.00416666666677,0.00416666666677,0.0041666666703,0.00416666667212,0.00416666667574,0.00416666666679,0.0041666666668,0.00416666676771,0.00416666681988,0.00416666692585,0.0
0.00416687562959,0.00416698365004,0.00684174033722,0.0102383899027,0.89125267657,0.00416666666674,0.00416666666674,0.00416666667564,0.00416666668024,0.0041666666894,0.00416666666674,0.00416666666674,0.00416666666674,0.00416666666674,0.00416666666674,0.00416666666674,0.00416666666674,0.00416666667026,0.00416666667208,0.00416666667571,0.00416666666675,0.00416666666676,0.00416666676767,0.00416666681984,0.00416666692515,0.0
0.0041668756296,0.00416698365006,0.00684174319725,0.0102385919387,0.891252471675,0.00416666666672,0.00416666666672,0.00416666667562,0.00416666668022,0.00416666668938,0.00416666666672,0.00416666666672,0.00416666666672,0.00416666666672,0.00416666666672,0.00416666666672,0.00416666666672,0.00416666667024,0.00416666667206,0.00416666667568,0.00416666666673,0.00416666666674,0.00416666676765,0.00416666681982,0.00416666692467,0.0
0.00416687562961,0.00416698365009,0.00684174559185,0.0102387685375,0.891252292682,0.0041666666667,0.0041666666667,0.0041666666756,0.0041666666802,0.00416666668936,0.0041666666667,0.0041666666667,0.0041666666667,0.0041666666667,0.0041666666667,0.0041666666667,0.0041666666667,0.00416666667022,0.00416666667204,0.00416666667567,0.00416666666671,0.00416666666672,0.00416666676764,0.00416666681981,0.00416666692434,0.0
0.00416687562962,0.00416698365011,0.00684174759954,0.0102389229017,0.891252136311,0.00416666666669,0.00416666666669,0.00416666667559,0.00416666668019,0.00416666668935,0.00416666666669,0.00416666666669,0.00416666666669,0.00416666666669,0.00416666666669,0.00416666666669,0.00416666666669,0.00416666667021,0.00416666667203,0.00416666667566,0.0041666666667,0.00416666666671,0.00416666676762,0.0041666668198,0.00416666692411,0.0
0.00416687562964,0.00416698365014,0.00684174928519,0.0102390578305,0.891251999697,0.00416666666668,0.00416666666669,0.00416666667558,0.00416666668018,0.00416666668934,0.00416666666668,0.00416666666668,0.00416666666668,0.00416666666668,0.00416666666668,0.00416666666668,0.00416666666668,0.00416666667021,0.00416666667203,0.00416666667565,0.0041666666667,0.0041666666667,0.00416666676762,0.00416666681979,0.00416666692396,0.0
0.00416687562965,0.00416698365016,0.00684175070246,0.0102391757711,0.891251880339,0.00416666666668,0.00416666666668,0.00416666667558,0.00416666668018,0.00416666668934,0.00416666666668,0.00416666666668,0.00416666666668,0.00416666666668,0.00416666666668,0.00416666666668,0.00416666666668,0.0041666666702,0.00416666667202,0.00416666667565,0.00416666666669,0.0041666666667,0.00416666676761,0.00416666681979,0.00416666692385,0.0
0.00416687562966,0.00416698365018,0.00684175189575,0.0102392788621,0.891251776055,0.00416666666668,0.00416666666668,0.00416666667558,0.00416666668018,0.00416666668933,0.00416666666667,0.00416666666667,0.00416666666667,0.00416666666667,0.00416666666667,0.00416666666667,0.00416666666668,0.0041666666702,0.00416666667202,0.00416666667564,0.00416666666669,0.00416666666669,0.00416666676761,0.00416666681978,0.00416666692377,0.0
0.00416687562968,0.0041669836502,0.00684175290188,0.0102393689732,0.891251684938,0.00416666666667,0.00416666666667,0.00416666667557,0.00416666668017,0.00416666668933,0.00416666666667,0.00416666666667,0.00416666666667,0.00416666666667,0.00416666666667,0.00416666666667,0.00416666666667,0.00416666667019,0.00416666667202,0.00416666667564,0.00416666666669,0.00416666666669,0.00416666676761,0.00416666681978,0.00416666692372,0.0
0.00416687562969,0.00416698365022,0.00684175375139,0.0102394477387,0.891251605323,0.00416666666667,0.00416666666667,0.00416666667557,0.00416666668017,0.00416666668933,0.00416666666667,0.00416666666667,0.00416666666667,0.00416666666667,0.00416666666667,0.00416666666667,0.00416666666667,0.00416666667019,0.00416666667201,0.00416666667564,0.00416666666668,0.00416666666669,0.00416666676761,0.00416666681978,0.00416666692369,0.0
0.0041668756297,0.00416698365023,0.00684175446968,0.0102395165869,0.891251535756,0.00416666666667,0.00416666666667,0.00416666667557,0.00416666668017,0.00416666668933,0.00416666666667,0.00416666666667,0.00416666666667,0.00416666666667,0.00416666666667,0.00416666666667,0.00416666666667,0.00416666667019,0.00416666667201,0.00416666667564,0.00416666666668,0.00416666666669,0.00416666676761,0.00416666681978,0.00416666692367,0.0
0.0041668756297,0.00416698365025,0.00684175507784,0.0102395767665,0.891251474968,0.00416666666667,0.00416666666667,0.00416666667557,0.00416666668017,0.00416666668933,0.00416666666667,0.00416666666667,0.00416666666667,0.00416666666667,0.00416666666667,0.00416666666667,0.00416666666667,0.00416666667019,0.00416666667201,0.00416666667564,0.00416666666668,0.00416666666669,0.0041666667676,0.00416666681978,0.00416666692365,0.0
0.00416687562971,0.00416698365026,0.00684175559348,0.010239629369,0.89125142185,0.00416666666667,0.00416666666667,0.00416666667557,0.00416666668017,0.00416666668933,0.00416666666667,0.00416666666667,0.00416666666667,0.00416666666667,0.00416666666667,0.00416666666667,0.00416666666667,0.00416666667019,0.00416666667201,0.00416666667563,0.00416666666668,0.00416666666669,0.0041666667676,0.00416666681978,0.00416666692364,0.0
0.00416687562972,0.00416698365027,0.00684175603126,0.0102396753483,0.891251375433,0.00416666666667,0.00416666666667,0.00416666667557,0.00416666668017,0.00416666668933,0.00416666666667,0.00416666666667,0.00416666666667,0.00416666666667,0.00416666666667,0.00416666666667,0.00416666666667,0.00416666667019,0.00416666667201,0.00416666667563,0.00416666666668,0.00416666666669,0.0041666667676,0.00416666681978,0.00416666692363,0.0
0.00416687562973,0.00416698365028,0.00684175640342,0.0102397155384,0.891251334871,0.00416666666667,0.00416666666667,0.00416666667557,0.00416666668017,0.00416666668932,0.00416666666667,0.00416666666667,0.00416666666667,0.00416666666667,0.00416666666667,0.00416666666667,0.00416666666667,0.00416666667019,0.00416666667201,0.00416666667563,0.00416666666668,0.00416666666669,0.0041666667676,0.00416666681978,0.00416666692363,0.0
0.00416687562973,0.00416698365029,0.00684175672022,0.0102397506682,0.891251299424,0.00416666666667,0.00416666666667,0.00416666667557,0.00416666668017,0.00416666668932,0.00416666666667,0.00416666666667,0.00416666666667,0.00416666666667,0.00416666666667,0.00416666666667,0.00416666666667,0.00416666667019,0.00416666667201,0.00416666667563,0.00416666666668,0.00416666666669,0.0041666667676,0.00416666681978,0.00416666692362,0.0
0.00416687562974,0.00416698365029,0.00684175699024,0.0102397813747,0.891251268448,0.00416666666667,0.00416666666667,0.00416666667557,0.00416666668017,0.00416666668932,0.00416666666667,0.00416666666667,0.00416666666667,0.00416666666667,0.00416666666667,0.00416666666667,0.00416666666667,0.00416666667019,0.00416666667201,0.00416666667563,0.00416666666668,0.00416666666669,0.0041666667676,0.00416666681978,0.00416666692362,0.0
0.00416687562974,0.0041669836503,0.00684175722066,0.010239808215,0.891251241377,0.00416666666667,0.00416666666667,0.00416666667557,0.00416666668017,0.00416666668932,0.00416666666667,0.00416666666667,0.00416666666667,0.00416666666667,0.00416666666667,0.00416666666667,0.00416666666667,0.00416666667019,0.00416666667201,0.00416666667563,0.00416666666668,0.00416666666669,0.0041666667676,0.00416666681978,0.00416666692362,0.0
0.00416687562974,0.00416698365031,0.00684175741754,0.0102398316758,0.891251217719,0.00416666666667,0.00416666666667,0.00416666667557,0.00416666668017,0.00416666668932,0.00416666666667,0.00416666666667,0.00416666666667,0.00416666666667,0.00416666666667,0.00416666666667,0.00416666666667,0.00416666667019,0.00416666667201,0.00416666667563,0.00416666666668,0.00416666666669,0.0041666667676,0.00416666681978,0.00416666692362,0.0
