-0.5 0.5,-0.5 1.0,-0.5 1.5,-0.5 2.0,0.0 0.5,0.0 2.0,other
0.015625,0.015625,0.015625,0.015625,0.015625,0.015625,0.90625
0.0193443178803,0.0173870665645,0.0171352006075,0.0173145710283,0.0163551945044,0.0163630361413,0.896100613274
0.0240567316014,0.0194592903809,0.0188808594451,0.0192923829718,0.0171023487915,0.0171477735764,0.884060613233
0.0299808566411,0.0218800730102,0.0208823877982,0.0215905450154,0.0178443766205,0.0179613680952,0.869860392819
0.0373534299165,0.0246878334379,0.0231578050382,0.0242394969734,0.0185547989479,0.018780048001,0.853226587685
0.0464155847342,0.0279193789733,0.025721544406,0.0272659658272,0.0192037007585,0.0195742382126,0.833899587088
0.057394325152,0.0316085457479,0.0285837365431,0.03069109296,0.0197594255787,0.020309536029,0.811653337989
0.0704809698265,0.0357853186097,0.0317501099708,0.0345289283882,0.0201907783056,0.0209485259211,0.786315368978
0.085808320634,0.0404752401961,0.0352222935688,0.0387851218552,0.0204693496694,0.021453207319,0.757786466757
0.103427730038,0.045698628176,0.0389980966478,0.0434554067018,0.0205716412175,0.0217877646787,0.72606073254
0.123287355802,0.0514692231094,0.0430714630324,0.0485236372342,0.0204808602904,0.0219214941271,0.691245966404
0.145214285824,0.0577923276396,0.0474321289031,0.0539596203266,0.0201883628487,0.0218317283784,0.653581546079
0.168904897823,0.064662935802,0.052065273876,0.0597174248364,0.019694666023,0.0215064694549,0.613448332184
0.193928130626,0.072064513763,0.0569514757379,0.0657349731992,0.0190098382512,0.0209462550925,0.57136481333
0.21974446397,0.079968949237,0.0620671137715,0.07193548395,0.0181530533592,0.0201647474779,0.527966188235
0.245739884094,0.088337870573,0.0673851639365,0.0782308851969,0.0171512187931,0.0191877399307,0.483967237475
0.271270356031,0.0971251984188,0.0728762012587,0.0845268368043,0.0160367985846,0.0180506566548,0.440113952248
0.295709755853,0.106280531127,0.0785093987615,0.0907286274742,0.0148451461396,0.016794999857,0.397131540788
0.318493677748,0.115752829361,0.0842533627099,0.0967470449016,0.0136117612803,0.0154644191326,0.355676904866
0.339153020798,0.125493868605,0.0900767286408,0.102503381748,0.0123698645461,0.0141010763927,0.31630205927
0.357334046119,0.135461046984,0.0959485236568,0.107932992738,0.0111485652622,0.0127427971919,0.279432028048
0.372804621311,0.145619317019,0.101838353584,0.112987159022,0.00997174238694,0.0114212374465,0.24535756923
0.385448744303,0.155942192896,0.107716491619,0.117633335986,0.00885761257097,0.0101610533383,0.214240569288
0.39525273259,0.166411924876,0.113553934845,0.12185408518,0.007818861664,0.00897990069076,0.186128560153
0.402286714972,0.177019011837,0.119322470283,0.12564509669,0.0068631721774,0.00788901970066,0.160974514339
0.406684589377,0.187761247318,0.124994766145,0.129012712641,0.00599397968383,0.00689416170144,0.138658543134
0.408624790037,0.198642481203,0.130544485335,0.131971302285,0.00521131831353,0.00599665633837,0.119008966489
0.408313336734,0.209671246974,0.135946409626,0.134540750065,0.00451265319006,0.00519447388883,0.101821129522
0.405969890515,0.220859367201,0.141176562868,0.136744226315,0.00389363480499,0.00448319163283,0.0868731266631
0.401816981623,0.232220615401,0.146212326391,0.138606330571,0.00334874126704,0.0038568171693,0.0739381875779
0.396072208475,0.243769483965,0.151032545653,0.140151635867,0.00287179723935,0.00330845331661,0.0627938754833
0.388943001416,0.255520086144,0.155617631632,0.14140361967,0.00245637355375,0.00283080978416,0.0532284778
0.38062346158,0.267485204511,0.159949662282,0.142383941077,0.00209608030324,0.00241657842918,0.0450450718177
0.371292784049,0.279675488041,0.164012488769,0.143112011145,0.00178477027476,0.00205869408722,0.0380637636344
0.361114822287,0.292098793806,0.167791848872,0.143604799919,0.00151667041486,0.00175050387335,0.0321225608282
0.350238422167,0.304759666252,0.171275486864,0.143876826552,0.00128645788145,0.00148586623216,0.0270772740523
0.338798231345,0.317658946168,0.174453276113,0.143940284921,0.00108929507702,0.00125919813267,0.022800768244
0.326915762724,0.330793501715,0.177317338193,0.143805264474,0.000920835536597,0.00106548550517,0.0191818118513
0.314700553826,0.344156074752,0.179862150627,0.14348003331,0.000777210062557,0.000900268810563,0.0161237086112
0.302251315317,0.357735236438,0.182084634697,0.142971357039,0.00065500027724,0.000759612786803,0.0135428434451
0.289657001941,0.37151544651,0.183984214951,0.142284832489,0.00055120489471,0.000640067035905,0.0113672321789
0.276997769003,0.385477210443,0.18556284302,0.141425219852,0.00046320250754,0.00053862220779,0.00953513296625
0.264345799179,0.399597327917,0.18682497995,0.140396760457,0.00038871351401,0.000452665059688,0.00799375392238
0.251765999344,0.413849224713,0.187777533356,0.139203470249,0.000325762926941,0.000379934557583,0.00669807485311
0.239316576954,0.428203358488,0.188429747995,0.137849401484,0.000272645154711,0.000318480369778,0.00560978955532
0.227049511477,0.442627687022,0.188793050816,0.136338867148,0.000227891378019,0.00026662451828,0.00469636764126
0.215010939417,0.457088185762,0.188880853827,0.134676624482,0.000190239819799,0.000222926546453,0.00393023014509
0.203241472394,0.471549399991,0.188708320228,0.132868015637,0.00015860898468,0.000186152286378,0.00328803047915
0.19177646715,0.485975015929,0.188292100902,0.130919065088,0.000132073800678,0.000155246131182,0.00275003099864
0.180646264662,0.50032843466,0.187650049636,0.128836534878,0.000109844507399,0.000129306608987,0.0022995650478
0.169876413156,0.514573333041,0.186800926041,0.126627940115,9.12480856412e-05,0.000107564995317,0.00192257456671
0.159487887035,0.528674196739,0.185764095373,0.124301528275,7.57120005838e-05,8.93666746246e-05,0.00160721390205
0.149497310779,0.542596812137,0.184559234036,0.121866226841,6.27500257784e-05,7.4154957638e-05,0.001343511224
0.13991719398,0.556308705988,0.183206048771,0.119331564472,5.19499215068e-05,6.14570714705e-05,0.00112307979627
0.13075618096,0.569779524261,0.181724016401,0.116707571361,4.29627541713e-05,5.08720580762e-05,0.000938872204665
0.122019316047,0.582981344329,0.180132149581,0.114004664566,3.54936600916e-05,4.20603396322e-05,0.000784971477671
0.113708323552,0.595888917472,0.178448792551,0.111233524012,2.92938752955e-05,3.47347340813e-05,0.000656413803543
0.105821899979,0.608479841339,0.176691449294,0.108404964537,2.41538712319e-05,2.86527285749e-05,0.000549038250035
0.0983560148552,0.620734664404,0.174876645119,0.105529808806,1.98974539613e-05,2.36098418147e-05,0.00045935952004
0.0913042158793,0.632636926561,0.173019821319,0.102618765283,1.6376700825e-05,1.94339276816e-05,0.000384460330183
0.0846579338155,0.644173141588,0.171135261516,0.0996823146808,1.34676236205e-05,1.59802917903e-05,0.000321900483667
0.078406782549,0.655332728438,0.169236047383,0.0967306075303,1.10664608556e-05,1.31275096395e-05,0.000269640129402
0.072538850037,0.66610789901,0.167334040809,0.0937733747167,9.086513754e-06,1.07738499527e-05,0.000225975063018
0.0670409763592,0.676493510422,0.165439889196,0.0908198521132,7.4554514157e-06,8.83421976151e-06,0.000189482238547
0.0618990156889,0.686486889711,0.163563050329,0.0878787197635,6.1130200304e-06,7.23755900204e-06,0.000158973928645
0.0570980796889,0.696087638593,0.161711833286,0.0849580555081,5.00909940706e-06,5.9246220749e-06,0.000133459202049
0.0526227605338,0.705297425313,0.15989345194,0.0820653024782,4.10205745393e-06,4.84609218055e-06,0.000112111584734
0.048457332444,0.714119769878,0.158114087871,0.079207249525,3.35735972588e-06,3.96098146582e-06,9.42419406307e-05
0.0445859312366,0.722559828166,0.156378959778,0.0763900233945,2.74639685576e-06,3.23527627795e-06,7.92757526601e-05
0.0409927119576,0.730624179495,0.154692396857,0.0736190912918,2.24549769307e-06,2.64079225782e-06,6.67341088113e-05
0.0376619851231,0.7383206214,0.153057913965,0.0708992723982,1.83510036631e-06,2.15420873589e-06,5.62178039027e-05
0.034578332479,0.745657974498,0.151478286767,0.0682347568846,1.499057335e-06,1.75625602115e-06,4.73940581385e-05
0.0317267034787,0.752645899602,0.149955625394,0.065629131008,1.22405386425e-06,1.43103277748e-06,3.99854307388e-05
0.0290924938843,0.759294728531,0.148491445503,0.0630854069527,9.99122293809e-07,1.16543383094e-06,3.3760572676e-05
0.0266616080343,0.765615309478,0.147086735873,0.0606060561874,8.15237032131e-07,9.48671502822e-07,2.8526518502e-05
0.0244205063845,0.771618867306,0.145742021956,0.0581930452352,6.64977427646e-07,7.7187596424e-07,2.41222647891e-05
0.0223562399478,0.777316878728,0.144457425005,0.0558478728862,5.42247592984e-07,6.27762200196e-07,2.04134230266e-05
0.0204564732272,0.782720962004,0.14323271658,0.0535716080226,4.42043917747e-07,5.10352989808e-07,1.72877689559e-05
0.0187094971742,0.787842780543,0.142067368377,0.0513649273552,3.60262433626e-07,4.14748886746e-07,1.46515391867e-05
0.0171042336178,0.79269395962,0.140960597434,0.0492281525008,2.93539420373e-07,3.36937547434e-07,1.24263502795e-05
0.0156302325044,0.797286015296,0.139911406866,0.0471612859421,2.39119688074e-07,2.73635929931e-07,1.05466359855e-05
0.0142776631762,0.801630294553,0.138918622329,0.0451640455179,1.94747863324e-07,2.22159895957e-07,8.95751557063e-06
0.0130373007924,0.805737925646,0.137980924461,0.0432358971848,1.5857876482e-07,1.80316612968e-07,7.61302061868e-06
0.0119005088835,0.809619777631,0.137096877579,0.0413760858667,1.29103595889e-07,1.46315890761e-07,6.47461982639e-06
0.0108592189074,0.81328642811,0.136264954923,0.0395836642823,1.05089223691e-07,1.18697214457e-07,5.50999144771e-06
0.00990590756653,0.816748138212,0.13548356073,0.0378575196913,8.55282715894e-08,9.6269767577e-08,4.69200151343e-06
0.00903357254124,0.820014833943,0.134751049452,0.0361963985497,6.95981349332e-08,7.80631884736e-08,3.99785302192e-06
0.00823570719751,0.823096093051,0.134065742359,0.0345989291007,5.66273521167e-08,6.3287182162e-08,3.4083771863e-06
0.0075062747394,0.826001136659,0.133425941837,0.0330636419556,4.60680317231e-08,5.12984279707e-08,2.90744272687e-06
0.00683968219822,0.828738824952,0.132829943598,0.0315889887414,3.7473260978e-08,4.15734901833e-08,2.48146327519e-06
0.00623075458008,0.831317656307,0.132276047053,0.0301733589082,3.04786076027e-08,3.36866618836e-08,2.11898634494e-06
0.00567470943174,0.833745769291,0.13176256405,0.0288150947984,2.47869824805e-08,2.72918582162e-08,1.81035013855e-06
0.00516713203068,0.836030947037,0.131287826183,0.0275125050887,2.01562594148e-08,2.21078300545e-08,1.54739679379e-06
0.00470395135909,0.838180623552,0.130850190844,0.0262638767174,1.63891550114e-08,1.79060976029e-08,1.32323261206e-06
0.00428141698125,0.84020189158,0.130448046175,0.0250674854101,1.33249600051e-08,1.45011099887e-08,1.13202741636e-06
0.00389607691028,0.842101511684,0.130079815067,0.0239216049166,1.08327862758e-08,1.17422250327e-08,9.68846519123e-07
0.00354475652163,0.843885922253,0.129743958334,0.0228245150676,8.80605395316e-09,9.50717617959e-09,8.29509884112e-07
0.00322453854709,0.845561250198,0.12943897717,0.0217745087556,7.15799256493e-09,7.69675359729e-09,7.10473981988e-07
0.00293274416364,0.847133322119,0.129163414996,0.0207698979399,5.81797097119e-09,6.23047588185e-09,6.08732597872e-07
0.00266691517582,0.84860767577,0.12891585878,0.0198090187693,4.72850435508e-09,5.04306945425e-09,5.2173347854e-07
0.00242479727728,0.849989571669,0.128694939911,0.0188902359105,3.84281408268e-09,4.08160611867e-09,4.4730822859e-07
0.00220432436762,0.851284004737,0.128499334693,0.0180119461632,3.12283884422e-09,3.30317664102e-09,3.83613297938e-07
0.0020036038927,0.852495715858,0.128327764519,0.0171725814396,2.53761402152e-09,2.67300065066e-09,3.29080262253e-07
0.00182090317101,0.853629203283,0.128178995773,0.0163706111744,2.06195141139e-09,2.16289154383e-09,2.82373896365e-07
0.00165463666451,0.854688733807,0.128051839513,0.0156045442334,1.67536386854e-09,1.75001009745e-09,2.42356788522e-07
0.00150335414961,0.855678353676,0.127945150963,0.0148729303754,1.36118960683e-09,1.41585278566e-09,2.08059449485e-07
0.00136572974242,0.856601899171,0.127857828858,0.014174361322,1.10587921877e-09,1.14543082234e-09,1.78655041839e-07
0.00124055173141,0.857463006859,0.127788814663,0.013507471484,8.98415276025e-10,9.26604139035e-10,1.5343799763e-07
0.00112671317091,0.858265123465,0.127737091692,0.0128709383862,7.29839930976e-10,7.49541182967e-10,1.31805911282e-07
0.00102320318913,0.859011515384,0.127701684152,0.0122634828313,5.92870478409e-10,6.06280860455e-10,1.13244193884e-07
0.000929098965742,0.859705277787,0.127681656125,0.0116838688373,4.81586541459e-10,4.9037738263e-10,9.73130576074e-08
0.000843558334946,0.860349343355,0.127676110506,0.0111309033799,3.91175569626e-10,3.96612378001e-10,8.36364680923e-08
0.000765812972053,0.860946490615,0.127684187912,0.010603435969,3.1772580307e-10,3.20761572136e-10,7.18927603452e-08
0.000695162123043,0.861499351901,0.127705065568,0.0101003580835,2.58057868836e-10,2.59405722431e-10,6.18066619831e-08
0.000630966838634,0.862010420932,0.12773795618,0.00962060248724,2.09587814465e-10,2.09777437203e-10,5.3142508091e-08
0.00057264467632,0.86248206003,0.127782106809,0.00916314244609,1.7021572096e-10,1.6963708598e-10,4.56984658427e-08
0.000519664835871,0.862916506979,0.127836797745,0.00872699086364,1.38235126147e-10,1.37172289546e-10,3.93016154618e-08
0.000471543695787,0.863315881538,0.127901341388,0.00831119935108,1.12259376632e-10,1.10916519256e-10,3.38037579659e-08
0.000427840720181,0.863682191632,0.127975081145,0.00791485724492,9.11617492095e-11,8.96831802129e-11,2.90778401975e-08
0.000388154707519,0.864017339208,0.128057390338,0.00753709058469,7.40267709846e-11,7.25122388722e-11,2.50149045182e-08
0.000352120354513,0.864323125807,0.128147671138,0.00717706106109,6.01106466029e-11,5.86270122444e-11,2.15214847541e-08
0.000319405110273,0.864601257822,0.12824535351,0.00683396494378,4.88090909717e-11,4.73991874257e-11,1.85173819496e-08
0.000289706297569,0.864853351501,0.128349894193,0.00650703199685,3.96311833105e-11,3.83205064202e-11,1.59337635942e-08
0.000262748479686,0.865080937665,0.128460775692,0.00619552438882,3.21781167002e-11,3.09798482057e-11,1.37115385097e-08
0.000238281052922,0.865285466186,0.128577505307,0.00589873560321,2.61259275121e-11,2.50446807668e-11,1.17999667957e-08
0.00021607604627,0.865468310225,0.128699614177,0.00561598935476,2.12114601236e-11,2.02460509887e-11,1.0155470325e-08
0.000195926111192,0.86563077024,0.128826656359,0.00534663851568,1.72209614599e-11,1.63664384785e-11,8.74061444135e-09
0.000177642685696,0.865774077781,0.128958207927,0.00509006405559,1.39808130774e-11,1.32299275543e-11,7.5232358826e-09
0.000161054318188,0.86589939908,0.129093866106,0.00484567399836,1.13500005509e-11,1.06942554837e-11,6.47569565806e-09
0.000146005137636,0.86600783845,0.129233248422,0.0046129023983,9.2139947895e-12,8.64437917885e-12,5.5742387559e-09
0.000132353457722,0.866100441505,0.129375991886,0.00439120833786,7.4797807812e-12,6.98727069114e-12,4.79844522495e-09
0.000119970503593,0.866178198199,0.129521752206,0.00418007494868,6.07181876861e-12,5.64770703299e-12,4.13075944583e-09
0.000108739250751,0.866242045711,0.129670203015,0.00397900845712,4.92876310331e-12,4.56486454e-12,3.55608633635e-09
9.85533664953e-05,0.866292871176,0.129821035133,0.00378753725554,4.00079674972e-12,3.68956416993e-12,3.06144487824e-09
8.93162450717e-05,0.866331514261,0.129973955852,0.00360521099997,3.24746600888e-12,2.98204342946e-12,2.63567075118e-09
8.09401284601e-05,0.866358769617,0.130128688245,0.00343159973477,2.63592165695e-12,2.41015433367e-12,2.26916105165e-09
7.33453053652e-05,0.866375389195,0.130284970497,0.00326629304457,2.13949026995e-12,1.94790600047e-12,1.95365509039e-09
6.64593816164e-05,0.866382084437,0.130442555262,0.00310889923373,1.73651379245e-12,1.57428601883e-12,1.68204612905e-09
6.02166157444e-05,0.866379528358,0.130601209042,0.00295904453314,1.40940701961e-12,1.27230730527e-12,1.44821965629e-09
5.45573140337e-05,0.866368357517,0.130760711586,0.00281637233454,1.14389209809e-12,1.02823733923e-12,1.24691443612e-09
4.94272798293e-05,0.866349173879,0.130920855314,0.00268054245172,9.28376820549e-13,8.30974903178e-13,1.07360310035e-09
4.47773123237e-05,0.866322546591,0.131081444763,0.00255123040868,7.53449720069e-13,6.7154611668e-13,9.24389519522e-10
4.0562750459e-05,0.866289013655,0.131242296043,0.00242812675394,6.11470034716e-13,5.42696944948e-13,7.95920580817e-10
3.67430579524e-05,0.866249083524,0.131403236331,0.00231093640089,4.96234727246e-13,4.3856372457e-13,6.85310339555e-10
3.32814457988e-05,0.866203236606,0.131564103364,0.00219937799331,4.02708088011e-13,3.54406777777e-13,5.90074800041e-10
3.01445289212e-05,0.8661519267,0.131724744967,0.00209318329576,3.26802165461e-13,2.8639504142e-13,5.0807582908e-10
2.73020139257e-05,0.866095582351,0.131885018589,0.00199209660796,2.65198475394e-13,2.31431946053e-13,4.37472917647e-10
2.47264151862e-05,0.866034608141,0.132044790864,0.00189587420279,2.15203232935e-13,1.87014648407e-13,3.76681688007e-10
2.23927967257e-05,0.865969385912,0.13220393718,0.00180428378705,1.74629807646e-13,1.51120231387e-13,3.24338199397e-10
2.0278537581e-05,0.865900275927,0.132362341272,0.0017171039843,1.41703285305e-13,1.22113707686e-13,2.79268239055e-10
1.83631185444e-05,0.865827617971,0.132519894831,0.00163412383931,1.14982980942e-13,9.86736513963e-14,2.40460899989e-10
1.66279283602e-05,0.8657517324,0.132676497121,0.00155514234311,9.32995283748e-14,7.9732081259e-14,2.0704584526e-10
1.50560876212e-05,0.865672921137,0.132832054619,0.00147996797826,7.5703805575e-14,6.44258655802e-14,1.78273742967e-10
1.36322887717e-05,0.865591468609,0.132986480665,0.00140841828339,6.14254702196e-14,5.20574415032e-14,1.53499428589e-10
1.23426507574e-05,0.865507642651,0.133139695129,0.00134031943655,4.98392980588e-14,4.20630640302e-14,1.32167413575e-10
1.11745870005e-05,0.865421695357,0.133291624086,0.00127550585647,4.04378564753e-14,3.39871419488e-14,1.13799412517e-10
1.01166854885e-05,0.865333863885,0.13344219951,0.00121381982136,3.2809321504e-14,2.7461494183e-14,9.79836071495e-11
9.1585998795e-06,0.865244371231,0.133591358981,0.0011551111042,2.66194706478e-14,2.21885835326e-14,8.43654048795e-11
8.29095062157e-06,0.865153426958,0.133739045394,0.00109923662435,2.15970657854e-14,1.79279654387e-14,7.26394834285e-11
7.50523517456e-06,0.865061227892,0.133885206696,0.0010460601144,1.75219882303e-14,1.44853354757e-14,6.25429423353e-11
6.79374650507e-06,0.86496795878,0.134029795618,0.000995451801991,1.42156079867e-14,1.17036773709e-14,5.38494070908e-11
6.14949909923e-06,0.864873792919,0.13417276943,0.000947288105842,1.15329666829e-14,9.4561088259e-15,4.63639532254e-11
5.56616180662e-06,0.864778892752,0.134314089701,0.000901451345453,9.35643277292e-15,7.64009960018e-15,3.99187361823e-11
5.03799689006e-06,0.864683410436,0.134453722069,0.000857829463916,7.59055183716e-15,6.1727987155e-15,3.43692287387e-11
4.55980471323e-06,0.86458748838,0.134591636023,0.000816315763307,6.15786696737e-15,4.98725808325e-15,2.95909814313e-11
4.1268735488e-06,0.864491259756,0.134727804693,0.000776808652114,4.99552656956e-15,4.02938063274e-15,2.54768332281e-11
3.73493403729e-06,0.86439484899,0.134862204649,0.000739211404204,4.05253129868e-15,3.25545398084e-15,2.19345098226e-11
3.38011786914e-06,0.864298372221,0.134994815713,0.000703431928835,3.28749975232e-15,2.63015732808e-15,1.888455565e-11
3.05892030154e-06,0.864201937743,0.135125620769,0.000669382551249,2.66685521174e-15,2.12495080338e-15,1.62585532275e-11
2.76816615684e-06,0.864105646423,0.135254605594,0.000636979803368,2.16335411568e-15,1.71677388884e-15,1.3997589878e-11
2.50497898175e-06,0.864009592098,0.135381758687,0.000606144224175,1.75489188671e-15,1.38699362662e-15,1.20509374554e-11
2.2667530755e-06,0.863913861954,0.135507071113,0.00057680016935,1.42353385442e-15,1.12055468386e-15,1.03749154705e-11
2.05112812221e-06,0.863818536887,0.135630536346,0.000548875629744,1.15472886065e-15,9.05292544006e-16,8.93191213458e-12
1.85596618658e-06,0.863723691841,0.135752150127,0.000522302058315,9.36671121494e-16,7.31378522585e-16,7.6895413791e-12
1.67933085437e-06,0.863629396134,0.135871910324,0.000497014205135,7.59782405415e-16,5.90871310715e-16,6.61991696252e-12
1.51946831893e-06,0.863535713767,0.135989816799,0.000472949960125,6.16291850441e-16,4.77354602703e-16,5.69902739842e-12
1.37479023357e-06,0.863442703718,0.136105871284,0.000450050203147,4.99895016165e-16,3.85644286595e-16,4.90619770084e-12
1.2438581658e-06,0.863350420219,0.136220077257,0.000428258661143,4.05477233959e-16,3.1155184654e-16,4.22362588835e-12
1.12536950493e-06,0.863258913022,0.136332439833,0.000407521771993,3.2888913357e-16,2.51693187755e-16,3.63598386351e-12
1.01814468779e-06,0.863168227649,0.136442965649,0.000387788554783,2.66764508714e-16,2.0333416531e-16,3.13007372704e-12
9.21115620238e-07,0.863078405631,0.136551662765,0.000369010486198,2.16372538413e-16,1.64265771176e-16,2.6945318279e-12
8.33315182951e-07,0.862989484738,0.136658540562,0.000351141382749,1.75497885577e-16,1.32703286158e-16,2.31957391973e-12
7.53867720737e-07,0.86290149919,0.136763609652,0.000334137288583,1.42343415609e-16,1.07204796054e-16,1.99677571499e-12
6.8198042359e-07,0.862814479866,0.136866881783,0.000317956368605,1.15451268906e-16,8.66053544444e-17,1.71888392093e-12
6.16935516382e-07,0.862728454496,0.13696836976,0.00030255880666,9.36388254649e-17,6.99637880866e-17,1.47965352405e-12
5.5808318172e-07,0.862643447845,0.137068087362,0.000287906708571,7.59467525314e-17,5.65197175529e-17,1.27370767788e-12
5.04835147506e-07,0.862559481888,0.137166049266,0.00027396400977,6.15968559548e-17,4.56588317062e-17,1.09641705477e-12
4.56658877088e-07,0.862476575982,0.137262270971,0.000260696387332,4.99578857243e-17,3.68848311619e-17,9.43795958664e-13
4.13072305662e-07,0.862394747014,0.137356768737,0.000248071176206,4.0517795007e-17,2.97967601449e-17,8.1241287082e-13
3.73639071812e-07,0.862314009559,0.137449559512,0.000236057289429,3.28612350376e-17,2.40706920129e-17,6.99313423974e-13
3.37964197839e-07,0.862234376017,0.137540660876,0.000224625142161,2.66512978991e-17,1.94449323889e-17,6.01954078709e-13
3.05690176828e-07,0.862155856753,0.137630090977,0.00021374657934,2.16147055959e-17,1.57080643698e-17,5.1814501548e-13
2.76493428347e-07,0.862078460217,0.137717868482,0.000203394806804,1.75297950486e-17,1.26892899962e-17,4.46000962193e-13
2.50081088185e-07,0.862002193074,0.137804012519,0.000193544325699,1.42167713408e-17,1.0250626972e-17,3.8389885502e-13
2.26188100801e-07,0.86192706031,0.137888542631,0.000184170870041,1.15298011073e-17,8.28060431262e-18,3.30441383183e-13
2.0457458605e-07,0.861853065349,0.137971478729,0.000175251347255,9.35059873596e-18,6.68916902676e-18,2.84425600292e-13
1.85023454425e-07,0.861780210151,0.138052841044,0.000166763781577,7.5832235952e-18,5.40357122392e-18,2.44815898337e-13
1.67338247461e-07,0.861708495309,0.138132650092,0.000158687260169,6.14985967795e-18,4.36503971266e-18,2.10720738196e-13
1.5134118212e-07,0.861637920148,0.138210926629,0.000151001881812,4.9873921979e-18,3.52609624885e-18,1.8137261471e-13
1.36871379967e-07,0.861568482803,0.138287691618,0.000143688708077,4.04463067736e-18,2.84838575544e-18,1.56110806864e-13
1.23783263747e-07,0.86150018031,0.13836296619,0.000136729716831,3.2800564661e-18,2.30092339826e-18,1.34366526071e-13
1.11945105589e-07,0.861433008681,0.138436771616,0.000130107757988,2.65999567086e-18,1.85867843961e-18,1.1565012928e-13
1.01237712559e-07,0.861366962979,0.138509129272,0.000123806511379,2.15713716733e-18,1.50143017297e-18,9.9540109955e-14
9.15532366065e-08,0.861302037386,0.138580060614,0.000117810446655,1.74933053111e-18,1.21284366926e-18,8.56736198216e-14
8.27940971834e-08,0.861238225273,0.138649587147,0.000112104785124,1.41861102669e-18,9.79723105609e-19,7.37383086178e-14
7.48720058897e-08,0.861175519261,0.138717730404,0.000106675463413,1.15040877374e-18,7.9140855969e-19,6.34652986412e-14
6.77070835308e-08,0.861113911279,0.138784511915,0.000101509098899,9.32907306533e-19,6.39288706365e-19,5.46231363443e-14
6.12270608502e-08,0.86105339262,0.138849953196,9.65929567888e-05,7.56523310445e-19,5.16407148644e-19,4.70125851482e-14
5.53665550363e-08,0.860993953999,0.138914075715,9.19149187967e-05,6.13484647522e-19,4.17144392746e-19,4.04621425229e-14
5.0066414841e-08,0.860935585595,0.138976900885,8.74634533296e-05,4.97488105504e-19,3.36960933279e-19,3.48241806324e-14
4.52731278241e-08,0.860878277103,0.139038450036,8.32275871094e-05,4.03421810713e-19,2.72189706828e-19,2.9971623843e-14
4.09382838459e-08,0.860822017778,0.139098744405,7.91968781667e-05,3.27140089486e-19,2.19868428082e-19,2.57950884389e-14
3.70180894876e-08,0.860766796475,0.139157805117,7.53613901363e-05,2.65280869909e-19,1.77604145157e-19,2.22004202717e-14
3.34729285778e-08,0.860712601689,0.139215653171,7.17116677952e-05,2.15117587091e-19,1.43463823135e-19,1.91065749997e-14
3.02669644598e-08,0.860659421593,0.139272309426,6.82387137806e-05,1.74439073257e-19,1.15885954356e-19,1.64437932718e-14
2.73677800464e-08,0.860607244074,0.139327794592,6.49339664333e-05,1.41452145303e-19,9.36091549963e-20,1.41520298299e-14
2.47460520809e-08,0.860556056761,0.139382129214,6.17892787111e-05,1.1470260127e-19,7.56144837936e-20,1.21796012132e-14
2.23752563623e-08,0.860505847062,0.139435333664,5.87968981212e-05,9.30111473418e-20,6.10788460126e-20,1.04820216519e-14
2.02314009991e-08,0.860456602188,0.139487428133,5.59494476227e-05,7.54214341308e-20,4.93373523996e-20,9.02100097371e-15
1.82927850331e-08,0.860408309184,0.139538432616,5.32399074519e-05,6.11579140059e-20,3.98529122355e-20,7.76358198082e-15
1.65397800257e-08,0.86036095495,0.139588366912,5.06615978262e-05,4.95916635686e-20,3.21916702716e-20,6.68139789403e-15
1.49546324279e-08,0.860314526272,0.139637250611,4.82081624849e-05,4.02126660312e-20,2.60031644829e-20,5.75003315715e-15
1.35212847607e-08,0.860269009836,0.13968510309,4.58735530252e-05,3.26073326698e-20,2.10042973881e-20,4.94847321939e-15
1.22252138196e-08,0.860224392256,0.139731943505,4.36520139964e-05,2.64402732138e-20,1.69663880298e-20,4.25863091398e-15
1.10532842858e-08,0.86018066009,0.139777790788,4.15380687148e-05,2.14395121294e-20,1.37047125538e-20,3.66493877338e-15
9.99361628086e-09,0.860137799858,0.139822663642,3.95265057648e-05,1.73844995125e-20,1.10700551065e-20,3.15399810447e-15
9.03546553856e-09,0.860095798064,0.139866580534,3.76123661538e-05,1.40963883791e-20,8.94188268162e-21,2.71427692398e-15
8.16911499544e-09,0.860054641205,0.139909559695,3.57909310876e-05,1.14301499712e-20,7.22283180411e-21,2.33584995321e-15
7.38577671345e-09,0.86001431579,0.139951619114,3.40577103382e-05,9.26817965194e-21,5.83425491931e-21,2.01017481757e-15
6.67750315219e-09,0.859974808353,0.139992776538,3.24084311742e-05,7.51511162908e-21,4.71262281268e-21,1.72989941121e-15
6.03710690126e-09,0.859936105469,0.140033049466,3.0839027827e-05,6.09361399878e-21,3.80661852988e-21,1.48869608804e-15
5.45808806732e-09,0.859898193759,0.140072455151,2.93456314674e-05,4.94097879201e-21,3.07478988774e-21,1.28111894444e-15
4.93456858752e-09,0.859861059908,0.140111010597,2.79245606664e-05,4.00635673373e-21,2.4836532117e-21,1.1024809788e-15
4.46123280952e-09,0.85982469067,0.140148732557,2.65723123189e-05,3.24851483315e-21,2.00616157001e-21,9.4874836022e-16
4.03327374152e-09,0.859789072882,0.140185637532,2.52855530062e-05,2.63401796197e-21,1.62046744458e-21,8.16449424149e-16
3.64634443211e-09,0.85975419347,0.140221741773,2.40611107767e-05,2.13575426239e-21,1.30892324404e-21,7.02596344284e-16
3.29651399112e-09,0.859720039458,0.140257061278,2.28959673251e-05,1.73173937928e-21,1.05727394224e-21,6.04617715476e-16
2.98022780928e-09,0.859686597974,0.140291611795,2.17872505498e-05,1.40414679987e-21,8.5400491247e-22,5.2030052817e-16
2.6942715765e-09,0.85965385626,0.140325408819,2.07322274707e-05,1.13852155042e-21,6.89815125826e-22,4.47740226435e-16
2.43573873642e-09,0.859621801672,0.140358467594,1.97282974907e-05,9.23142581201e-22,5.57191616265e-22,3.85297723753e-16
2.2020010498e-09,0.859590421695,0.140390803117,1.87729859824e-05,7.48505725685e-22,4.50065746556e-22,3.31562407466e-16
1.99068197009e-09,0.859559703939,0.140422430133,1.78639381864e-05,6.06904435122e-22,3.63535551039e-22,2.85320297756e-16
1.79963256294e-09,0.859529636148,0.140453363139,1.69989134048e-05,4.92089800175e-22,2.93641453528e-22,2.45526643151e-16
1.62690972695e-09,0.859500206204,0.140483616389,1.61757794755e-05,3.98994866928e-22,2.37185100164e-22,2.11282334546e-16
1.47075649605e-09,0.859471402131,0.14051320389,1.5392507515e-05,3.23511089355e-22,1.91583019288e-22,1.81813605808e-16
1.32958422478e-09,0.859443212097,0.140542139406,1.46471669151e-05,2.62307059147e-22,1.54748413479e-22,1.56454563095e-16
1.2019564768e-09,0.859415624417,0.14057043646,1.39379205823e-05,2.12681518014e-22,1.2499567586e-22,1.346321488e-16
1.08657445392e-09,0.859388627557,0.140598108336,1.32630204077e-05,1.72444169337e-22,1.00963262298e-22,1.15853200929e-16
9.822638186e-10,0.859362210134,0.140625168081,1.26208029566e-05,1.39819031944e-22,8.15513908234e-23,9.96933159404e-17
8.87962776809e-10,0.85933636092,0.140651628507,1.20096853664e-05,1.13366072922e-22,6.58717179512e-23,8.57872637712e-17
8.02711300797e-10,0.859311068842,0.140677502194,1.14281614436e-05,9.1917662541e-23,5.32066894729e-23,7.38207387724e-17
7.25641382947e-10,0.859286322987,0.14070280149,1.087479795e-05,7.45270480642e-23,4.29767059024e-23,6.35232603885e-17
6.55968222134e-10,0.859262112596,0.140727538517,1.0348231068e-05,6.04265733687e-23,3.47136002795e-23,5.46620633712e-17
5.92982253469e-10,0.859238427071,0.140751725173,9.84716303848e-06,4.89938011361e-23,2.80392148273e-23,4.70368396272e-17
5.36041940835e-10,0.859215255975,0.14077537313,9.37035896026e-06,3.97240429809e-23,2.264809624e-23,4.04752130163e-17
4.84567259266e-10,0.859192589029,0.140798493843,8.91664374531e-06,3.22080855393e-23,1.82935178163e-23,3.48288449501e-17
4.38033801241e-10,0.859170416113,0.140821098549,8.48489922135e-06,2.61141297576e-23,1.47761888637e-23,2.99700828764e-17
3.959674472e-10,0.859148727271,0.140843198271,8.07406137468e-06,2.11731464841e-23,1.19351347539e-23,2.57890759855e-17
3.57939546348e-10,0.859127512704,0.14086480382,7.68311772674e-06,1.71670021879e-23,9.64033032262e-24,2.21912930143e-17
3.23562558914e-10,0.859106762773,0.140885925799,7.31110483769e-06,1.39188308367e-23,7.78674953703e-24,1.9095386104e-17
2.92486115745e-10,0.859086467998,0.140906574604,6.95710593088e-06,1.12852270742e-23,6.28955914866e-24,1.64313524741e-17
2.64393455278e-10,0.859066619058,0.140926760429,6.62024863256e-06,9.14991618643e-24,5.08023640085e-24,1.41389523985e-17
2.38998201812e-10,0.859047206789,0.140946493269,6.29970282092e-06,7.41862151744e-24,4.10343313732e-24,1.21663477568e-17
2.16041452385e-10,0.859028222185,0.140965782921,5.99467857942e-06,6.01490282203e-24,3.31444281351e-24,1.04689304108e-17
1.95289142753e-10,0.859009656394,0.140984638987,5.70442424932e-06,4.87678189371e-24,2.67715449963e-24,9.00831394402e-18
1.76529665722e-10,0.85899150072,0.141003070879,5.42822457643e-06,3.95400654259e-24,2.16240024816e-24,7.75146598964e-18
1.59571717705e-10,0.858973746621,0.141021087821,5.16539894775e-06,3.20583216899e-24,1.74662019894e-24,6.66996154605e-18
1.44242351635e-10,0.858956385705,0.141038698851,4.91529971351e-06,2.59922301952e-24,1.41078433413e-24,5.73934041303e-18
1.30385216475e-10,0.858939409732,0.141055912827,4.67731059045e-06,2.10739373389e-24,1.13952153983e-24,4.93855423101e-18
1.17858965475e-10,0.858922810613,0.141072738424,4.45084514254e-06,1.70862680827e-24,9.20416117775e-25,4.24949063082e-18
1.06535816984e-10,0.858906580404,0.141089184144,4.23534533522e-06,1.38531377844e-24,7.4343955287e-25,3.65656374217e-18
9.63002532389e-11,0.858890711311,0.141105258313,4.03028015971e-06,1.1231778e-24,6.00491532184e-25,3.14636180829e-18
8.70478438866e-11,0.85887519568,0.141120969089,3.835144324e-06,9.10643308704e-25,4.85029210452e-25,2.70734394404e-18
7.86841823049e-11,0.858860026005,0.14113632446,3.64945700719e-06,7.38324936121e-25,3.91767755528e-25,2.32957918484e-18
7.11239239103e-11,0.858845194918,0.141151332251,3.4727606742e-06,5.98613119309e-25,3.16438469217e-25,2.00452192915e-18
6.42899166815e-11,0.858830695192,0.141166000124,3.30461994796e-06,4.85338111344e-25,2.55593413797e-25,1.72481869968e-18
5.81124150615e-11,0.858816519739,0.141180335583,3.14462053609e-06,3.93497560173e-25,2.06447602781e-25,1.48414185577e-18
5.25283692489e-11,0.858802661605,0.141194345975,2.99236820977e-06,3.19035629307e-25,1.66751533583e-25,1.27704649847e-18
4.74807826516e-11,0.858789113971,0.141208038493,2.84748783185e-06,2.58663909027e-25,1.34688228363e-25,1.09884733409e-18
4.29181309715e-11,0.858775870153,0.141221420182,2.70962243229e-06,2.09716211619e-25,1.08790070905e-25,9.45512712663e-19
3.87938370104e-11,0.858762923593,0.141234497936,2.57843232813e-06,1.70030839912e-25,8.78716333852e-26,8.13573446109e-19
3.50657958568e-11,0.858750267866,0.141247278504,2.45359428631e-06,1.37855131263e-25,7.09754186738e-26,7.00044344831e-19
3.16959456232e-11,0.858737896672,0.141259768496,2.33480072691e-06,1.11768062467e-25,5.73280349066e-26,6.0235669892e-19
2.86498793664e-11,0.858725803836,0.141271974377,2.22175896505e-06,9.0617498492e-26,4.63047965057e-26,5.18300177498e-19
2.58964942418e-11,0.858713983305,0.141283902478,2.11419048943e-06,7.34693143541e-26,3.74011314948e-26,4.45972832604e-19
2.34076743219e-11,0.858702429151,0.141295558995,2.01183027597e-06,5.95661437214e-26,3.02094864506e-26,3.83738077242e-19
2.11580038494e-11,0.858691135561,0.141306949992,1.9144261345e-06,4.82939327968e-26,2.44006720492e-26,3.30187664818e-19
1.91245080078e-11,0.858680096841,0.141318081402,1.82173808728e-06,3.9154822677e-26,1.97087954023e-26,2.84109832885e-19
1.72864185684e-11,0.858669307414,0.141328959031,1.7335377775e-06,3.17451627837e-26,1.59190895405e-26,2.44461890855e-19
1.56249620286e-11,0.858658761814,0.141339588562,1.64960790647e-06,2.5737684518e-26,1.28580829973e-26,2.10346631801e-19
1.41231680843e-11,0.858648454689,0.141349975555,1.56974169809e-06,2.0867047978e-26,1.03856595543e-26,1.80992034915e-19
1.27656964848e-11,0.858638380796,0.141360125449,1.49374238924e-06,1.69181235124e-26,8.38864471533e-27,1.55733799624e-19
1.15386805072e-11,0.858628534998,0.141370043568,1.42142274485e-06,1.37164906421e-26,6.77562535933e-27,1.34000316341e-19
1.04295854556e-11,0.858618912268,0.141379735117,1.35260459647e-06,1.11207347888e-26,5.47276545959e-27,1.1529973396e-19
9.42708074435e-12,0.85860950768,0.141389205193,1.28711840317e-06,9.01620163719e-27,4.42042635093e-27,9.9208831601e-20
8.52092426002e-12,0.858600316412,0.141398458777,1.22480283375e-06,7.30993331857e-27,3.57043684813e-27,8.53634429067e-20
7.70185782594e-12,0.858591333742,0.141407500746,1.16550436914e-06,5.92656279516e-27,2.88388826433e-27,7.34502163058e-20
6.96151270242e-12,0.858582555047,0.141416335869,1.10907692406e-06,4.80498513215e-27,2.32935340271e-27,6.31995248697e-20
6.29232416027e-12,0.858573975802,0.141424968811,1.05538148706e-06,3.89565865492e-27,1.88144800082e-27,5.43793653852e-20
5.68745425647e-12,0.858565591575,0.141433404134,1.00428577794e-06,3.15841680246e-27,1.51966878111e-27,4.67901086374e-20
5.1407220249e-12,0.85855739803,0.141441646301,9.55663921734e-07,2.56069404133e-27,1.22745492224e-27,4.02599821514e-20
4.64654037041e-12,0.858549390921,0.141449699678,9.093961386e-07,2.0760874897e-27,9.91429991799e-28,3.46411832027e-20
4.19985902274e-12,0.858541566094,0.141457568533,8.65368448601e-07,1.68319072638e-27,8.00789641566e-28,2.98065341667e-20
3.79611296859e-12,0.858533919481,0.141465257043,8.23472390861e-07,1.36464828021e-27,6.46807037841e-28,2.56466045401e-20
3.43117583602e-12,0.858526447102,0.14147276929,7.83604756299e-07,1.10638904093e-27,5.22433388849e-28,2.20672345255e-20
3.10131775562e-12,0.858519145062,0.141480109268,7.45667333306e-07,8.97004734337e-28,4.21975283781e-28,1.89874041531e-20
2.80316726884e-12,0.858512009549,0.141487280881,7.09566665744e-07,7.27246011378e-28,3.40834074046e-28,1.63373997289e-20
2.5336768947e-12,0.858505036834,0.141494287949,6.75213822666e-07,5.89613894905e-28,2.75295367166e-28,1.40572361264e-20
2.2900920038e-12,0.858498223267,0.141501134206,6.42524179181e-07,4.78028539435e-28,2.22358997543e-28,1.20952992232e-20
2.069922682e-12,0.858491565278,0.141507823303,6.11417207941e-07,3.8756067377e-28,1.79601691113e-28,1.04071777686e-20
1.87091829668e-12,0.858485059372,0.14151435881,5.81816280718e-07,3.14213864784e-28,1.45066137422e-28,8.95465824946e-21
1.69104450606e-12,0.858478702131,0.141520744219,5.53648479601e-07,2.54747985259e-28,1.17171391421e-28,7.70486001237e-21
1.52846247707e-12,0.858472490212,0.141526982942,5.26844417321e-07,2.06536088527e-28,9.46405036347e-29,6.6294910709e-21
1.38151009954e-12,0.858466420342,0.141533078318,5.01338066295e-07,1.67448368132e-28,7.64420659668e-29,5.70420775922e-21
1.24868500508e-12,0.858460489323,0.141539033609,4.77066595933e-07,1.3575807704e-28,6.17429973886e-29,4.90806374159e-21
1.12862921733e-12,0.858454694023,0.141544852006,4.53970217837e-07,1.10065250822e-28,4.98704082609e-29,4.22303590937e-21
1.02011527683e-12,0.858449031381,0.141550536626,4.31992038486e-07,8.9234865607e-29,4.02807976068e-29,3.63361643702e-21
9.22033698924e-13,0.858443498401,0.141556090521,4.11077919065e-07,7.23466991987e-29,3.25351733206e-29,3.12646176525e-21
8.33381636734e-13,0.858438092153,0.141561516669,3.91176342074e-07,5.86546806323e-29,2.62789564211e-29,2.69009056778e-21
7.53252633277e-13,0.858432809774,0.141566817987,3.72238284396e-07,4.75539325865e-29,2.12257494467e-29,2.31462386648e-21
6.80827358272e-13,0.85842764846,0.141571997322,3.54217096525e-07,3.85540508381e-29,1.7144225975e-29,1.99156141345e-21
6.1536523497e-13,0.858422605472,0.141577057459,3.37068387622e-07,3.12574404521e-29,1.38475411176e-29,1.71358927908e-21
5.56196871525e-13,0.858417678128,0.141582001121,3.20749916157e-07,2.53417517565e-29,1.11847782413e-29,1.47441429169e-21
5.02717219621e-13,0.858412863808,0.14158683097,3.05221485832e-07,2.0545640244e-29,9.03404037872e-30,1.26862158151e-21
4.54379390486e-13,0.858408159949,0.141591549606,2.90444846553e-07,1.66572213697e-29,7.29687007521e-30,1.09155200498e-21
4.10689065147e-13,0.858403564044,0.141596159572,2.76383600191e-07,1.35047102487e-29,5.89374223145e-30,9.39196675119e-22
3.71199441821e-13,0.858399073643,0.141600663353,2.63003110914e-07,1.09488327723e-29,4.76042361918e-30,8.08106210716e-22
3.35506668848e-13,0.858394686349,0.141605063381,2.50270419853e-07,8.87667291005e-30,3.84503241929e-30,6.95312650477e-22
3.03245716515e-13,0.858390399818,0.141609362027,2.38154163904e-07,7.1966844036e-30,3.10566317697e-30,5.98262264595e-22
2.74086645597e-13,0.85838621176,0.141613561615,2.26624498465e-07,5.83464649581e-30,2.50846845103e-30,5.1475774305e-22
2.47731234506e-13,0.858382119934,0.141617664413,2.15653023909e-07,4.73038503815e-30,2.02610934078e-30,4.42908452063e-22
2.23909930578e-13,0.85837812215,0.141621672637,2.05212715616e-07,3.83511413048e-30,1.63650395956e-30,3.8108763277e-22
2.02379094367e-13,0.858374216266,0.141625588456,1.95277857405e-07,3.10928085814e-30,1.32181656335e-30,3.27895573283e-22
1.82918508786e-13,0.858370400189,0.141629413987,1.85823978173e-07,2.5208179158e-30,1.06764105921e-30,2.82127920525e-22
1.65329127636e-13,0.858366671872,0.1416331513,1.76827791612e-07,2.04372692562e-30,8.62341516537e-31,2.4274841454e-22
1.49431040536e-13,0.858363029313,0.141636802419,1.68267138848e-07,1.65692986577e-30,6.96519491208e-31,2.08865428093e-22
1.35061633448e-13,0.858359470557,0.141640369321,1.60120933844e-07,1.34333786936e-30,5.62583777935e-31,1.79711780499e-22
1.22073925999e-13,0.858355993692,0.141643853939,1.52369111463e-07,1.08909625619e-30,4.54402894923e-31,1.54627368726e-22
1.10335068622e-13,0.858352596846,0.141647258161,1.44992578034e-07,8.82972444904e-31,3.67024392339e-31,1.33044222591e-22
9.97249841359e-14,0.858349278194,0.141650583833,1.37973164316e-07,7.15859705321e-31,2.96448135044e-31,1.14473645756e-22
9.01351399138e-14,0.858346035947,0.141653832759,1.3129358074e-07,5.80374827792e-31,2.394431809e-31,9.84951513999e-23
