-10.0 -10.0 -10.0,-10.0 -10.0 0.0,-10.0 -10.0 10.0,-10.0 0.0 -10.0,-10.0 0.0 0.0,-10.0 0.0 10.0,-10.0 10.0 -10.0,-10.0 10.0 0.0,-10.0 10.0 10.0,0.0 -10.0 -10.0,0.0 -10.0 0.0,0.0 -10.0 10.0,0.0 0.0 -10.0,0.0 0.0 0.0,0.0 0.0 10.0,0.0 10.0 -10.0,0.0 10.0 0.0,0.0 10.0 10.0,10.0 -10.0 -10.0,10.0 -10.0 0.0,10.0 -10.0 10.0,10.0 0.0 -10.0,10.0 0.0 0.0,10.0 0.0 10.0,10.0 10.0 -10.0,10.0 10.0 0.0,10.0 10.0 10.0,other
0.037037037037,0.037037037037,0.037037037037,0.037037037037,0.037037037037,0.037037037037,0.037037037037,0.037037037037,0.037037037037,0.037037037037,0.037037037037,0.037037037037,0.037037037037,0.037037037037,0.037037037037,0.037037037037,0.037037037037,0.037037037037,0.037037037037,0.037037037037,0.037037037037,0.037037037037,0.037037037037,0.037037037037,0.037037037037,0.037037037037,0.037037037037,0.0
0.0361864717879,0.0361770875943,0.0357190124034,0.036487974284,0.0364509023411,0.0357215865166,0.0396606828212,0.0394223379746,0.0357461954184,0.0361915398162,0.0361609008392,0.0357179142415,0.0376631513583,0.0377861740797,0.0357294037984,0.0457717220732,0.0461564235407,0.0358217054047,0.0357142899975,0.0357142897593,0.0357142857526,0.0357143316975,0.0357143283844,0.0357142860194,0.0357143651739,0.0357143506505,0.0357142862716,0.0
0.0352074702372,0.0351884508733,0.0342693053908,0.0358070889306,0.0357329283853,0.0342765827607,0.0422651563226,0.0417818248731,0.0343403828943,0.0352172424056,0.0351564686135,0.0342664291805,0.0381586532847,0.0384095819004,0.0342967799571,0.0559380821596,0.0568503366353,0.0345297319795,0.0342563515594,0.0342563511089,0.0342563438332,0.0342564217388,0.0342564162601,0.0342563444192,0.0342564765904,0.0342564527349,0.0342563449708,0.0
0.0341041678347,0.0340753136673,0.0327002108414,0.0349940428142,0.0348832237888,0.032716803686,0.0447895585881,0.0440646796835,0.0328468416636,0.0341180943755,0.0340282094171,0.0326943151154,0.0385031461181,0.0388846283353,0.0327576881263,0.0674910859128,0.0690835295784,0.0332173234577,0.0326718573728,0.032671856738,0.0326718469366,0.0326719452733,0.0326719385246,0.0326718479134,0.0326720123238,0.0326719830828,0.0326718488306,0.0
0.0328909267188,0.0328521482271,0.0310414562629,0.0340573000306,0.0339108810485,0.0310778323923,0.0471591513158,0.0462088223982,0.0313256811291,0.0329082458806,0.0327909478307,0.0310302692544,0.0386792727141,0.0391907297265,0.0311547750068,0.0802316172947,0.0826483506385,0.0319987683056,0.0309824846715,0.0309824838825,0.0309824722901,0.0309825819703,0.0309825746118,0.0309824737553,0.0309826546501,0.0309826228618,0.0309824751314,0.0
0.0315954876072,0.0315469273034,0.0293506007725,0.0330165922419,0.0328365666596,0.0294309968982,0.0492792498001,0.0481343843791,0.0298953332255,0.0316152232771,0.031473091891,0.0293301326512,0.038672824762,0.0393089709684,0.0295720212149,0.0937236089141,0.0970699444268,0.0310925688742,0.0292283332402,0.0292283323289,0.0292283196611,0.0292284338881,0.0292284263734,0.0292283217427,0.0292285078082,0.0292284753826,0.0292283237077,0.0
0.0302622861249,0.0302045465369,0.0277276656252,0.0319053691104,0.0316951607754,0.027906580703,0.0510265433209,0.049733523661,0.0287691603574,0.0302833067576,0.0301200548791,0.0276916948672,0.0384721583796,0.0392208684393,0.0281595076917,0.107181867555,0.111479831463,0.030887377939,0.0274746694325,0.0274746684321,0.0274746553743,0.0274747694136,0.0274747620252,0.0274746582291,0.027474841923,0.0274748100276,0.0274746609565,0.0
0.0289509794374,0.0288854223691,0.0263179197098,0.0307699775916,0.0305349664763,0.0267050003544,0.0522553121509,0.0508722878865,0.0282688440876,0.0289721766569,0.0287927629697,0.0262589268661,0.0380700809073,0.0389104309506,0.0271408252473,0.119434060511,0.124574580951,0.0319795975598,0.0258117098624,0.0258117088047,0.0258116959878,0.0258118069246,0.0258117998071,0.0258116997878,0.0258118767131,0.025811845938,0.0258117034911,0.0
0.0277162712224,0.0276450940628,0.0252571593656,0.0296550646505,0.0294024135296,0.0260300957644,0.0528532193659,0.051438988871,0.0287265899918,0.0277368417946,0.0275469871837,0.0251694154493,0.0374707714842,0.0383742951345,0.0267355983035,0.129256777688,0.134992505458,0.0350735200346,0.0243242162327,0.0243242151449,0.0243242030931,0.0243243095192,0.0243243027169,0.0243242080188,0.0243243762288,0.0243243467485,0.0243242129417,0.0
0.0265718951561,0.0264976640341,0.0245675590911,0.0285749955368,0.0283122668729,0.0259427690722,0.052812857121,0.0514137291376,0.0303032175517,0.0265914951241,0.0263965705804,0.0244484731135,0.0366897086784,0.0376265071015,0.0270122368657,0.136044934706,0.142058724913,0.0408129267537,0.0230356706614,0.023035669563,0.0230356586582,0.0230357601383,0.0230357536419,0.0230356649501,0.0230358239098,0.0230357956752,0.0230356713926,0.0
0.0254833895017,0.0254084184292,0.0241416796086,0.0275043844307,0.0272381752892,0.0263222044071,0.0522014430686,0.0508477301429,0.0329718256901,0.0255019999345,0.0253063017722,0.0239878446128,0.0357350558024,0.0366793293768,0.0278660466842,0.139920103235,0.145906572699,0.0498859872818,0.0218990093198,0.0218990082237,0.0218989987456,0.0218990951979,0.0218990889859,0.0218990068366,0.021899156276,0.0218991291851,0.0218990152634,0.0
0.0243930842332,0.0243192032008,0.0238217569767,0.0263945522654,0.026130266206,0.0269616000129,0.0510687718928,0.0497797518574,0.0366483680402,0.0244107903879,0.0242176770341,0.0236242729316,0.0345905454486,0.035521410125,0.0291210189726,0.14119259929,0.146888038453,0.0633705365682,0.0208383706995,0.0208383696152,0.0208383618218,0.0208384531129,0.0208384471738,0.0208383725635,0.0208385116553,0.0208384856363,0.0208383838254,0.0
0.0232346000831,0.0231632279544,0.0234468979886,0.025184019666,0.0249263035916,0.0276267570518,0.0494026332281,0.0481919189792,0.0412370149968,0.0232514538914,0.0230638159145,0.0231903759353,0.0332100861354,0.0341100458217,0.0305753412572,0.139982051557,0.145165752661,0.0830669644772,0.019774479711,0.0197744786477,0.0197744728491,0.0197745585994,0.0197745529389,0.0197744879807,0.0197746146243,0.0197745896562,0.019774503802,0.0
0.0219296692565,0.0218619727281,0.0228525895973,0.02379522508,0.0235485012462,0.0280497655203,0.0471220604624,0.0460008261952,0.046557532243,0.0219456258057,0.021766324344,0.0225187803725,0.031514001493,0.0323673920552,0.0319703744462,0.136126220325,0.140628105843,0.111832388012,0.0186235789454,0.0186235779142,0.0186235745415,0.0186236539916,0.0186236486376,0.0186235978996,0.0186237073685,0.0186236834771,0.0186236221987,0.0
0.0203797589717,0.0203168311975,0.0218596471944,0.0221268295398,0.0218957743668,0.0279082163181,0.0440796524398,0.043058506013,0.0521836895593,0.0203946503534,0.0202268695122,0.0214363780388,0.0293845294181,0.030176297065,0.0329305725699,0.129204680736,0.13292983148,0.153908620533,0.0172886876277,0.0172886866443,0.0172886863354,0.0172887581859,0.0172887531952,0.0172887275084,0.0172888086454,0.0172887858774,0.0172887706734,0.0
0.0184661037708,0.0184091505912,0.0202798544119,0.0200547319481,0.0198446487563,0.0268340573727,0.0400799896188,0.0391706711892,0.0572101347302,0.0184796399254,0.0183271303691,0.0197746424144,0.0266724096189,0.0273869072517,0.0329210500598,0.118654110563,0.12161049283,0.214896637069,0.0156585590211,0.0156585581081,0.0156585618419,0.0156586240404,0.0156586195083,0.0156586492208,0.0156586712489,0.0156586495856,0.0156587449347,0.0
0.0160801866164,0.0160306341907,0.0179655545671,0.0174652476452,0.0172820931636,0.0245030509578,0.0349521603673,0.0341693348199,0.0600825146031,0.016091991614,0.0159590426979,0.0174171057953,0.0232432645204,0.0238633216885,0.0313139247595,0.104067481209,0.10635658513,0.30045207232,0.0136337056702,0.0136337048577,0.0136337141885,0.0136337636919,0.0136337597606,0.0136339515142,0.0136338075191,0.0136337866337,0.0136342394978,0.0
0.0132082368778,0.0131675467512,0.0149194911852,0.01434625125,0.014195766725,0.0208356564577,0.028722171736,0.0280825862039,0.0588918981788,0.013217937651,0.0131087064627,0.0143927585709,0.0190961913787,0.0196046603099,0.0276851896639,0.0857399350611,0.0874858631176,0.412509925875,0.011198439457,0.0111984387778,0.0111984562718,0.0111984888419,0.0111984856924,0.0111993205695,0.0111985299836,0.0111985087206,0.0112005582293,0.0
0.0100442650592,0.0100133238823,0.0114157111759,0.0109097122083,0.0107952704797,0.0162163301035,0.0218439204562,0.0213583790425,0.0525295073553,0.0100516426003,0.00996857417711,0.0109740157533,0.0145224667285,0.0149089396315,0.0222814581114,0.0652656514993,0.0665513845288,0.543690666122,0.00851588090148,0.00851588037863,0.00851591026912,0.00851592039923,0.00851591820412,0.00852004052452,0.00851596120581,0.00851593692231,0.00852733227963,0.0
0.00701549727508,0.00699388632998,0.00799878261036,0.00761997890284,0.00754004573308,0.0114941369712,0.0152572909508,0.0149183001867,0.0421104095634,0.00702065022252,0.00696263018751,0.00767274498888,0.0101434114825,0.010413317276,0.0162118673732,0.0455974431031,0.0464862156668,0.67491802698,0.00594798359458,0.00594798322668,0.00594803129335,0.0059480130885,0.00594801190334,0.00597021217275,0.005948057385,0.00594802626622,0.00601904526631,0.0
0.00464949132227,0.00463516877222,0.00530937029593,0.00505010920874,0.00499713380365,0.00768497560345,0.010111728967,0.00988708384075,0.0311328437875,0.00465290641972,0.00461445386994,0.00508698868094,0.00672251146392,0.00690138673278,0.0110391413333,0.0302215467518,0.0308088705183,0.780551483225,0.00394200103006,0.00394200078527,0.00394206993752,0.00394202210474,0.00394202174158,0.00404093546157,0.00394207208908,0.00394203234145,0.00430764991184,0.0
0.00325195345312,0.00324193595719,0.00371598441132,0.00353215417356,0.00349510204153,0.00539934821963,0.00707236189004,0.00691524327194,0.023348323182,0.00325434204543,0.00322744751018,0.00355841083923,0.00470186898691,0.00482697766061,0.00783653313867,0.0211379609634,0.0215484245327,0.843718875041,0.00275711963794,0.00275711946642,0.00275720285025,0.0027571353044,0.00275713538696,0.0030232288082,0.00275718848253,0.00275714346421,0.00389347928101,0.0
0.00250178852444,0.00249408187796,0.00285968773702,0.00271735217555,0.00268884727781,0.00416365377966,0.00544090069906,0.00532002713588,0.0187241435186,0.00250362611317,0.00248293564469,0.00273769933124,0.00361723584191,0.00371348416459,0.0060775691173,0.0162619275995,0.0165776151148,0.877237951292,0.00212110362799,0.00212110349592,0.00212119250783,0.00212111619485,0.00212111647522,0.00257781405744,0.00212116971623,0.00212112305768,0.00445373392119,0.0
0.00204052624733,0.00203424049853,0.00233289310375,0.00221634578092,0.00219309641671,0.00340116933938,0.00443774570435,0.00433915826025,0.0157161123271,0.00204202503431,0.00202514932967,0.00223300994413,0.00295031527172,0.00302881795522,0.00498333201795,0.013263710475,0.0135211541679,0.897007315951,0.00173002937026,0.00173002926248,0.00173011959954,0.00173003994995,0.00173004032893,0.00236546215064,0.0017300926958,0.00173004593487,0.00575802288219,0.0
0.0017211151582,0.00171581334085,0.00196799178562,0.00186941301331,0.00184980295761,0.00287201070969,0.0037430891503,0.00365993412553,0.0135531499117,0.00172237933455,0.00170814524607,0.00188350843221,0.00248849160098,0.00255470594516,0.00421998848633,0.0111875179612,0.0114046401806,0.909449737037,0.00145922150078,0.00145922140984,0.00145931099576,0.00145923066518,0.00145923109997,0.00225946577404,0.00145928228107,0.00145923600331,0.00795436589297,0.0
0.00148213531617,0.00147756966543,0.00169491819799,0.00160984175584,0.00159295459051,0.00247545869289,0.0032233547737,0.00315174607673,0.0118870547084,0.00148322395943,0.00147096629894,0.00162200616476,0.00214296023049,0.00219998058112,0.00364572332949,0.00963412849442,0.00982108735541,0.916934820446,0.00125660604985,0.00125660597151,0.00125669366556,0.0012566141352,0.00125661460535,0.00221000807825,0.00125666458952,0.0012566189712,0.0114436432958,0.0
0.00129342275499,0.00128943842476,0.00147924652811,0.00140486899992,0.00139013198925,0.00216189907919,0.00281294187881,0.002750450824,0.0105383413253,0.00129437278698,0.00128367583047,0.00141550315613,0.00187010830043,0.00191986853502,0.00319019199783,0.0084074781051,0.00857062053346,0.920143813919,0.00109660895407,0.00109660888568,0.00109669395811,0.00109661617891,0.00109661667518,0.00219259970832,0.00109666563512,0.00109662061461,0.0169145944212,0.0
0.00113796111954,0.00113445568185,0.00130154964446,0.00123601219641,0.00122304648574,0.00190327713887,0.00247484323465,0.00241986329549,0.00940150465947,0.0011387969634,0.00112938571671,0.001245382041,0.00164533254903,0.00168911189264,0.00281339766195,0.00739696087781,0.00754048436068,0.918747739149,0.000964803153657,0.000964803093467,0.000964884979183,0.000964809671538,0.000964810192371,0.00219163051674,0.000964858492765,0.000964813788712,0.0254754814432,0.0
0.0010049308202,0.00100183517634,0.0011494712567,0.00109151949856,0.00108006950956,0.00168171341956,0.0021855283574,0.00213697576341,0.00840638868147,0.00100566895197,0.000997357901874,0.00109980463649,0.0014529893675,0.00149165079462,0.00248970718961,0.00653224964462,0.00665898505701,0.911503322695,0.000852015422894,0.000852015369719,0.000852093522365,0.000852021351469,0.000852021903773,0.00219370075048,0.000852070233194,0.000852025231002,0.0388718674935,0.0
0.000886610658322,0.000883879494374,0.00101419060692,0.000963004419799,0.000952902547995,0.00148441580816,0.00192820515738,0.00188536919469,0.00750013145356,0.000887261882751,0.000879929372431,0.000970322400472,0.0012819149863,0.0013160244217,0.00220066081178,0.00576315716603,0.00587495973466,0.896083231233,0.000751699460082,0.000751699413143,0.000751773193788,0.000751704906728,0.000751705512901,0.0021839479434,0.000751755304567,0.000751708662279,0.0597978342531,0.0
0.000776844653655,0.000774451618924,0.000888672636204,0.000843780557174,0.000834929338127,0.00130115800209,0.00168948559586,0.00165195298962,0.00663790985765,0.000777415253853,0.000770990538109,0.000850199086859,0.00112320872463,0.00115309525912,0.00193139088537,0.00504967173267,0.00514761727359,0.868775100947,0.000658636010298,0.000658635969134,0.000658704546325,0.000658641123086,0.00065864184815,0.00214364955648,0.000658696706846,0.000658645009664,0.0922678742793,0.0
0.000670351899039,0.000668286910434,0.000766880594303,0.000728111980594,0.000720474119489,0.00112314882302,0.00145788478108,0.00142549744307,0.00577903936193,0.000670844279239,0.000665300287396,0.000733655718145,0.000969235144985,0.000995024696271,0.00166902428591,0.0043574762416,0.00444196579539,0.824271321013,0.000568347736124,0.000568347700529,0.000568409969264,0.000568352902231,0.000568353977625,0.00204958823949,0.000568425784571,0.000568357846039,0.141858292469,0.0
0.000562842113929,0.000561108304382,0.000643909630024,0.000611338743503,0.000604925828061,0.00094324343082,0.00122407244417,0.00119687974251,0.00488934598912,0.000563255527091,0.000558600670228,0.000615997212713,0.000813791175043,0.000835444573614,0.00140304830839,0.00365872926599,0.00372958229773,0.756154278322,0.000477197187883,0.000477197157755,0.0004772517315,0.000477204264724,0.000477206905675,0.00187772357057,0.000477352998323,0.000477215927812,0.215211256676,0.0
0.000452371643105,0.000450978132854,0.000517539213977,0.000491349725421,0.000486195488394,0.000758229156532,0.00098382369817,0.000961969948296,0.00395429753857,0.000452703914347,0.000448962677923,0.000495096568416,0.000654067139069,0.000671470213861,0.001128761374,0.00294115511205,0.00299764216181,0.659425590313,0.000383536466127,0.000383536440426,0.000383581846517,0.000383561660585,0.000383577238277,0.00161513496731,0.000384270084319,0.000383647522815,0.317426949754,0.0
0.000344645588737,0.000343583920464,0.000394299657113,0.000374341705664,0.000370414872085,0.000577717001532,0.000749580315811,0.000732941528454,0.00302655576393,0.000344898728886,0.000342048414712,0.000377197831578,0.000498319825079,0.000511575520009,0.000860559969109,0.00224664796314,0.00228494559513,0.53937609262,0.000292202545706,0.000292202507174,0.000292237979035,0.000292523042895,0.000292766188376,0.00128761670108,0.000301423220746,0.000294457690612,0.442898203303,0.0
0.00030025064181,0.00029932565733,0.000343509014268,0.000326122665244,0.000322701653655,0.000503306406262,0.000653468378261,0.000638959503314,0.00263985300219,0.000300471095568,0.000297987950276,0.000328609651097,0.000434219423279,0.000445752524049,0.000749837885186,0.00200923876584,0.00200598400999,0.480792317704,0.000254562849255,0.000254562617622,0.000254593629993,0.000258802480323,0.000262450372669,0.00113332083598,0.000367894448451,0.000302331699974,0.503519565134,0.0
0.000289529157131,0.000288637095621,0.000331242361415,0.000314478628274,0.000311179801144,0.000485334401542,0.00063067219621,0.000616601904869,0.00254616667886,0.000289741633568,0.000287347183371,0.000316874990624,0.00041881442675,0.000429927206925,0.000723084670857,0.00199560187616,0.00195500935947,0.465877546475,0.000245472675422,0.00024547221861,0.000245502051876,0.000254831894173,0.000263313890201,0.00109482810061,0.000538029256423,0.000380156978734,0.518624602886,0.0
0.00028254627067,0.000281675614846,0.000323252906053,0.0003068952583,0.00030367602519,0.000473628872662,0.000615990430307,0.000602166890866,0.00248510903013,0.000282753516777,0.00028041684457,0.000309232037449,0.000408809968544,0.000419648711319,0.000705658312799,0.0020046145448,0.00192884129065,0.456052524776,0.000239552219265,0.000239551546644,0.000239580577393,0.00025403832852,0.000267619852803,0.00106959528295,0.000797441470592,0.00049250065332,0.528332678767,0.0
0.000277281885459,0.000276427341348,0.000317229534791,0.00030117842119,0.000298019205639,0.000464803855413,0.000605034657343,0.000591368342823,0.0024390581469,0.000277485164288,0.000275192058835,0.000303469902815,0.000401286944037,0.000411919283338,0.000692519554386,0.00202410197167,0.00191410523532,0.448588561395,0.000235088769573,0.000235087888189,0.00023511629134,0.000254706402602,0.000273639541167,0.00105049153283,0.00118698970164,0.000648443271006,0.535421393701,0.0
0.000272995814648,0.000272154367981,0.000312325423195,0.000296524169379,0.000293413827509,0.000457618672858,0.00059619992217,0.000582638657502,0.00240155234086,0.000273195844913,0.000270938216308,0.00029877848699,0.00039517638006,0.000405641035144,0.000681821742626,0.00204993912013,0.00190600064531,0.44247219984,0.000231454767686,0.000231453682683,0.000231481558416,0.000256219688985,0.000280765339278,0.00103488390906,0.00176907204135,0.000862895122298,0.540862659383,0.0
0.000269314444138,0.000268484230762,0.000308113127131,0.000292526711507,0.000289458355999,0.000451447074466,0.000588678419797,0.000575188505073,0.00236932777609,0.000269511669249,0.000267284517523,0.00029474888343,0.000389939147836,0.000400260216935,0.00067263266763,0.00208029669548,0.00190219146073,0.437184694169,0.000228333447754,0.000228332162724,0.000228359573027,0.000258270816541,0.000288700606121,0.00102143402739,0.00263621427443,0.00115706124112,0.545079195779,0.0
0.000266005188038,0.000265185059092,0.000304326545814,0.000288933436988,0.000285902830622,0.000445899191272,0.000581969664401,0.000568528328556,0.0023403508458,0.00026619987939,0.000264000128373,0.000291126531973,0.00038524006295,0.000395432546988,0.000664371921951,0.00211430011027,0.00190132124648,0.432396868259,0.000225527611657,0.000225526128768,0.000225553111473,0.000260668156726,0.00029726191186,0.00100930139578,0.00392435754113,0.00156030128447,0.54824554108,0.0
0.00026289345458,0.00026208279726,0.000300765924491,0.000285554730267,0.000282559625509,0.000440682356022,0.000575700777439,0.000562292671448,0.00231309326497,0.000263085753659,0.000260911771579,0.000287720341313,0.000380828022385,0.000390900119374,0.000656603740974,0.00215160672221,0.00190249133053,0.427855102859,0.000222889229031,0.000222887548969,0.00022291412341,0.000263264315567,0.000306304638686,0.000997847983688,0.00583156493625,0.00211278358758,0.550384667373,0.0
0.000259822329314,0.000259021011447,0.000297251727345,0.00028222018421,0.000279260122262,0.000435533521998,0.0005695400973,0.000556155525993,0.00228617971028,0.000260012259835,0.000257863713472,0.000284358562372,0.000376477966766,0.000386431804526,0.000648936399123,0.00219229939202,0.00190504326922,0.423324624648,0.000220285253939,0.00022028337567,0.000220309544173,0.000265920114566,0.000315683154206,0.000986493250704,0.00864317226743,0.00286882227298,0.551397998521,0.0
0.000256627521843,0.000255835912899,0.000293595970983,0.000278751395145,0.000275827790686,0.000430177262942,0.000563144906873,0.000549778773095,0.00225816853284,0.000256814982822,0.000254692899091,0.000280861365046,0.000371955079362,0.000381786490293,0.000640959675745,0.00223698001719,0.00190848142934,0.418553061339,0.000217576381298,0.000217574301578,0.000217600048265,0.00026848012118,0.000325220374069,0.000974622773245,0.0127633071243,0.00390061430855,0.551067503222,0.0
0.000253118919742,0.000252337967165,0.000289581112963,0.000274941941095,0.000272058377713,0.000424294841834,0.000556125514154,0.000542776135331,0.00222739007606,0.000253303663694,0.000251210644291,0.000277020642357,0.000366988915349,0.000376686527957,0.00063219879484,0.00228712643642,0.00191251875595,0.41324276949,0.000214601402396,0.000214599114915,0.000214624402359,0.000270751723672,0.000334677355784,0.000961520074207,0.0187489738288,0.00530145542901,0.549046347912,0.0
0.000249068335452,0.000248299675483,0.000284946016205,0.000270544102226,0.000267706768535,0.000417503647026,0.000548027181846,0.000534693589298,0.00219183921315,0.000249249934747,0.000247190473231,0.000272586583596,0.000361257336129,0.000370801261153,0.000622083805037,0.00234597509362,0.00191733420619,0.407032286768,0.00021116680458,0.000211164298452,0.000211189062613,0.000272486606195,0.000343720040992,0.000946321078241,0.0273330438121,0.00718597552792,0.544853538777,0.0
0.000244211632266,0.000243457686664,0.00027938834097,0.000265271237443,0.000262489341351,0.000409360698262,0.00053835330665,0.000525027902575,0.00214919418019,0.000244389440495,0.000242370224406,0.00026726996248,0.000354393211864,0.000363753970579,0.000609954822585,0.0024206019392,0.00192430563813,0.399500641322,0.00020704854565,0.000207045802763,0.000207069947295,0.000273370891014,0.000351887527135,0.000928022769127,0.0393989479986,0.00968148710806,0.537900684552,0.0
0.000238288932248,0.000237552862589,0.000272610445116,0.000258841620142,0.000256127350292,0.000399429901676,0.000526694178381,0.000513343452368,0.00209717003325,0.000238462059305,0.000236491946305,0.000260786046427,0.00034605082194,0.000355190228577,0.000595162261118,0.00252680369869,0.00193784408052,0.390233060808,0.000202026071884,0.000202023062418,0.000202046455648,0.000273044528191,0.000358582061889,0.000905636373549,0.0558189435221,0.0128973643143,0.527610422883,0.0
0.000231172618893,0.000230457840672,0.00026446557369,0.000251117866621,0.000248484906654,0.000387496249337,0.000513093656098,0.00049961167217,0.00203464318675,0.000231339961829,0.000229428913982,0.000252994445123,0.000336109209605,0.000344987228706,0.000577385998461,0.00270014287756,0.00196953620283,0.379028105111,0.000195990657251,0.000195987333315,0.000196009816511,0.000271197426528,0.000363136355309,0.000878674071502,0.076981742452,0.0168477479301,0.513738940437,0.0
0.000223135517562,0.000222444288923,0.000255264102747,0.00024239905362,0.000239858058492,0.000374014528202,0.000498778367598,0.000484893414478,0.00196400547809,0.000223295909194,0.000221451747632,0.000244192071163,0.000325092195752,0.000333686509472,0.000557303897351,0.00301723550896,0.00204544177708,0.366328948984,0.0001891723463,0.000189168638394,0.00018919006214,0.000267809358592,0.000365066684443,0.00084816818979,0.101833288031,0.0213060285745,0.497010666705,0.0
0.000215093237538,0.000214424390119,0.000246050070235,0.000233684780534,0.000231236088831,0.000360514481988,0.000486717333485,0.000471881875454,0.00189328619281,0.000215245696451,0.000213468902144,0.000235377677068,0.00031453280031,0.000322870646074,0.00053719527747,0.00361909696271,0.00221050999705,0.353607978691,0.000182344852376,0.00018234068485,0.000182360982087,0.000263451812925,0.000364543916903,0.00081759236331,0.127015443523,0.0256921723136,0.479670584449,0.0
0.00020814464748,0.000207492916456,0.000238076299219,0.000226174295255,0.000223805789139,0.000348831738521,0.000480073258517,0.000463506718873,0.00183211133638,0.000208288468162,0.000206570730863,0.00022774974583,0.000306199533679,0.000314367846492,0.000519794802328,0.00470099442585,0.0025125516709,0.342622112082,0.000176436547457,0.000176431879367,0.000176451112595,0.000259081538194,0.000362526515596,0.000791118279478,0.148446387066,0.0293552160041,0.464409504751,0.0
0.000202606676987,0.000201965543598,0.000231703276567,0.00022021366766,0.000217909543256,0.000339494454258,0.00047942778094,0.00046035584536,0.00178324351422,0.00020274123667,0.000201071775722,0.0002216531298,0.000300541183613,0.000308646347592,0.000505888956874,0.00648966610375,0.00298026083811,0.333871499974,0.000171714492126,0.000171709334523,0.000171727634989,0.000255215100965,0.000359937700368,0.000769952850286,0.164667383014,0.0320978729051,0.452115597118,0.0
0.000198122437965,0.00019748667275,0.000226523379347,0.000215413300635,0.000213161690123,0.000331905365009,0.000483421672355,0.000461210081432,0.00174354586303,0.000198247056547,0.000196618003259,0.000216697887304,0.000296912066996,0.000305042502729,0.000494587711649,0.0092949972771,0.00363576789333,0.326783665292,0.000167876560484,0.00016787095313,0.000167888440687,0.000251776530591,0.000357086457511,0.000752747069852,0.17647796919,0.0340795374219,0.442083921223,0.0
0.000194237088021,0.00019360315238,0.000222017656591,0.000211276553036,0.000209070669942,0.000325304110418,0.000490573157813,0.000464708397989,0.00170903072394,0.000194351003045,0.000192758154515,0.000212387576567,0.000294533896845,0.000302753511936,0.000484758285765,0.0135949643429,0.0045128301609,0.320634289575,0.000164538154458,0.000164532146766,0.00016454890604,0.000248484512778,0.000353879101728,0.00073777901896,0.184905083302,0.0354797657561,0.433337941083,0.0
0.000190558720777,0.000189924508889,0.000217738833105,0.000207375745061,0.000205213196347,0.000319035368588,0.000499697941494,0.000469749977389,0.00167626437257,0.000190661063602,0.000189103378509,0.000208294322097,0.000292753871327,0.000301105436783,0.000475424545633,0.0201181775296,0.0056606213254,0.314801738943,0.000161367797839,0.00016136144461,0.00016137752666,0.000245015507853,0.000350030975473,0.000723563537313,0.190563283632,0.0364010294556,0.425019531043,0.0
0.000186721887297,0.000186086568229,0.00021326938887,0.000203312543645,0.000201195035119,0.000312487442363,0.000509735580799,0.000475347598426,0.00164204531659,0.000186811632611,0.000185291041024,0.000204018712361,0.000290976241323,0.000299483258409,0.000465675535553,0.029941652335,0.00714211968269,0.308709603605,0.00015805605615,0.000158049420591,0.000158064846338,0.000240998955508,0.000345109943658,0.00070871372285,0.193678044288,0.0368766390082,0.416320490354,0.0
0.000182328180348,0.000181692245225,0.000208153596103,0.000198653175104,0.000196586870727,0.000304992712535,0.000519513775163,0.000480423179782,0.00160288595674,0.000182404072694,0.000180925773822,0.000199124784265,0.000288556309578,0.000297221438958,0.000454517369538,0.0445976463071,0.00902921124933,0.30173796778,0.000154265160097,0.000154258320105,0.000154273080484,0.00023597501399,0.000338511973934,0.000691715394281,0.194185110767,0.0368884436646,0.406354641848,0.0
0.000176901252214,0.000176266725056,0.000201846041017,0.000192879287628,0.000190875653821,0.000295752313243,0.000527536215821,0.000483630242322,0.00155462919632,0.000176961717907,0.000175534845319,0.000193090776671,0.00028471444739,0.000293514635993,0.000440761621957,0.0661346237666,0.0113904235398,0.293171264777,0.000149590836786,0.000149583892831,0.000149597945877,0.000229358883719,0.000329432025802,0.000670756089196,0.191819332649,0.0363820388156,0.394059101805,0.0
0.000169878113068,0.000169248809064,0.000193701530041,0.000185378244872,0.000183454953536,0.000283821697268,0.00053183592164,0.000483246260256,0.00149240958689,0.000169921175849,0.000168559534498,0.000185299472395,0.000278501307463,0.000287380621924,0.000423005758567,0.096989881135,0.0142643264213,0.282247897567,0.000143554772643,0.000143547854916,0.000143561121929,0.000220446559021,0.00031688778944,0.000643691331093,0.186220190855,0.0352852101499,0.378175161455,0.0
0.000160673435097,0.000160055041507,0.00018304845492,0.000175512749044,0.000173693783135,0.000268219621894,0.000529991457957,0.000477225713082,0.00141135521443,0.000160696680993,0.000159418957025,0.000175108382845,0.000268870028374,0.000277732544722,0.000399802412697,0.139392931194,0.0176104937088,0.268487895836,0.000135658756458,0.000135652026539,0.000135664391672,0.000208511134343,0.000299868826738,0.000608287426244,0.177077950401,0.0335344641973,0.357391217623,0.0
0.000148832271212,0.000148232131791,0.000169365081837,0.000162785619402,0.000161099539914,0.000248194166129,0.000519298342641,0.000463413115795,0.00130850868102,0.000148833028436,0.000147661675988,0.000162018465638,0.000254864990528,0.000263568401963,0.000370083711951,0.193771049622,0.0212220222868,0.25284342768,0.000125514188038,0.000125507829509,0.000125519148164,0.00019300521181,0.000277629610642,0.000562802179931,0.164288393306,0.031104303945,0.330684065769,0.0
0.000134167312173,0.000133595226145,0.000152454542957,0.000146979737993,0.000145456372714,0.000223526188201,0.000496265620796,0.000439231242553,0.00118669962391,0.000134143981113,0.000133102304589,0.000145842421965,0.00023563934949,0.000243970057371,0.000333732244694,0.254328670556,0.0244959128386,0.241954321641,0.00011296524006,0.000112959439311,0.000112969555613,0.000173739457624,0.000249937333887,0.000506537164188,0.14800526809,0.0280185319589,0.297643380498,0.0
0.000116796018906,0.000116271456063,0.000132584430206,0.000128155352434,0.000126823444356,0.000194969684221,0.000453565542143,0.000399285834847,0.00106357322657,0.000116754555978,0.000115860159441,0.000126843841913,0.000209778053467,0.000217351162382,0.000292538122537,0.295327271254,0.0257228754088,0.262370321702,9.81633901527e-05,9.81583144064e-05,9.8167086848e-05,0.000150982531674,0.000217204976439,0.00044017179666,0.128645337851,0.0243526269838,0.258667567819,0.0
9.73007823649e-05,9.68561066479e-05,0.000110631294923,0.000106837025362,0.000105723871421,0.000164284983807,0.000384940522194,0.000338598644339,0.000956262907343,9.72596335753e-05,9.65178662017e-05,0.000105853244717,0.000176347539569,0.000182681282602,0.00024923519008,0.2768627944,0.0229490715372,0.3532766712,8.17149288704e-05,8.17106944146e-05,8.1718022038e-05,0.000125685207896,0.000180812995866,0.000366425244552,0.107095729273,0.0202729544974,0.215355381103,0.0
7.53256839185e-05,7.498103453e-05,8.58605152811e-05,8.2715625594e-05,8.18533157991e-05,0.000129045338548,0.000298803522816,0.000262905516981,0.000815682134811,7.52933847907e-05,7.4719225985e-05,8.21113425118e-05,0.000136705880306,0.000141589320848,0.000198398624292,0.219510415856,0.0179485540904,0.493824514611,6.3254445919e-05,6.32511662357e-05,6.32568941628e-05,9.72917458469e-05,0.00013996595985,0.000283674567777,0.0829038608119,0.0156932692181,0.166792700166,0.0
5.3023936226e-05,5.27813252226e-05,6.05487051533e-05,5.8226268766e-05,5.76192298408e-05,9.18853240674e-05,0.000210383323639,0.000185122096681,0.000632526443074,5.30011898092e-05,5.25970159117e-05,5.78562340759e-05,9.62424446747e-05,9.96772210092e-05,0.000143157975462,0.155031589288,0.0126461261336,0.642563578544,4.45264551485e-05,4.4524146169e-05,4.45282834007e-05,6.84864029178e-05,9.85261219773e-05,0.000199865568633,0.0583597619788,0.0110469954198,0.117946842924,0.0
3.45387594053e-05,3.43807276028e-05,3.9484162873e-05,3.7927469468e-05,3.75320546744e-05,6.03302625731e-05,0.000137041843207,0.000120588157187,0.00045033481394,3.45239427049e-05,3.42606712385e-05,3.77009396223e-05,6.26910026774e-05,6.49281431919e-05,9.51241529038e-05,0.101026879571,0.00823805149345,0.763736363388,2.90036607356e-05,2.90021566605e-05,2.90050294947e-05,4.46107846871e-05,6.41781655155e-05,0.000131295374057,0.0380154141251,0.00719583204836,0.0801789770996,0.0
2.29074333762e-05,2.2802620631e-05,2.62027648789e-05,2.51549567955e-05,2.48927024175e-05,4.01981795978e-05,9.08915671539e-05,7.99789508734e-05,0.000319124815941,2.28976063703e-05,2.27229945822e-05,2.50082688195e-05,4.15791200324e-05,4.30628609386e-05,6.39249108473e-05,0.0670092616812,0.0054638361119,0.831126270147,1.92363429014e-05,1.9235345332e-05,1.92374576057e-05,2.95876203063e-05,4.25654988574e-05,9.08839759063e-05,0.0252138619996,0.00477256583424,0.0653221082319,0.0
1.68629434423e-05,1.67857872072e-05,1.92940422658e-05,1.85174222097e-05,1.8324367801e-05,2.96584804634e-05,6.69084080544e-05,5.88752784778e-05,0.00024435637393,1.68557094481e-05,1.67271717482e-05,1.8410447688e-05,3.06078150133e-05,3.17000444133e-05,4.7397394986e-05,0.0493287217763,0.00402212374754,0.853074425655,1.41605284444e-05,1.41597940969e-05,1.41615032109e-05,2.17804734578e-05,3.13339530889e-05,7.26384532024e-05,0.0185611495876,0.00351325532113,0.0706808075193,0.0
1.3279215817e-05,1.32184568945e-05,1.51960016971e-05,1.45820833292e-05,1.44300570093e-05,2.33856256598e-05,5.26889850466e-05,4.63630725962e-05,0.000197427255549,1.32735191977e-05,1.31722984417e-05,1.44982630948e-05,2.41030177834e-05,2.49631242872e-05,3.74920842658e-05,0.0388458123837,0.00316734212648,0.850895014762,1.11511204328e-05,1.11505421478e-05,1.1151992154e-05,1.71516818756e-05,2.46748651499e-05,6.3002629277e-05,0.0146168595906,0.00276662117154,0.0890519940739,0.0
1.07744809126e-05,1.07251823812e-05,1.23309596003e-05,1.18316006772e-05,1.17082496636e-05,1.89903971711e-05,4.27507618789e-05,3.76180553219e-05,0.000163205739613,1.07698587935e-05,1.06877303656e-05,1.17638146543e-05,1.95566921155e-05,2.02545635907e-05,3.05166374747e-05,0.0315191288021,0.00256991932469,0.830464054991,9.04778835179e-06,9.04731914156e-06,9.04856783518e-06,1.39165376812e-05,2.00207162259e-05,5.63448426603e-05,0.0118602815135,0.00224478759197,0.12080091728,0.0
8.80208716306e-06,8.76181330087e-06,1.00743273137e-05,9.66568892617e-06,9.56491874219e-06,1.55225747179e-05,3.49247536305e-05,3.07316589909e-05,0.000135244210934,8.79831117625e-06,8.73121730849e-06,9.61044577566e-06,1.59766159808e-05,1.65467324052e-05,2.4989032855e-05,0.0257498474233,0.00209947139546,0.79014090777,7.3914857044e-06,7.39110238558e-06,7.39217282359e-06,1.13689897444e-05,1.63557755056e-05,5.03957644551e-05,0.00969005790308,0.00183387230456,0.170037603523,0.0
7.10252918475e-06,7.0700316345e-06,8.12949689049e-06,7.79938180732e-06,7.71806890438e-06,1.25298593364e-05,2.81813192883e-05,2.47978731865e-05,0.000110334990436,7.09948228595e-06,7.04534328785e-06,7.75488837086e-06,1.28917665643e-05,1.33517979863e-05,2.01997041135e-05,0.0207795936727,0.0016941097709,0.725403479074,5.96429481324e-06,5.96398549936e-06,5.96488323469e-06,9.17392060095e-06,1.31979981377e-05,4.39730336077e-05,0.00782218877042,0.0014798562384,0.242454527825,0.0
5.55079831912e-06,5.52540069559e-06,6.35358716189e-06,6.09540591902e-06,6.0318578837e-06,9.79445343432e-06,2.20245902978e-05,1.93804142215e-05,8.69404395349e-05,5.54841708208e-06,5.50610613628e-06,6.06068337309e-06,1.00752661163e-05,1.04347770289e-05,1.58068765657e-05,0.016247748876,0.00132408643365,0.63256480629,4.66124057188e-06,4.66099878924e-06,4.66172163529e-06,7.17044764978e-06,1.03165513246e-05,3.65391789087e-05,0.00613332921801,0.00115723364313,0.342283656326,0.0
4.19341299396e-06,4.1742259442e-06,4.79996403551e-06,4.6048468212e-06,4.55683856273e-06,7.40008243173e-06,1.66409510897e-05,1.46435557313e-05,6.60369279757e-05,4.1916138782e-06,4.15964957073e-06,4.57863732675e-06,7.61183474014e-06,7.88333060484e-06,1.19512845701e-05,0.0123479694279,0.00100154895571,0.520572554408,3.52138607445e-06,3.52120291557e-06,3.52175997339e-06,5.42801063784e-06,7.82221364747e-06,2.87247150315e-05,0.00489014398737,0.000888002497538,0.460079814279,0.0
3.77924847388e-06,3.76195501827e-06,4.32589336142e-06,4.15006753774e-06,4.10680084847e-06,6.66928127135e-06,1.50114701491e-05,1.32091101905e-05,5.95734989142e-05,3.77762556713e-06,3.74881849342e-06,4.12642159546e-06,6.86198968728e-06,7.10641191079e-06,1.07724411476e-05,0.0115128487648,0.000912269714398,0.478320282641,3.17359194936e-06,3.17342376618e-06,3.17392624918e-06,4.97984759138e-06,7.28879284248e-06,2.6063394438e-05,0.00637414527004,0.000973723293826,0.501707896305,0.0
3.6309579261e-06,3.6143412191e-06,4.15614534916e-06,3.98724872493e-06,3.94568013833e-06,6.40759683122e-06,1.44381803803e-05,1.27028863117e-05,5.72527552877e-05,3.62939691668e-06,3.60172063002e-06,3.96449983471e-06,6.59478846683e-06,6.82947077406e-06,1.03501674617e-05,0.011470664128,0.00088807786591,0.46240081885,3.04906317399e-06,3.04889823898e-06,3.04937997242e-06,4.8867773987e-06,7.28994231768e-06,2.50871946226e-05,0.00923497086549,0.00121680496133,0.514597146237,0.0
3.52780380991e-06,3.51165715634e-06,4.03806099253e-06,3.87399559538e-06,3.83360851081e-06,6.22555545628e-06,1.40446191453e-05,1.23543671533e-05,5.56369044496e-05,3.52628519784e-06,3.49939572704e-06,3.85185990958e-06,6.40956254946e-06,6.63747127049e-06,1.00563777145e-05,0.0115759589674,0.000875439887767,0.451115383865,2.96243694174e-06,2.96227331055e-06,2.96274009735e-06,4.85232762269e-06,7.38222964769e-06,2.44016171428e-05,0.0135363455718,0.00156426475355,0.521146055805,0.0
3.44170495574e-06,3.42595005274e-06,3.93949725346e-06,3.779473167e-06,3.74007245725e-06,6.07360643274e-06,1.37200783371e-05,1.20661466016e-05,5.42872212475e-05,3.44022119429e-06,3.41398863635e-06,3.75784065148e-06,6.25544912232e-06,6.47771586172e-06,9.81113065521e-06,0.0117670249698,0.000868089389196,0.441534435529,2.89013192908e-06,2.88996880348e-06,2.89042278477e-06,4.83980513294e-06,7.51157267833e-06,2.38246856193e-05,0.0198555606426,0.00203762666625,0.52375478612,0.0
3.36067034643e-06,3.34528356686e-06,3.84672776538e-06,3.69051598814e-06,3.65204383768e-06,5.93058919757e-06,1.34181254043e-05,1.17972239905e-05,5.30160144843e-05,3.35921885848e-06,3.33360476934e-06,3.6693485412e-06,6.11084037552e-06,6.32781472065e-06,9.58027949296e-06,0.0120382987136,0.000863959747965,0.432353942321,2.82207810159e-06,2.82191511136e-06,2.82235681507e-06,4.83338059672e-06,7.65400197576e-06,2.32773692532e-05,0.0289899151347,0.00266947578194,0.522905738897,0.0
3.2769427002e-06,3.26193553755e-06,3.75087119714e-06,3.59860941952e-06,3.5610969027e-06,5.78281210435e-06,1.31099996001e-05,1.15219653851e-05,5.17016443143e-05,3.27552390175e-06,3.25054909008e-06,3.57791173057e-06,5.96192866691e-06,6.17345913342e-06,9.34172547792e-06,0.0124175878545,0.000862628815195,0.422693410786,2.751759997e-06,2.75159698341e-06,2.75202584217e-06,4.8221861849e-06,7.79167519479e-06,2.27076489711e-05,0.0419175430568,0.00349641803183,0.518437687587,0.0
3.18453788655e-06,3.16994842455e-06,3.64507347632e-06,3.49718988547e-06,3.46073674691e-06,5.61970878656e-06,1.27758426288e-05,1.12222283474e-05,5.02501702989e-05,3.18315406424e-06,3.15888522469e-06,3.47699216268e-06,5.79838143186e-06,6.00394036331e-06,9.07841294e-06,0.0129837437983,0.000865395557528,0.411853743284,2.67414951154e-06,2.67398639504e-06,2.67440093077e-06,4.79669979722e-06,7.90678739058e-06,2.20748781108e-05,0.0596153458896,0.00454754823815,0.509963897128,0.0
3.07979019508e-06,3.06567150001e-06,3.52512853829e-06,3.38224906722e-06,3.34699731714e-06,5.43479544187e-06,1.24089787578e-05,1.08907710556e-05,4.86040704147e-05,3.07844366182e-06,3.05497607306e-06,3.36257768246e-06,5.61463873471e-06,5.81349600339e-06,8.7798798231e-06,0.0139226742607,0.000876811489998,0.39940919931,2.58616130059e-06,2.58599790931e-06,2.58639597313e-06,4.74884592816e-06,7.98060888931e-06,2.13540462849e-05,0.0825143659878,0.00581812025569,0.497293544175,0.0
