0.0 0.0,0.0 1.0,0.0 2.0,0.0 3.0,0.0 4.0,1.0 0.0,1.0 1.0,1.0 2.0,1.0 3.0,1.0 4.0,2.0 0.0,2.0 1.0,2.0 2.0,2.0 3.0,2.0 4.0,3.0 0.0,3.0 1.0,3.0 2.0,3.0 3.0,3.0 4.0,4.0 0.0,4.0 1.0,4.0 2.0,4.0 3.0,4.0 4.0,other
0.04,0.04,0.04,0.04,0.04,0.04,0.04,0.04,0.04,0.04,0.04,0.04,0.04,0.04,0.04,0.04,0.04,0.04,0.04,0.04,0.04,0.04,0.04,0.04,0.04,0.0
0.0387019230769,0.0387019230769,0.0387019230769,0.0387220632276,0.0536930740029,0.0387019230769,0.0387019230769,0.0387019230769,0.0387019230769,0.0387019230769,0.0387019230769,0.0387019230769,0.0387019230769,0.0387019230769,0.0387019230769,0.0387019230769,0.0387019230769,0.0387019230769,0.0387019230769,0.0387019230769,0.0387019230769,0.0387019230769,0.0387019230769,0.0387253225936,0.0561191555606,0.0
0.0370454706866,0.0370454706866,0.0370454706866,0.0370908945181,0.0922917024394,0.0370454706866,0.0370454706866,0.0370454706866,0.0370454706866,0.0370454706866,0.0370454706866,0.0370454706866,0.0370454706866,0.0370454706866,0.0370454706866,0.0370454706866,0.0370454706866,0.0370454706866,0.0370454706866,0.0370454706866,0.0370454706866,0.0370454706866,0.0370454706866,0.037068915556,0.0555936030683,0.0
0.0344458549808,0.0344458549808,0.0344458549808,0.0345208467429,0.156186914313,0.0344458549808,0.0344458549808,0.0344458549808,0.0344458549808,0.0344458549808,0.0344458549808,0.0344458549808,0.0344458549808,0.0344458549808,0.0344458549808,0.0344458549808,0.0344458549808,0.0344458549808,0.0344458549808,0.0344458549808,0.0344458549808,0.0344458549808,0.0344458549808,0.0344673469854,0.0514619373621,0.0
0.030642137771,0.030642137771,0.030642137771,0.0307580608807,0.249733575183,0.030642137771,0.030642137771,0.030642137771,0.030642137771,0.030642137771,0.030642137771,0.030642137771,0.030642137771,0.030642137771,0.030642137771,0.030642137771,0.030642137771,0.030642137771,0.030642137771,0.030642137771,0.030642137771,0.030642137771,0.030642137771,0.0306607304958,0.0453627402493,0.0
0.0257834300843,0.0257834300843,0.0257834300843,0.0259707444114,0.369207091556,0.0257834300843,0.0257834300843,0.0257834300843,0.0257834300843,0.0257834300843,0.0257834300843,0.0257834300843,0.0257834300843,0.0257834300843,0.0257834300843,0.0257834300843,0.0257834300843,0.0257834300843,0.0257834300843,0.0257834300843,0.0257834300843,0.0257834300843,0.0257834300843,0.0257983192954,0.0375718129675,0.0
0.0205618058362,0.0205618058362,0.0205618058362,0.0209029786201,0.497527434156,0.0205618058362,0.0205618058362,0.0205618058362,0.0205618058362,0.0205618058362,0.0205618058362,0.0205618058362,0.0205618058362,0.0205618058362,0.0205618058364,0.0205618058362,0.0205618058362,0.0205618058362,0.0205618058362,0.0205618058362,0.0205618058362,0.0205618058362,0.0205618058362,0.0205727149033,0.0291989497593,0.0
0.0159229660955,0.0159229660955,0.015922966096,0.0166027317437,0.611324060726,0.0159229660955,0.0159229660955,0.0159229660955,0.0159229660955,0.0159229660955,0.0159229660955,0.0159229660955,0.0159229660955,0.0159229660967,0.0159229661277,0.0159229660955,0.0159229660955,0.0159229660955,0.0159229660955,0.0159229660955,0.0159229660955,0.0159229660955,0.0159229660955,0.0159303392416,0.0217605802502,0.0
0.0124718097959,0.0124718097959,0.0124718098963,0.0137671441379,0.695621636211,0.0124718097959,0.0124718097959,0.0124718097959,0.0124718097959,0.0124718097959,0.0124718097959,0.0124718097959,0.0124718097959,0.0124718100745,0.0124718124554,0.0124718097959,0.0124718097959,0.0124718097959,0.0124718097959,0.0124718097959,0.0124718097959,0.0124718097959,0.0124718097959,0.0124765523239,0.0162266585749,0.0
0.010205841513,0.010205841513,0.0102058461956,0.0123594963009,0.750515706317,0.010205841513,0.010205841513,0.010205841513,0.010205841513,0.010205841513,0.010205841513,0.010205841513,0.0102058415131,0.0102058559012,0.0102059079014,0.010205841513,0.010205841513,0.010205841513,0.010205841513,0.010205841513,0.010205841513,0.010205841513,0.010205841513,0.0102088568237,0.0125931833255,0.0
0.00879128440336,0.00879128440336,0.00879134107927,0.0119335823773,0.784330498769,0.00879128440336,0.00879128440336,0.00879128440336,0.00879128440336,0.00879128440336,0.00879128440336,0.00879128440336,0.00879128440992,0.0087914701614,0.00879182281363,0.00879128440336,0.00879128440336,0.00879128440336,0.00879128440336,0.00879128440336,0.00879128440336,0.00879128440336,0.00879128440336,0.00879322147841,0.0103249440542,0.0
0.00790766778813,0.00790766778813,0.00790794367825,0.0120903480657,0.805028362366,0.00790766778813,0.00790766778813,0.00790766778813,0.00790766778813,0.00790766778813,0.00790766778813,0.00790766778813,0.00790766791689,0.00790860764815,0.00790971987484,0.00790766778813,0.00790766778813,0.00790766778813,0.00790766778813,0.00790766778813,0.00790766778813,0.00790766778813,0.00790766778813,0.00790893133302,0.00890806671938,0.0
0.00734570712088,0.00734570712088,0.00734648494742,0.0125851647544,0.817793029989,0.00734570712088,0.00734570712088,0.00734570712088,0.00734570712088,0.00734570712088,0.00734570712088,0.00734570712088,0.00734570797558,0.00734842057546,0.00735066438507,0.00734570712088,0.00734570712088,0.00734570712088,0.00734570712088,0.00734570712088,0.00734570712088,0.00734570712088,0.00734570712088,0.00734654231545,0.00800696400271,0.0
0.00698152368229,0.00698152368229,0.00698309708189,0.0132782891489,0.825688432198,0.00698152368229,0.00698152368229,0.00698152368229,0.00698152368229,0.00698152368229,0.00698152368229,0.00698152368229,0.00698152667903,0.00698709690822,0.00699057745907,0.00698152368229,0.00698152368229,0.00698152368229,0.00698152368229,0.00698152368229,0.00698152368229,0.00698152368229,0.00698152368229,0.00698208128075,0.00742299664519,0.0
0.00674189479033,0.00674189479033,0.00674447184654,0.0140870371745,0.83052652018,0.00674189479033,0.00674189479033,0.00674189479033,0.00674189479033,0.00674189479033,0.00674189479033,0.00674189479033,0.00674190188384,0.00675111644572,0.00675571906568,0.00674189479033,0.00674189479033,0.00674189479033,0.00674189479033,0.00674189479033,0.00674189479033,0.00674189479033,0.00674189479033,0.00674226973345,0.00703875223429,0.0
0.00658243044842,0.00658243044842,0.00658609963718,0.0149596064096,0.833407985373,0.00658243044842,0.00658243044842,0.00658243044842,0.00658243044842,0.00658243044842,0.00658243044842,0.00658243044842,0.00658244347512,0.00659565168464,0.00660116045028,0.00658243044842,0.00658243044842,0.00658243044842,0.00658243044842,0.00658243044842,0.00658243044842,0.00658243044842,0.00658243044842,0.00658268384105,0.00678305150633,0.0
0.00647544999862,0.00647544999862,0.00648019456933,0.0158619413418,0.835021169666,0.00647544999862,0.00647544999862,0.00647544999862,0.00647544999862,0.00647544999862,0.00647544999862,0.00647544999862,0.00647547016839,0.00649262845027,0.00649881539524,0.00647544999862,0.00647544999862,0.00647544999862,0.00647544999862,0.00647544999862,0.00647544999862,0.00647544999862,0.00647544999862,0.0064756218462,0.00661150858605,0.0
0.0064032690452,0.0064032690452,0.00640900075624,0.0167709677113,0.835807158942,0.0064032690452,0.0064032690452,0.0064032690452,0.0064032690452,0.0064032690452,0.0064032690452,0.0064032690452,0.00640329678966,0.00642409042954,0.00643075914644,0.0064032690452,0.0064032690452,0.0064032690452,0.0064032690452,0.0064032690452,0.0064032690452,0.0064032690452,0.0064032690452,0.00640338587338,0.00649576658307,0.0
0.00635437338821,0.00635437338821,0.00636096626789,0.0176708681027,0.83605384217,0.00635437338821,0.00635437338821,0.00635437338821,0.00635437338821,0.00635437338821,0.00635437338821,0.00635437338821,0.00635440847521,0.00637837686134,0.00638537507418,0.00635437338821,0.00635437338821,0.00635437338821,0.00635437338821,0.00635437338821,0.00635437338821,0.00635437338821,0.00635437338821,0.00635445294604,0.00641736250265,0.0
0.00632115948869,0.00632115948869,0.00632847564269,0.0185508578026,0.835951549257,0.00632115948869,0.00632115948869,0.00632115948869,0.00632115948869,0.00632115948869,0.00632115948869,0.00632115948869,0.00632120124338,0.00634783501319,0.00635505191745,0.00632115948869,0.00632115948869,0.00632115948869,0.00632115948869,0.00632115948869,0.00632115948869,0.00632115948869,0.00632115948869,0.00632121372948,0.00636410408649,0.0
0.00629855454069,0.00629855454069,0.00630646077992,0.0194037468371,0.835627143349,0.00629855454069,0.00629855454069,0.00629855454069,0.00629855454069,0.00629855454069,0.00629855454069,0.00629855454069,0.00629860206261,0.00632740643893,0.00633476468809,0.00629855454069,0.00629855454069,0.00629855454069,0.00629855454069,0.00629855454069,0.00629855454069,0.00629855454069,0.00629855454069,0.00629859155103,0.00632785710117,0.0
0.0062831493694,0.0062831493694,0.00629152626239,0.0202249487081,0.835165544411,0.0062831493694,0.0062831493694,0.0062831493694,0.0062831493694,0.0062831493694,0.0062831493694,0.0062831493694,0.00628320169775,0.00631373145512,0.0063211786066,0.0062831493694,0.0062831493694,0.0062831493694,0.0062831493694,0.0062831493694,0.0062831493694,0.0062831493694,0.0062831493694,0.00628317463726,0.00630315494226,0.0
0.00627264104874,0.00627264104874,0.00628138666472,0.0210117669267,0.834623643669,0.00627264104874,0.00627264104874,0.00627264104874,0.00627264104874,0.00627264104874,0.00627264104874,0.00627264104874,0.00627269726817,0.00630457159925,0.00631207286383,0.00627264104874,0.00627264104874,0.00627264104874,0.00627264104874,0.00627264104874,0.00627264104874,0.00627264104874,0.00627264104874,0.00627265830671,0.00628630487277,0.0
0.00626546834238,0.00626546834238,0.00627449869364,0.0217628691186,0.834039461623,0.00626546834238,0.00626546834238,0.00626546834238,0.00626546834238,0.00626546834238,0.00626546834238,0.00626546834238,0.00626552763948,0.00629843240581,0.00630596511195,0.00626546834238,0.00626546834238,0.00626546834238,0.00626546834238,0.00626546834238,0.00626546834238,0.00626546834238,0.00626546834238,0.00626548013301,0.00627480345362,0.0
0.00626057018564,0.00626057018564,0.0062698178585,0.0224778956848,0.833438254608,0.00626057018564,0.00626057018564,0.00626057018564,0.00626057018564,0.00626057018564,0.00626057018564,0.00626057018564,0.00626063187095,0.00629431485075,0.00630186445905,0.00626057018564,0.00626057018564,0.00626057018564,0.00626057018564,0.00626057018564,0.00626057018564,0.00626057018564,0.00626057018564,0.00626057824268,0.00626694926985,0.0
0.00625722419229,0.00625722419229,0.00626663615669,0.0231571685021,0.832836624163,0.00625722419229,0.00625722419229,0.00625722419229,0.00625722419229,0.00625722419229,0.00625722419229,0.00625722419229,0.00625728770108,0.00629155059755,0.00629910793493,0.00625722419229,0.00625722419229,0.00625722419229,0.00625722419229,0.00625722419229,0.00625722419229,0.00625722419229,0.00625722419229,0.00625722969887,0.00626158397673,0.0
0.00625493795722,0.00625493795722,0.0062644731563,0.0238014752183,0.832245299693,0.00625493795722,0.00625493795722,0.00625493795722,0.00625493795722,0.00625493795722,0.00625493795722,0.00625493795722,0.00625500283867,0.00628969235422,0.0062972517415,0.00625493795722,0.00625493795722,0.00625493795722,0.00625493795722,0.00625493795722,0.00625493795722,0.00625493795722,0.00625493795722,0.00625494172114,0.00625791800374,0.0
0.00625337555476,0.00625337555476,0.00626300260587,0.0244119108599,0.831671030388,0.00625337555476,0.00625337555476,0.00625337555476,0.00625337555476,0.00625337555476,0.00625337555476,0.00625337555476,0.00625344145617,0.00628844071485,0.00629599872145,0.00625337555476,0.00625337555476,0.00625337555476,0.00625337555476,0.00625337555476,0.00625337555476,0.00625337555476,0.00625337555476,0.00625337812776,0.00625541269478,0.0
0.00625230767513,0.00625230767513,0.00626200283984,0.0249897627317,0.831117874687,0.00625230767513,0.00625230767513,0.00625230767513,0.00625230767513,0.00625230767513,0.00625230767513,0.00625230767513,0.00625237432497,0.00628759526291,0.00629514988961,0.00625230767513,0.00625230767513,0.00625230767513,0.00625230767513,0.00625230767513,0.00625230767513,0.00625230767513,0.00625230767513,0.00625230943414,0.00625370035209,0.0
0.00625157772047,0.00625157772047,0.00626132319709,0.0255364277743,0.830588080213,0.00625157772047,0.00625157772047,0.00625157772047,0.00625157772047,0.00625157772047,0.00625157772047,0.00625157772047,0.00625164491251,0.00628702185614,0.0062945720045,0.00625157772047,0.00625157772047,0.00625157772047,0.00625157772047,0.00625157772047,0.00625157772047,0.00625157772047,0.00625157772047,0.00625157892308,0.00625252987137,0.0
0.00625107871605,0.00625107871605,0.0062608612506,0.0260533540431,0.8300826844,0.00625107871605,0.00625107871605,0.00625107871605,0.00625107871605,0.00625107871605,0.00625107871605,0.00625107871605,0.0062511462954,0.00628663072492,0.00629417585608,0.00625107871605,0.00625107871605,0.00625107871605,0.00625107871605,0.00625107871605,0.00625107871605,0.00625107871605,0.00625107871605,0.00625107953829,0.00625172971885,0.0
0.00625073756928,0.00625073756928,0.00626054735292,0.0265419999417,0.829601924256,0.00625073756928,0.00625073756928,0.00625073756928,0.00625073756928,0.00625073756928,0.00625073756928,0.00625073756928,0.00625080542079,0.00628636180561,0.00629390172262,0.00625073756928,0.00625073756928,0.00625073756928,0.00625073756928,0.00625073756928,0.00625073756928,0.00625073756928,0.00625073756928,0.00625073813149,0.00625118269075,0.0
0.00625050432998,0.00625050432998,0.00626033413983,0.0270038063997,0.82914551553,0.00625050432998,0.00625050432998,0.00625050432998,0.00625050432998,0.00625050432998,0.00625050432998,0.00625050432998,0.0062505723688,0.00628617491778,0.00629370962804,0.00625050432998,0.00625050432998,0.00625050432998,0.00625050432998,0.00625050432998,0.00625050432998,0.00625050432998,0.00625050432998,0.00625050471441,0.00625080869204,0.0
0.00625034485876,0.00625034485876,0.00626018939817,0.0274401783988,0.828712842478,0.00625034485876,0.00625034485876,0.00625034485876,0.00625034485876,0.00625034485876,0.00625034485876,0.00625034485876,0.00625041302291,0.00628604318623,0.00629357281533,0.00625034485876,0.00625034485876,0.00625034485876,0.00625034485876,0.00625034485876,0.00625034485876,0.00625034485876,0.00625034485876,0.00625034512163,0.00625055298028,0.0
0.00625023582012,0.00625023582012,0.00626009121801,0.0278524731827,0.828303086444,0.00625023582012,0.00625023582012,0.00625023582012,0.00625023582012,0.00625023582012,0.00625023582012,0.00625023582012,0.00625030406471,0.00628594863647,0.00629347337477,0.00625023582012,0.00625023582012,0.00625023582012,0.00625023582012,0.00625023582012,0.00625023582012,0.00625023582012,0.00625023582012,0.00625023599987,0.00625037813705,0.0
0.00625016126214,0.00625016126214,0.00626002469669,0.0282419931962,0.827915312565,0.00625016126214,0.00625016126214,0.00625016126214,0.00625016126214,0.00625016126214,0.00625016126214,0.00625016126214,0.00625022955495,0.00628587924634,0.00629339931635,0.00625016126214,0.00625016126214,0.00625016126214,0.00625016126214,0.00625016126214,0.00625016126214,0.00625016126214,0.00625016126214,0.00625016138506,0.00625025858349,0.0
0.00625011027955,0.00625011027955,0.00625997969755,0.0286099823347,0.827548527838,0.00625011027955,0.00625011027955,0.00625011027955,0.00625011027955,0.00625011027955,0.00625011027955,0.00625011027955,0.0062501785977,0.00628582697293,0.00629334260963,0.00625011027955,0.00625011027955,0.00625011027955,0.00625011027955,0.00625011027955,0.00625011027955,0.00625011027955,0.00625011027955,0.00625011036361,0.00625017683302,0.0
0.00625007541675,0.00625007541675,0.00625994932581,0.0289576244768,0.827201719659,0.00625007541675,0.00625007541675,0.00625007541675,0.00625007541675,0.00625007541675,0.00625007541675,0.00625007541675,0.00625014374414,0.0062857864326,0.00629329787199,0.00625007541675,0.00625007541675,0.00625007541675,0.00625007541675,0.00625007541675,0.00625007541675,0.00625007541675,0.00625007541675,0.00625007547424,0.00625012093059,0.0
0.0062500515763,0.0062500515763,0.00625992889182,0.029286043568,0.826873881014,0.0062500515763,0.0062500515763,0.0062500515763,0.0062500515763,0.0062500515763,0.0062500515763,0.0062500515763,0.00625011990182,0.00628575401837,0.00629326149092,0.0062500515763,0.0062500515763,0.0062500515763,0.0062500515763,0.0062500515763,0.0062500515763,0.0062500515763,0.0062500515763,0.00625005161561,0.00625008270248,0.0
0.00625003527292,0.00625003527292,0.00625991520598,0.0295963047322,0.826564026626,0.00625003527292,0.00625003527292,0.00625003527292,0.00625003527292,0.00625003527292,0.00625003527292,0.00625003527292,0.00625010358902,0.00628572730983,0.00629323103702,0.00625003527292,0.00625003527292,0.00625003527292,0.00625003527292,0.00625003527292,0.00625003527292,0.00625003527292,0.00625003527292,0.00625003529981,0.00625005656005,0.0
0.00625002412354,0.00625002412354,0.0062599060991,0.0298894160453,0.826271202956,0.00625002412354,0.00625002412354,0.00625002412354,0.00625002412354,0.00625002412354,0.00625002412354,0.00625002412354,0.00625009242524,0.00628570467898,0.00629320487163,0.00625002412354,0.00625002412354,0.00625002412354,0.00625002412354,0.00625002412354,0.00625002412354,0.00625002412354,0.00625002412354,0.00625002414193,0.00625003868205,0.0
0.00625001649865,0.00625001649865,0.00625990009611,0.0301663307122,0.825994494054,0.00625001649865,0.00625001649865,0.00625001649865,0.00625001649865,0.00625001649865,0.00625001649865,0.00625001649865,0.00625008478281,0.00628568502687,0.0062931818846,0.00625001649865,0.00625001649865,0.00625001649865,0.00625001649865,0.00625001649865,0.00625001649865,0.00625001649865,0.00625001649865,0.00625001651123,0.00625002645556,0.0
0.00625001128401,0.00625001128401,0.00625989619412,0.0304279494705,0.825733024645,0.00625001128401,0.00625001128401,0.00625001128401,0.00625001128401,0.00625001128401,0.00625001128401,0.00625001128401,0.00625007954878,0.00628566760792,0.0062931613191,0.00625001128401,0.00625001128401,0.00625001128401,0.00625001128401,0.00625001128401,0.00625001128401,0.00625001128401,0.00625001128401,0.00625001129261,0.00625001809388,0.0
0.00625000771765,0.00625000771765,0.00625989371145,0.0306751230984,0.825485961362,0.00625000771765,0.00625000771765,0.00625000771765,0.00625000771765,0.00625000771765,0.00625000771765,0.00625000771765,0.00625007596209,0.00628565191256,0.0062931426547,0.00625000771765,0.00625000771765,0.00625000771765,0.00625000771765,0.00625000771765,0.00625000771765,0.00625000771765,0.00625000771765,0.00625000772354,0.00625001237524,0.0
0.00625000527854,0.00625000527854,0.00625989218487,0.0309086549445,0.825252512768,0.00625000527854,0.00625000527854,0.00625000527854,0.00625000527854,0.00625000527854,0.00625000527854,0.00625000527854,0.00625007350233,0.00628563758903,0.00629312552932,0.00625000527854,0.00625000527854,0.00625000527854,0.00625000527854,0.00625000527854,0.00625000527854,0.00625000527854,0.00625000527854,0.00625000528256,0.00625000846413,0.0
0.00625000361034,0.00625000361034,0.00625989129979,0.0311293034252,0.825031928605,0.00625000361034,0.00625000361034,0.00625000361034,0.00625000361034,0.00625000361034,0.00625000361034,0.00625000361034,0.00625007181362,0.00628562439128,0.00629310968709,0.00625000361034,0.00625000361034,0.00625000361034,0.00625000361034,0.00625000361034,0.00625000361034,0.00625000361034,0.00625000361034,0.00625000361309,0.00625000578918,0.0
0.00625000246938,0.00625000246938,0.00625989084267,0.0313377844551,0.824823498551,0.00625000246938,0.00625000246938,0.00625000246938,0.00625000246938,0.00625000246938,0.00625000246938,0.00625000246938,0.00625007065255,0.00628561214411,0.00629309494363,0.00625000246938,0.00625000246938,0.00625000246938,0.00625000246938,0.00625000246938,0.00625000246938,0.00625000246938,0.00625000246938,0.00625000247127,0.00625000395965,0.0
0.00625000168902,0.00625000168902,0.00625989066871,0.0315347737881,0.824626550696,0.00625000168902,0.00625000168902,0.00625000168902,0.00625000168902,0.00625000168902,0.00625000168902,0.00625000168902,0.00625006985268,0.00628560072009,0.0062930811629,0.00625000168902,0.00625000168902,0.00625000168902,0.00625000168902,0.00625000168902,0.00625000168902,0.00625000168902,0.00625000168902,0.00625000169031,0.00625000270834,0.0
0.00625000115528,0.00625000115528,0.00625989067984,0.0317209092574,0.824440449849,0.00625000115528,0.00625000115528,0.00625000115528,0.00625000115528,0.00625000115528,0.00625000115528,0.00625000115528,0.00625006930014,0.00628559002407,0.00629306824166,0.00625000115528,0.00625000115528,0.00625000115528,0.00625000115528,0.00625000115528,0.00625000115528,0.00625000115528,0.00625000115528,0.00625000115616,0.00625000185248,0.0
0.00625000079021,0.00625000079021,0.00625989080976,0.0318967929079,0.824264595792,0.00625000079021,0.00625000079021,0.00625000079021,0.00625000079021,0.00625000079021,0.00625000079021,0.00625000079021,0.00625006891706,0.00628557998291,0.00629305609922,0.00625000079021,0.00625000079021,0.00625000079021,0.00625000079021,0.00625000079021,0.00625000079021,0.00625000079021,0.00625000079021,0.00625000079081,0.0062500012671,0.0
0.00625000054051,0.00625000054051,0.00625989101376,0.0320629930203,0.82409842151,0.00625000054051,0.00625000054051,0.00625000054051,0.00625000054051,0.00625000054051,0.00625000054051,0.00625000054051,0.00625006865016,0.00628557053861,0.00629304467048,0.00625000054051,0.00625000054051,0.00625000054051,0.00625000054051,0.00625000054051,0.00625000054051,0.00625000054051,0.00625000054051,0.00625000054092,0.00625000086671,0.0
0.00625000036972,0.00625000036972,0.00625989126179,0.0322200460258,0.823941391456,0.00625000036972,0.00625000036972,0.00625000036972,0.00625000036972,0.00625000036972,0.00625000036972,0.00625000036972,0.00625006846299,0.00628556164374,0.00629303390135,0.00625000036972,0.00625000036972,0.00625000036972,0.00625000036972,0.00625000036972,0.00625000036972,0.00625000036972,0.00625000036972,0.00625000037,0.00625000059284,0.0
0.00625000025289,0.00625000025289,0.00625989153378,0.0323684583161,0.823792999858,0.00625000025289,0.00625000025289,0.00625000025289,0.00625000025289,0.00625000025289,0.00625000025289,0.00625000025289,0.00625006833061,0.00628555325836,0.00629302374563,0.00625000025289,0.00625000025289,0.00625000025289,0.00625000025289,0.00625000025289,0.00625000025289,0.00625000025289,0.00625000025289,0.00625000025309,0.00625000040551,0.0
0.00625000017299,0.00625000017299,0.00625989181638,0.0325087079515,0.823652769094,0.00625000017299,0.00625000017299,0.00625000017299,0.00625000017299,0.00625000017299,0.00625000017299,0.00625000017299,0.00625006823594,0.00628554534793,0.00629301416294,0.00625000017299,0.00625000017299,0.00625000017299,0.00625000017299,0.00625000017299,0.00625000017299,0.00625000017299,0.00625000017299,0.00625000017312,0.00625000027738,0.0
0.00625000011833,0.00625000011833,0.00625989210084,0.0326412462718,0.823520248141,0.00625000011833,0.00625000011833,0.00625000011833,0.00625000011833,0.00625000011833,0.00625000011833,0.00625000011833,0.00625006816729,0.006285537882,0.00629300511728,0.00625000011833,0.00625000011833,0.00625000011833,0.00625000011833,0.00625000011833,0.00625000011833,0.00625000011833,0.00625000011833,0.00625000011842,0.00625000018974,0.0
0.00625000008094,0.00625000008094,0.0062598923815,0.0327664994143,0.823395011092,0.00625000008094,0.00625000008094,0.00625000008094,0.00625000008094,0.00625000008094,0.00625000008094,0.00625000008094,0.00625006811664,0.00628553083317,0.00629299657607,0.00625000008094,0.00625000008094,0.00625000008094,0.00625000008094,0.00625000008094,0.00625000008094,0.00625000008094,0.00625000008094,0.006250000081,0.00625000012979,0.0
0.00625000005537,0.00625000005537,0.00625989265479,0.0328848697448,0.82327665575,0.00625000005537,0.00625000005537,0.00625000005537,0.00625000005537,0.00625000005537,0.00625000005537,0.00625000005537,0.00625006807853,0.00628552417652,0.0062929885095,0.00625000005537,0.00625000005537,0.00625000005537,0.00625000005537,0.00625000005537,0.00625000005537,0.00625000005537,0.00625000005537,0.00625000005541,0.00625000008878,0.0
0.00625000003787,0.00625000003787,0.00625989291855,0.0329967372054,0.823164802305,0.00625000003787,0.00625000003787,0.00625000003787,0.00625000003787,0.00625000003787,0.00625000003787,0.00625000003787,0.00625006804916,0.00628551788913,0.00629298089001,0.00625000003787,0.00625000003787,0.00625000003787,0.00625000003787,0.00625000003787,0.00625000003787,0.00625000003787,0.00625000003787,0.0062500000379,0.00625000006073,0.0
0.00625000002591,0.00625000002591,0.00625989317154,0.0331024605839,0.823059092069,0.00625000002591,0.00625000002591,0.00625000002591,0.00625000002591,0.00625000002591,0.00625000002591,0.00625000002591,0.00625006802597,0.00628551194973,0.00629297369202,0.00625000002591,0.00625000002591,0.00625000002591,0.00625000002591,0.00625000002591,0.00625000002591,0.00625000002591,0.00625000002591,0.00625000002593,0.00625000004154,0.0
0.00625000001772,0.00625000001772,0.00625989341317,0.0332023787104,0.822959186292,0.00625000001772,0.00625000001772,0.00625000001772,0.00625000001772,0.00625000001772,0.00625000001772,0.00625000001772,0.00625006800717,0.00628550633854,0.00629296689164,0.00625000001772,0.00625000001772,0.00625000001772,0.00625000001772,0.00625000001772,0.00625000001772,0.00625000001772,0.00625000001772,0.00625000001774,0.00625000002842,0.0
0.00625000001212,0.00625000001212,0.00625989364326,0.0332968115837,0.82286476504,0.00625000001212,0.00625000001212,0.00625000001212,0.00625000001212,0.00625000001212,0.00625000001212,0.00625000001212,0.00625006799154,0.00628550103703,0.00629296046648,0.00625000001212,0.00625000001212,0.00625000001212,0.00625000001212,0.00625000001212,0.00625000001212,0.00625000001212,0.00625000001212,0.00625000001213,0.00625000001944,0.0
0.00625000000829,0.00625000000829,0.0062598938619,0.0333860614331,0.822775526141,0.00625000000829,0.00625000000829,0.00625000000829,0.00625000000829,0.00625000000829,0.00625000000829,0.00625000000829,0.00625006797822,0.00628549602782,0.00629295439553,0.00625000000829,0.00625000000829,0.00625000000829,0.00625000000829,0.00625000000829,0.00625000000829,0.00625000000829,0.00625000000829,0.0062500000083,0.0062500000133,0.0
0.00625000000567,0.00625000000567,0.00625989406933,0.0334704137187,0.822691184181,0.00625000000567,0.00625000000567,0.00625000000567,0.00625000000567,0.00625000000567,0.00625000000567,0.00625000000567,0.00625006796664,0.0062854912946,0.00629294865903,0.00625000000567,0.00625000000567,0.00625000000567,0.00625000000567,0.00625000000567,0.00625000000567,0.00625000000567,0.00625000000567,0.00625000000568,0.0062500000091,0.0
0.00625000000388,0.00625000000388,0.00625989426592,0.033550138074,0.822611469567,0.00625000000388,0.00625000000388,0.00625000000388,0.00625000000388,0.00625000000388,0.00625000000388,0.00625000000388,0.00625006795637,0.00628548682199,0.00629294323836,0.00625000000388,0.00625000000388,0.00625000000388,0.00625000000388,0.00625000000388,0.00625000000388,0.00625000000388,0.00625000000388,0.00625000000388,0.00625000000622,0.0
0.00625000000265,0.00625000000265,0.0062598944521,0.0336254891946,0.822536127643,0.00625000000265,0.00625000000265,0.00625000000265,0.00625000000265,0.00625000000265,0.00625000000265,0.00625000000265,0.00625006794714,0.00628548259552,0.006292938116,0.00625000000265,0.00625000000265,0.00625000000265,0.00625000000265,0.00625000000265,0.00625000000265,0.00625000000265,0.00625000000265,0.00625000000266,0.00625000000426,0.0
0.00625000000182,0.00625000000182,0.00625989462832,0.0336967076752,0.822464917845,0.00625000000182,0.00625000000182,0.00625000000182,0.00625000000182,0.00625000000182,0.00625000000182,0.00625000000182,0.00625006793873,0.00628547860154,0.0062929332754,0.00625000000182,0.00625000000182,0.00625000000182,0.00625000000182,0.00625000000182,0.00625000000182,0.00625000000182,0.00625000000182,0.00625000000182,0.00625000000291,0.0
0.00625000000124,0.00625000000124,0.00625989479504,0.0337640207995,0.822397612922,0.00625000000124,0.00625000000124,0.00625000000124,0.00625000000124,0.00625000000124,0.00625000000124,0.00625000000124,0.006250067931,0.00628547482718,0.00629292870097,0.00625000000124,0.00625000000124,0.00625000000124,0.00625000000124,0.00625000000124,0.00625000000124,0.00625000000124,0.00625000000124,0.00625000000124,0.00625000000199,0.0
0.00625000000085,0.00625000000085,0.00625989495274,0.0338276432843,0.822333998184,0.00625000000085,0.00625000000085,0.00625000000085,0.00625000000085,0.00625000000085,0.00625000000085,0.00625000000085,0.00625006792384,0.00628547126028,0.00629292437799,0.00625000000085,0.00625000000085,0.00625000000085,0.00625000000085,0.00625000000085,0.00625000000085,0.00625000000085,0.00625000000085,0.00625000000085,0.00625000000136,0.0
0.00625000000058,0.00625000000058,0.00625989510187,0.0338877779817,0.822273870806,0.00625000000058,0.00625000000058,0.00625000000058,0.00625000000058,0.00625000000058,0.00625000000058,0.00625000000058,0.00625006791718,0.00628546788939,0.00629292029256,0.00625000000058,0.00625000000058,0.00625000000058,0.00625000000058,0.00625000000058,0.00625000000058,0.00625000000058,0.00625000000058,0.00625000000058,0.00625000000093,0.0
0.0062500000004,0.0062500000004,0.00625989524288,0.0339446165406,0.822217039163,0.0062500000004,0.0062500000004,0.0062500000004,0.0062500000004,0.0062500000004,0.0062500000004,0.0062500000004,0.00625006791096,0.00628546470368,0.00629291643156,0.0062500000004,0.0062500000004,0.0062500000004,0.0062500000004,0.0062500000004,0.0062500000004,0.0062500000004,0.0062500000004,0.0062500000004,0.00625000000064,0.0
0.00625000000027,0.00625000000027,0.0062598953762,0.0339983400315,0.822163322206,0.00625000000027,0.00625000000027,0.00625000000027,0.00625000000027,0.00625000000027,0.00625000000027,0.00625000000027,0.00625006790513,0.00628546169293,0.00629291278261,0.00625000000027,0.00625000000027,0.00625000000027,0.00625000000027,0.00625000000027,0.00625000000027,0.00625000000027,0.00625000000027,0.00625000000027,0.00625000000044,0.0
0.00625000000019,0.00625000000019,0.00625989550224,0.0340491195353,0.822112548878,0.00625000000019,0.00625000000019,0.00625000000019,0.00625000000019,0.00625000000019,0.00625000000019,0.00625000000019,0.00625006789965,0.00628545884749,0.00629290933402,0.00625000000019,0.00625000000019,0.00625000000019,0.00625000000019,0.00625000000019,0.00625000000019,0.00625000000019,0.00625000000019,0.00625000000019,0.0062500000003,0.0
0.00625000000013,0.00625000000013,0.00625989562139,0.034097116699,0.82206455755,0.00625000000013,0.00625000000013,0.00625000000013,0.00625000000013,0.00625000000013,0.00625000000013,0.00625000000013,0.00625006789449,0.00628545615825,0.00629290607475,0.00625000000013,0.00625000000013,0.00625000000013,0.00625000000013,0.00625000000013,0.00625000000013,0.00625000000013,0.00625000000013,0.00625000000013,0.0062500000002,0.0
0.00625000000009,0.00625000000009,0.00625989573402,0.0341424842599,0.822019195504,0.00625000000009,0.00625000000009,0.00625000000009,0.00625000000009,0.00625000000009,0.00625000000009,0.00625000000009,0.00625006788963,0.00628545361661,0.00629290299435,0.00625000000009,0.00625000000009,0.00625000000009,0.00625000000009,0.00625000000009,0.00625000000009,0.00625000000009,0.00625000000009,0.00625000000009,0.00625000000014,0.0
0.00625000000006,0.00625000000006,0.00625989584049,0.0341853665403,0.821976318436,0.00625000000006,0.00625000000006,0.00625000000006,0.00625000000006,0.00625000000006,0.00625000000006,0.00625000000006,0.00625006788505,0.00628545121444,0.00629290008298,0.00625000000006,0.00625000000006,0.00625000000006,0.00625000000006,0.00625000000006,0.00625000000006,0.00625000000006,0.00625000000006,0.00625000000006,0.0062500000001,0.0
0.00625000000004,0.00625000000004,0.00625989594113,0.0342258999145,0.821935789987,0.00625000000004,0.00625000000004,0.00625000000004,0.00625000000004,0.00625000000004,0.00625000000004,0.00625000000004,0.00625006788072,0.00628544894405,0.00629289733134,0.00625000000004,0.00625000000004,0.00625000000004,0.00625000000004,0.00625000000004,0.00625000000004,0.00625000000004,0.00625000000004,0.00625000000004,0.00625000000007,0.0
0.00625000000003,0.00625000000003,0.00625989603626,0.0342642132492,0.821897481308,0.00625000000003,0.00625000000003,0.00625000000003,0.00625000000003,0.00625000000003,0.00625000000003,0.00625000000003,0.00625006787664,0.0062854467982,0.00629289473063,0.00625000000003,0.00625000000003,0.00625000000003,0.00625000000003,0.00625000000003,0.00625000000003,0.00625000000003,0.00625000000003,0.00625000000003,0.00625000000004,0.0
0.00625000000002,0.00625000000002,0.00625989612619,0.0343004283195,0.821861270639,0.00625000000002,0.00625000000002,0.00625000000002,0.00625000000002,0.00625000000002,0.00625000000002,0.00625000000002,0.00625006787279,0.00628544477003,0.00629289227256,0.00625000000002,0.00625000000002,0.00625000000002,0.00625000000002,0.00625000000002,0.00625000000002,0.00625000000002,0.00625000000002,0.00625000000002,0.00625000000003,0.0
0.00625000000001,0.00625000000001,0.00625989621119,0.0343346602014,0.821827042916,0.00625000000001,0.00625000000001,0.00625000000001,0.00625000000001,0.00625000000001,0.00625000000001,0.00625000000001,0.00625006786915,0.00628544285308,0.00629288994927,0.00625000000001,0.00625000000001,0.00625000000001,0.00625000000001,0.00625000000001,0.00625000000001,0.00625000000001,0.00625000000001,0.00625000000001,0.00625000000002,0.0
0.00625000000001,0.00625000000001,0.00625989629154,0.0343670176425,0.821794689406,0.00625000000001,0.00625000000001,0.00625000000001,0.00625000000001,0.00625000000001,0.00625000000001,0.00625000000001,0.00625006786571,0.00628544104122,0.00629288775336,0.00625000000001,0.00625000000001,0.00625000000001,0.00625000000001,0.00625000000001,0.00625000000001,0.00625000000001,0.00625000000001,0.00625000000001,0.00625000000001,0.0
0.00625000000001,0.00625000000001,0.00625989636749,0.0343976034116,0.821764107352,0.00625000000001,0.00625000000001,0.00625000000001,0.00625000000001,0.00625000000001,0.00625000000001,0.00625000000001,0.00625006786246,0.00628543932869,0.00629288567782,0.00625000000001,0.00625000000001,0.00625000000001,0.00625000000001,0.00625000000001,0.00625000000001,0.00625000000001,0.00625000000001,0.00625000000001,0.00625000000001,0.0
0.00625,0.00625,0.00625989643928,0.0344265146296,0.821735199646,0.00625,0.00625,0.00625,0.00625,0.00625,0.00625,0.00625,0.00625006785938,0.00628543771003,0.00629288371605,0.00625,0.00625,0.00625,0.00625,0.00625,0.00625,0.00625,0.00625,0.00625,0.00625000000001,0.0
0.00625,0.00625,0.00625989650715,0.0344538430805,0.821707874514,0.00625,0.00625,0.00625,0.00625,0.00625,0.00625,0.00625,0.00625006785648,0.00628543618007,0.00629288186179,0.00625,0.00625,0.00625,0.00625,0.00625,0.00625,0.00625,0.00625,0.00625,0.00625,0.0
0.00625,0.00625,0.00625989657129,0.034479675507,0.821682045225,0.00625,0.00625,0.00625,0.00625,0.00625,0.00625,0.00625,0.00625006785374,0.00628543473395,0.00629288010914,0.00625,0.00625,0.00625,0.00625,0.00625,0.00625,0.00625,0.00625,0.00625,0.00625,0.0
0.00625,0.00625,0.00625989663193,0.0345040938876,0.82165762981,0.00625,0.00625,0.00625,0.00625,0.00625,0.00625,0.00625,0.00625006785115,0.00628543336707,0.00629287845252,0.00625,0.00625,0.00625,0.00625,0.00625,0.00625,0.00625,0.00625,0.00625,0.00625,0.0
0.00625,0.00625,0.00625989668925,0.0345271757001,0.8216345508,0.00625,0.00625,0.00625,0.00625,0.00625,0.00625,0.00625,0.0062500678487,0.00628543207507,0.00629287688666,0.00625,0.00625,0.00625,0.00625,0.00625,0.00625,0.00625,0.00625,0.00625,0.00625,0.0
0.00625,0.00625,0.00625989674343,0.0345489941692,0.821612734981,0.00625,0.00625,0.00625,0.00625,0.00625,0.00625,0.00625,0.00625006784638,0.00628543085384,0.00629287540658,0.00625,0.00625,0.00625,0.00625,0.00625,0.00625,0.00625,0.00625,0.00625,0.00625,0.0
0.00625,0.00625,0.00625989679464,0.0345696185008,0.821592113153,0.00625,0.00625,0.00625,0.00625,0.00625,0.00625,0.00625,0.00625006784419,0.00628542969951,0.00629287400756,0.00625,0.00625,0.00625,0.00625,0.00625,0.00625,0.00625,0.00625,0.00625,0.00625,0.0
0.00625,0.00625,0.00625989684305,0.0345891141036,0.821572619918,0.00625,0.00625,0.00625,0.00625,0.00625,0.00625,0.00625,0.00625006784212,0.0062854286084,0.00629287268517,0.00625,0.00625,0.00625,0.00625,0.00625,0.00625,0.00625,0.00625,0.00625,0.00625,0.0
0.00625,0.00625,0.00625989688882,0.0346075427977,0.821554193461,0.00625,0.00625,0.00625,0.00625,0.00625,0.00625,0.00625,0.00625006784017,0.00628542757705,0.00629287143521,0.00625,0.00625,0.00625,0.00625,0.00625,0.00625,0.00625,0.00625,0.00625,0.00625,0.0
0.00625,0.00625,0.00625989693208,0.0346249630126,0.821536775361,0.00625,0.00625,0.00625,0.00625,0.00625,0.00625,0.00625,0.00625006783832,0.00628542660217,0.00629287025369,0.00625,0.00625,0.00625,0.00625,0.00625,0.00625,0.00625,0.00625,0.00625,0.00625,0.0
0.00625,0.00625,0.00625989697297,0.0346414299732,0.8215203104,0.00625,0.00625,0.00625,0.00625,0.00625,0.00625,0.00625,0.00625006783657,0.00628542568067,0.00629286913686,0.00625,0.00625,0.00625,0.00625,0.00625,0.00625,0.00625,0.00625,0.00625,0.00625,0.0
0.00625,0.00625,0.00625989701162,0.0346569958763,0.821504746386,0.00625,0.00625,0.00625,0.00625,0.00625,0.00625,0.00625,0.00625006783492,0.00628542480963,0.00629286808119,0.00625,0.00625,0.00625,0.00625,0.00625,0.00625,0.00625,0.00625,0.00625,0.00625,0.0
0.00625,0.00625,0.00625989704816,0.0346717100571,0.821490033992,0.00625,0.00625,0.00625,0.00625,0.00625,0.00625,0.00625,0.00625006783336,0.00628542398628,0.00629286708331,0.00625,0.00625,0.00625,0.00625,0.00625,0.00625,0.00625,0.00625,0.00625,0.00625,0.0
0.00625,0.00625,0.0062598970827,0.0346856191462,0.821476126591,0.00625,0.00625,0.00625,0.00625,0.00625,0.00625,0.00625,0.00625006783188,0.006285423208,0.00629286614006,0.00625,0.00625,0.00625,0.00625,0.00625,0.00625,0.00625,0.00625,0.00625,0.00625,0.0
0.00625,0.00625,0.00625989711535,0.0346987672185,0.821462980115,0.00625,0.00625,0.00625,0.00625,0.00625,0.00625,0.00625,0.00625006783049,0.00628542247232,0.00629286524845,0.00625,0.00625,0.00625,0.00625,0.00625,0.00625,0.00625,0.00625,0.00625,0.00625,0.0
0.00625,0.00625,0.00625989714621,0.0347111959335,0.821450552909,0.00625,0.00625,0.00625,0.00625,0.00625,0.00625,0.00625,0.00625006782917,0.00628542177692,0.00629286440564,0.00625,0.00625,0.00625,0.00625,0.00625,0.00625,0.00625,0.00625,0.00625,0.00625,0.0
0.00625,0.00625,0.00625989717539,0.0347229446677,0.8214388056,0.00625,0.00625,0.00625,0.00625,0.00625,0.00625,0.00625,0.00625006782792,0.00628542111957,0.00629286360896,0.00625,0.00625,0.00625,0.00625,0.00625,0.00625,0.00625,0.00625,0.00625,0.00625,0.0
0.00625,0.00625,0.00625989720296,0.0347340506405,0.821427700976,0.00625,0.00625,0.00625,0.00625,0.00625,0.00625,0.00625,0.00625006782674,0.00628542049821,0.00629286285589,0.00625,0.00625,0.00625,0.00625,0.00625,0.00625,0.00625,0.00625,0.00625,0.00625,0.0
0.00625,0.00625,0.00625989722903,0.0347445490319,0.821417203859,0.00625,0.00625,0.00625,0.00625,0.00625,0.00625,0.00625,0.00625006782563,0.00628541991085,0.00629286214403,0.00625,0.00625,0.00625,0.00625,0.00625,0.00625,0.00625,0.00625,0.00625,0.00625,0.0
0.00625,0.00625,0.00625989725368,0.0347544730949,0.821407281,0.00625,0.00625,0.00625,0.00625,0.00625,0.00625,0.00625,0.00625006782458,0.00628541935564,0.00629286147114,0.00625,0.00625,0.00625,0.00625,0.00625,0.00625,0.00625,0.00625,0.00625,0.00625,0.0
0.00625,0.00625,0.00625989727697,0.0347638542611,0.821397900972,0.00625,0.00625,0.00625,0.00625,0.00625,0.00625,0.00625,0.00625006782358,0.00628541883081,0.00629286083506,0.00625,0.00625,0.00625,0.00625,0.00625,0.00625,0.00625,0.00625,0.00625,0.00625,0.0
0.00625,0.00625,0.00625989729899,0.0347727222407,0.821389034069,0.00625,0.00625,0.00625,0.00625,0.00625,0.00625,0.00625,0.00625006782264,0.0062854183347,0.0062928602338,0.00625,0.00625,0.00625,0.00625,0.00625,0.00625,0.00625,0.00625,0.00625,0.00625,0.0
0.00625,0.00625,0.00625989731981,0.0347811051168,0.82138065221,0.00625,0.00625,0.00625,0.00625,0.00625,0.00625,0.00625,0.00625006782175,0.00628541786574,0.00629285966543,0.00625,0.00625,0.00625,0.00625,0.00625,0.00625,0.00625,0.00625,0.00625,0.00625,0.0
