-0.5 -0.5,-0.5 -1.0,-0.5 -1.5,-0.5 0.0,-1.0 -0.5,-1.0 -1.0,-1.0 -1.5,-1.0 0.0,-1.0 1.0,-1.5 -0.5,-1.5 -1.0,-1.5 -1.5,-1.5 0.0,-1.5 0.5,0.0 -0.5,0.0 -1.0,0.0 -1.5,0.0 0.0,0.0 1.0,0.0 1.5,2.0 -0.5,other
0.015625,0.015625,0.015625,0.015625,0.015625,0.015625,0.015625,0.015625,0.015625,0.015625,0.015625,0.015625,0.015625,0.015625,0.015625,0.015625,0.015625,0.015625,0.015625,0.015625,0.015625,0.671875
0.0162508119389,0.0163918102157,0.0161321056077,0.0161991713205,0.0162019761746,0.0162347752007,0.0163613560975,0.0161208733846,0.0153949629625,0.0161542084208,0.0163010607706,0.0163855036006,0.016198344457,0.015396151369,0.0165844136695,0.0166877983369,0.0164571708342,0.0167167860576,0.0154007450271,0.0153979722929,0.0153846514078,0.661647350853
0.0168904917363,0.0171822160877,0.0166460180081,0.0167837460994,0.0167893997049,0.016857079818,0.017119124695,0.0166228504225,0.0151580652375,0.0166917585872,0.0169940264468,0.0171696064252,0.0167820548334,0.015160473866,0.0175850771095,0.0178028376233,0.0173182702288,0.0178645771686,0.0151697576188,0.0151641577751,0.0151370318193,0.651111378689
0.017543338433,0.0179955498017,0.0171660334878,0.0173779788732,0.0173865049938,0.0174911634201,0.0178976356156,0.0171302137365,0.0149145027909,0.0172369846185,0.0177031571581,0.0179767194172,0.0173753874411,0.0149181643825,0.0186268105483,0.0189703359248,0.0182077130167,0.0190688466134,0.0149322363908,0.0149237543602,0.014882311536,0.64027465744
0.0182085609457,0.0188309955379,0.0176913942894,0.0179810484681,0.0179924484461,0.0181361882544,0.0186960852591,0.0176421937297,0.0146645163019,0.0177891624044,0.0184276005876,0.0188061142009,0.0179775232414,0.0146694644781,0.0197092036207,0.02019022636,0.0191247363692,0.020329781483,0.0146884244269,0.0146770045746,0.014620703727,0.629146623294
0.0188852786773,0.0196875863763,0.018221291197,0.0185920597463,0.01860631024,0.0187912304221,0.0195135343987,0.018157971353,0.014408392417,0.0183475116742,0.0191663915759,0.0196569198325,0.0185875695977,0.0144146616172,0.020831602243,0.0214621356893,0.0200683941551,0.0216472587392,0.014438610474,0.0144241967772,0.01435246564,0.617738627157
0.0195725232169,0.0205642028683,0.0187548668795,0.0192100463382,0.0192270971216,0.0194552821547,0.0203489074837,0.0186766816237,0.0141464645129,0.0189111988312,0.0199184530706,0.0205281210573,0.0192045630095,0.0141540899115,0.021993097721,0.0227853654518,0.0210375532573,0.0230208236276,0.0141831296366,0.0141656658838,0.0140778993523,0.60606396699
0.0202692411962,0.0214595734565,0.0192912199976,0.0198339744003,0.0198537462683,0.0201272552531,0.0212009936008,0.0191974179001,0.0138791129043,0.0194793405702,0.0206825985261,0.0214185582412,0.0198274728675,0.0138881303036,0.0231925185166,0.0241588762871,0.0220308920995,0.0244496711111,0.0139223635066,0.013901793529,0.0137973520035,0.594137897461
0.020974298353,0.0223722769004,0.0198294100679,0.0204627474205,0.020485130243,0.0208059857271,0.0220684492215,0.0197192369032,0.0136067644343,0.0200510082784,0.0214575358417,0.022326929128,0.0204552062513,0.013617210131,0.0244284250808,0.0255812760649,0.0230469016114,0.0259326309863,0.0136567396691,0.0136330076069,0.0135112154595,0.58197761462
0.0216864848273,0.0233007468352,0.0203684630607,0.0210952120753,0.0211200630462,0.021490239654,0.0229498028407,0.0202411644572,0.0133298913971,0.0206252332065,0.0222418728965,0.0232517925423,0.0210866137715,0.0133418020184,0.0256991081253,0.0270508124151,0.0240838888295,0.0274681573202,0.0133867305312,0.0133597811379,0.0132199253639,0.569602213648
0.0224045216953,0.0242432785569,0.0209073776918,0.0217301651172,0.0217573072448,0.0221787202504,0.0238434615743,0.020762201908,0.0130490097494,0.0212010123794,0.0230341247122,0.0241915741323,0.0217204964379,0.0130624220566,0.0270025906601,0.0285653701933,0.0251399832817,0.029054322798,0.0131128514342,0.0130826304191,0.012923959544,0.557032618163
0.0231270687214,0.0251980380792,0.0214451323509,0.022366361252,0.022395582137,0.0228700761245,0.0247477197497,0.0212813331584,0.0127646765815,0.0217773152004,0.0238327222423,0.0251445742052,0.02235561351,0.0127796272377,0.0283366340586,0.0301224743405,0.0262131462552,0.0306888185018,0.0128356580199,0.0128021124322,0.0126238357503,0.544291480091
0.0238527332774,0.0261630734664,0.0219806925942,0.0230025219391,0.0230335728845,0.0235629106481,0.0256607694793,0.0217975322457,0.0124774868329,0.022353090684,0.0246360227481,0.0261089776676,0.0229906912653,0.0124940121337,0.0296987483354,0.0317192984929,0.0273011829831,0.0323689595418,0.0125557428408,0.0125188214924,0.0123201087223,0.531403049725
0.0245800803559,0.027136328387,0.0225130191115,0.0236373450253,0.0236699405176,0.0242557923606,0.0265807131614,0.0223097713665,0.0121880692545,0.0229272752381,0.0254423216847,0.0270828660358,0.023624432594,0.0122062048214,0.0310862067311,0.0333526795772,0.0284017577193,0.0340916968473,0.0122737312184,0.0122333851452,0.0120133665891,0.518393016258
0.0253076435689,0.0281156577799,0.0230410760623,0.0242695150969,0.0243033326958,0.0249472662877,0.0275055778052,0.0228170292439,0.0118970816395,0.0234988008995,0.0262498659802,0.0280642314318,0.0242555273078,0.0119168620754,0.0324960645956,0.0350191384819,0.0295124115973,0.0358536352811,0.0119902763763,0.0119464593331,0.0117042266297,0.50528831983
0.0260339370018,0.0290988454671,0.0235638396648,0.0248977144144,0.024932395078,0.0256358660284,0.0284333310257,0.0233182997146,0.0116052053636,0.0240666039111,0.0270568685498,0.0290509924283,0.0248826630243,0.0116266638731,0.0339251824513,0.0367149067402,0.0306305830888,0.0376510580864,0.0117060538941,0.0116587228784,0.0113933304331,0.492116936883
0.0267574677582,0.0300836234852,0.0240803069049,0.0255206342694,0.025555783137,0.0263201264384,0.0293618985044,0.0238126004041,0.0113131392994,0.0246296335199,0.0278615238472,0.030041011552,0.025504536471,0.0113363072781,0.0353702529962,0.0384359589868,0.0317536308035,0.0394799575023,0.011421755553,0.0113708713481,0.0110813385208,0.47890764142
0.0274767490107,0.0310676928524,0.0245895042275,0.0261369865862,0.0261721742294,0.0269985967134,0.0302891826619,0.0242989813469,0.0110215931897,0.0251868608571,0.0286620242185,0.031032114202,0.0261198650287,0.0110464997873,0.0368278316921,0.040178050778,0.0328788582894,0.0413360712027,0.0111380826622,0.0110836103903,0.0107689245042,0.46568974557
0.0281903133449,0.0320487454309,0.0250904960604,0.0267455155725,0.0267802797146,0.0276698536512,0.0312130822419,0.0247765334025,0.0107312805886,0.0257372877597,0.0294565767858,0.0320221086914,0.0267273983226,0.0107579522537,0.0382943704562,0.0419367611846,0.0340035404222,0.0432149240285,0.0108557389818,0.0107976486542,0.0104567688733,0.452492823579
0.028896726167,0.033024486498,0.0255823930202,0.0273450092102,0.0273788569036,0.0283325148572,0.0321315124652,0.0252443963146,0.0104429114969,0.0262799553788,0.0302434205596,0.0330088070677,0.0273259296512,0.0104713715139,0.0397662538667,0.0437075393973,0.0351249509014,0.0451118743037,0.0105754233744,0.0105136904241,0.0101455525224,0.439346424106
0.0295945989276,0.033992657592,0.0260643596437,0.0279343103689,0.0279667206064,0.0289852516417,0.0330424253735,0.0257017662571,0.0101571848403,0.0268139524227,0.0310208434541,0.0339900463334,0.0279143070388,0.0101874528683,0.0412398371868,0.0454857544293,0.0362403903162,0.0470221638525,0.0102978223367,0.0102324281176,0.00983595013325,0.426279776259
0.0302826019033,0.034951059174,0.026535621496,0.0285123273203,0.028542754046,0.0296268013509,0.0339438299587,0.0261479027174,0.00987478095117,0.0273384228755,0.031787198861,0.0349637096488,0.0284914436892,0.00990687257934,0.0427114854227,0.0472667468617,0.037347214198,0.0489409706859,0.0100236025766,0.00995453481146,0.00952862354816,0.413321495324
0.0309594762769,0.0358975726204,0.0269954715068,0.0290780434354,0.0291059189063,0.0302559788753,0.0348338116557,0.0265821345726,0.00959635422577,0.0278525730417,0.0325409214321,0.0359277470811,0.0290563276252,0.0096302805572,0.0441776125686,0.0490458814749,0.0384428604485,0.0508634632008,0.00975340380692,0.00968065696882,0.00922421526838,0.400499294451
0.0316240452592,0.0368301810623,0.0274432754025,0.0296305258526,0.0296552642956,0.0308716870842,0.0357105507729,0.0270038652268,0.00932252613391,0.0283556777699,0.0332805417241,0.0368801954525,0.0296080303041,0.00935829341309,0.0456347201496,0.0508185995401,0.0395248755255,0.0527848546466,0.00948783193276,0.00941140754245,0.00892334221884,0.38783970869
0.0322752240089,0.0377469885985,0.0278784761158,0.0301689329276,0.0301899344227,0.0314729259553,0.0365723394484,0.0274125766954,0.00905387875477,0.0288470857261,0.0340046993743,0.0378191968458,0.0301457140187,0.00909148805145,0.0470794341638,0.0525804695184,0.0405909387815,0.0547004565686,0.00922745280273,0.00914735962802,0.00862658991617,0.375367837677
0.0329120281303,0.0386462374405,0.0283005970743,0.0306925202943,0.0307091748111,0.0320588001937,0.0374175967434,0.0278078325452,0.00879094900321,0.0293262236013,0.0347121545082,0.0387430153481,0.0306686379179,0.00883039596526,0.0485085395546,0.0543272349426,0.0416388843893,0.0566057299412,0.0089727866819,0.00888904082764,0.00833450717065,0.363107112915
0.0335335805622,0.0395263225997,0.0287092442998,0.0312006454053,0.0312123369147,0.0326285251715,0.0382448815335,0.0281892796258,0.00853422369321,0.029792599166,0.0354017971198,0.0396500516563,0.0311761625137,0.00857549837853,0.0499190114008,0.0560548583268,0.0426667203514,0.0584963327604,0.00872430358572,0.00863692846615,0.00804760143945,0.351079095029
0.0341391167117,0.0403858037955,0.0291041072759,0.0316927704576,0.0316988810374,0.0331814310635,0.0390529029157,0.0285566485604,0.00828413555979,0.0302458031096,0.0360726542237,0.04053885522,0.0316677525819,0.00832722235505,0.0513080421151,0.0577595600799,0.0436726441738,0.0603681629729,0.00848241958645,0.0083914457761,0.00776633493112,0.339303305497
0.0347279877382,0.0412234143473,0.0294849585809,0.0321684636552,0.032168377511,0.0337169651086,0.0398405279233,0.028909752998,0.00804106032928,0.030685509637,0.0367238946441,0.0414081336759,0.0321429784095,0.0080859379598,0.0526730640671,0.0594378515657,0.044655054893,0.0622173957803,0.00824749417104,0.00815295913488,0.00749112153882,0.327797096331
0.0352996619476,0.0420380669105,0.0298516523124,0.0326273988127,0.0326205061398,0.0342346919821,0.0406067864284,0.0292484876652,0.00780531489109,0.0311114758314,0.0373548313777,0.0422567594103,0.032601515392,0.00785195652287,0.0540117672068,0.0610865616655,0.0456125612641,0.0640405145577,0.00801982869247,0.00792177640071,0.00722232465356,0.316575559935
0.035853724317,0.0428288560226,0.0302041213733,0.0330693533537,0.0330550539699,0.0347342923233,0.0413508732012,0.0295728252927,0.00757715658458,0.0315235398248,0.0379649215492,0.0430837731817,0.0330431420346,0.00762553001581,0.0553221114404,0.0627028564363,0.0465439860477,0.0658343348638,0.00779966591738,0.00769814635454,0.00696025588021,0.305651480015
0.0363898742275,0.0435950575283,0.0305423737148,0.033494204806,0.0334719114991,0.0352155595214,0.0420721471903,0.029882812524,0.0073567835747,0.0319216178594,0.0385537640535,0.0438883848325,0.0334677364592,0.00740685151068,0.0566023336944,0.0642842517085,0.0474483664676,0.067596021271,0.00758719063347,0.00748225921562,0.00670517464953,0.295035323059
0.0369079215396,0.0443361250559,0.0308664876675,0.0339019259437,0.0338710674835,0.0356783949148,0.0427701281771,0.0301785649418,0.00714433625195,0.032305700349,0.0391210950506,0.0446699712144,0.0338752715664,0.00719605665427,0.0578509497873,0.065828618719,0.048324951032,0.0693230970093,0.00738253124465,0.00727424816129,0.00645728869066,0.284735268545
0.0374077811918,0.0450516838061,0.031176606513,0.0342925787614,0.0342526025413,0.0361228016046,0.0434444910365,0.0304602613709,0.00693989955876,0.0326758470805,0.0396667815457,0.0454280715382,0.0342658090362,0.00699322605724,0.0590667514009,0.0673341831106,0.0491731930291,0.0710134466611,0.00718576224975,0.00707419174941,0.00621675530215,0.274757274855
0.0378894665439,0.0457415219896,0.0314729324641,0.0346663074933,0.0346166817786,0.0365488771151,0.0440950579041,0.0307281376319,0.0067435061172,0.0330321817151,0.0401908133339,0.0461623804324,0.0346394923798,0.00679838847115,0.060248798588,0.0687995178348,0.0499927410957,0.0726653123713,0.00699690747653,0.00688211711598,0.0059836833372,0.265105176811
0.03835308171,0.0464055803027,0.03175572023,0.0350233309092,0.0349635466817,0.0369568051599,0.0447217885978,0.0309824799252,0.0065551400135,0.0333748857608,0.0406932936247,0.0468727390521,0.0349965392728,0.00661152460807,0.0613964083745,0.070223530662,0.0507834273291,0.0742772842219,0.00681594392548,0.00669800380267,0.00575813580123,0.255780810035
0.0387988131424,0.0470439398657,0.0320252703463,0.0353639341233,0.035293506523,0.0373468467769,0.0453247696707,0.0312236180227,0.00637474108409,0.0337041921922,0.0411744286818,0.0475591246167,0.0353372334044,0.00643257144716,0.0625091400962,0.071605447123,0.0515452534525,0.0758482855611,0.00664280606965,0.00652178805935,0.0055401329484,0.246784156793
0.0392269207284,0.0476568090566,0.0322819224355,0.0356884601467,0.0356069295232,0.0377193310967,0.0459042024834,0.0314519184379,0.00620220954518,0.0340203788895,0.0416345168114,0.0482216387708,0.0356619160725,0.00626142687077,0.063586778156,0.0729447897789,0.0522783755612,0.0773775541689,0.00647739045591,0.00635336746563,0.00532965575776,0.238113507787
0.0396377286506,0.0482445096675,0.032526048556,0.0359973014013,0.0359042339945,0.0380746459897,0.0464603906757,0.0316677777265,0.00603741081324,0.0343237620603,0.042073937023,0.0488604951622,0.0359709777399,0.00609795447859,0.0646293128999,0.0742413547342,0.0529830879639,0.0788646201822,0.0063195604603,0.00619260572146,0.0051266496701,0.229765634429
0.0400316162418,0.0488074627793,0.0327580467743,0.0362908913874,0.0361858796671,0.0384132288175,0.0469937273935,0.0318716160504,0.00588018037539,0.034614689786,0.0424931376578,0.0494760066094,0.0362648497448,0.0059419884403,0.0656369202855,0.0754951862925,0.0536598066052,0.0803092816958,0.00616915106232,0.00603933746899,0.00493102847156,0.221735966393
0.0404090090384,0.0493461747127,0.0329783350722,0.0365696966719,0.0364523593678,0.0387355574811,0.0475046825891,0.0320638711137,0.00573032858522,0.0348935358208,0.042892625246,0.0500685722005,0.0365439963301,0.00579333826425,0.066609940972,0.0767065505921,0.0543090525033,0.0817115789135,0.00602597352073,0.0058933730254,0.00474267821956,0.21401876976
0.040770370202,0.0498612233627,0.0331873456795,0.0368342093309,0.0367041911904,0.0390421419251,0.0479937906715,0.0322449925544,0.00558764527929,0.0351606937405,0.0432729538104,0.0506386646199,0.0368089071248,0.00565179337944,0.0675488593879,0.0778759089747,0.0549314355803,0.0830717676453,0.00588981985276,0.00575450292556,0.0045614611193,0.206607321643
0.0411161924463,0.0503532451646,0.0333855198941,0.0370849399491,0.0369419112599,0.0393335162202,0.0484616387293,0.0324154368505,0.00545190413122,0.035416571521,0.043634714793,0.05118681795,0.0370600901789,0.0055171274496,0.068454283255,0.0790038917359,0.0555276391898,0.0843902928491,0.00576046704012,0.00562250219524,0.00438721927329,0.199494077924
0.0414469905685,0.0508229228885,0.033573303429,0.037322411245,0.0371660671616,0.0396102313116,0.0489088555006,0.0325756627742,0.0053228666813,0.0356615865974,0.0439785277302,0.0517136161463,0.0372980656219,0.00538910235938,0.0693269239554,0.0800912727907,0.0560984055845,0.0856677628048,0.00563768090579,0.00549713429637,0.00421977824205,0.192670831405
0.0417632946535,0.0512709743957,0.0337511423073,0.0375471523647,0.0373772120747,0.039872848487,0.0493361012139,0.0327261274087,0.00520028600003,0.0358961614365,0.0443050317666,0.0522196823288,0.0375233599856,0.00526747183295,0.0701675780422,0.0811389456739,0.0566445224928,0.0869049243903,0.00552121962527,0.0053781547057,0.00405895036908,0.186128858445
0.0420656439873,0.0516981424476,0.0339194793022,0.0377596938576,0.0375758996231,0.0401219335886,0.0497440583764,0.0328672827231,0.00508390996269,0.036120719633,0.0446148780517,0.0527056689892,0.0377365012055,0.00515198466322,0.0709771101078,0.0821479011789,0.0571668109171,0.0881026398196,0.00541083685313,0.00526531410643,0.00390453783805,0.179859052768
0.0423545816909,0.0521051856057,0.0340787509104,0.0379605633299,0.0377626794355,0.0403580519687,0.0501334235489,0.0329995726857,0.00497348412706,0.0363356825263,0.044908723038,0.0531722491665,0.0379380142963,0.00504238754559,0.0717564371484,0.0831192068411,0.057666114208,0.0892618650917,0.00530628446095,0.00515836118701,0.00375633544262,0.173852045745
0.0426306500633,0.0524928702286,0.03422938483,0.0381502817495,0.037938093386,0.0405817641679,0.0505049001103,0.0331234308856,0.00486875422024,0.0365414663193,0.0451872226638,0.0536201086115,0.0381284176756,0.00493842752275,0.0725065144937,0.0840539883787,0.0581432884252,0.0903836303095,0.00520731489441,0.00505704505443,0.00361413306118,0.168098312948
0.0428943866071,0.0528619635373,0.0343717979081,0.0383293603676,0.0381026724762,0.0407936222799,0.0508591919871,0.0332392786246,0.00476946824998,0.0367384796715,0.0454510273893,0.0540499389261,0.0383082201005,0.00483985405685,0.0732283233173,0.0849534131286,0.0585991939582,0.0914690219427,0.00511368316691,0.00496111727841,0.00347771783753,0.162588267188
0.0431463206941,0.0532132277007,0.0345063945185,0.0384982982099,0.0382569343084,0.0409941669537,0.0511969983034,0.0333475234348,0.00467537826371,0.0369271217317,0.045700778033,0.0544624316433,0.0384779181717,0.00474642075275,0.0739228596958,0.0858186754549,0.0590346883502,0.0925191670432,0.00502514851356,0.00487033359028,0.00334687607661,0.157312338556
0.0433869708245,0.0535474148726,0.0346335653247,0.0386575800854,0.0384013810953,0.0411839249811,0.0515190088916,0.0334485579782,0.00458624178328,0.0371077805707,0.0459371023492,0.0548582731944,0.0386379943516,0.00465788676054,0.0745911251507,0.0866509840575,0.0594506202498,0.0935352193692,0.0049414757339,0.00478445526482,0.00322139486919,0.152261042242
0.0436168424228,0.0538652631037,0.0347536863834,0.038807675059,0.0385364981475,0.0413634074074,0.0518259005932,0.0335427592788,0.00450182294652,0.0372808319733,0.0461606122766,0.0552381406981,0.038788915444,0.00457401788861,0.0752341185834,0.0874515510774,0.0598478244007,0.0945183473308,0.00486243625424,0.00470325021592,0.00310106346417,0.147425035051
0.0438364261163,0.0541674930444,0.0348671185441,0.0389490353318,0.0386627527817,0.0415331081093,0.0521183342747,0.0336304882455,0.00442189338773,0.0374466385461,0.0463719017885,0.0556026985007,0.0389311314799,0.00449458745926,0.0758528294959,0.0882215828669,0.060227117571,0.0954697236472,0.00478780894117,0.00462649383813,0.00298567440893,0.142795161621
0.0440461964376,0.054454805353,0.0349742071036,0.0390820954768,0.0387805935931,0.0416935027771,0.0523969524816,0.0337120894389,0.00434623288918,0.0376055491019,0.0465715452729,0.055952595391,0.0390650749563,0.00441937693907,0.0764482323814,0.0889622722838,0.0605892953235,0.0963905165808,0.00471738069759,0.00455396962569,0.00287502447993,0.138362491415
0.0442466108978,0.0547278787238,0.0350752816745,0.0392072719776,0.0388904500374,0.0418450482491,0.0526623776533,0.0337878910459,0.0042746298347,0.0377578982804,0.0467600963748,0.0562884624137,0.0391911603762,0.00434817637445,0.0770212821651,0.0896747923587,0.0609351295272,0.097281882609,0.0046509468712,0.00448546959947,0.00276891542588,0.13411834753
0.0444381093773,0.0549873684562,0.0351706562323,0.0393249630241,0.038992732276,0.041988182142,0.0529152108278,0.0338582050225,0.0042068814943,0.0379040063694,0.0469380872333,0.0566109112102,0.0393097840455,0.00428078466155,0.0775729105768,0.0903602911866,0.0612653665135,0.0981449603871,0.00458831150356,0.00442079457042,0.00266715454542,0.130054328344
0.044621113787,0.0552339054857,0.0352606293077,0.0394355485216,0.0390878312363,0.0421233227317,0.0531560307643,0.0339233273739,0.00414279416681,0.0380441792933,0.0471060280574,0.0569205328133,0.0394213240806,0.00421700967676,0.0781040233398,0.0910198878961,0.0615807257896,0.0989808658601,0.00452928744544,0.00435975426566,0.00256955512037,0.126162322987
0.0447960279553,0.0554680958089,0.0353454842959,0.039539390274,0.0391761188493,0.04225086904,0.0533853934236,0.0339835385435,0.00408218320471,0.0381787087388,0.0472644069805,0.0572178968342,0.0395261405906,0.00415666829211,0.0786154980698,0.0916546695589,0.0618818992235,0.0997906883855,0.0044736963617,0.00430216734102,0.00247593672426,0.122434521504
0.0449632377025,0.0556905202382,0.0354254898574,0.0396368323082,0.0392579484281,0.0423712010887,0.0536038317461,0.034039103884,0.00402487294285,0.0383078723921,0.0474136901497,0.0575035509799,0.0396245759991,0.00409958629666,0.079108182782,0.0922656889111,0.0621695506279,0.100575487736,0.00442136864632,0.00424786130107,0.00238612542427,0.118863420557
0.045123111066,0.0559017344288,0.0355009003875,0.0397282013083,0.0393336551567,0.0424846802866,0.0538118556784,0.0340902741912,0.00397069655015,0.0384319342632,0.0475543220013,0.0577780208489,0.0397169554759,0.00404559824275,0.0795828949165,0.0928539627669,0.0624443156736,0.101336291865,0.00437214326569,0.00419667234511,0.00229995389312,0.115441825389
0.0452759986482,0.0561022691283,0.0355719565369,0.0398138071348,0.0394035566622,0.0425916499211,0.0540099524003,0.0341372862807,0.00391949582073,0.0385511450779,0.0476867256886,0.0580418099553,0.0398035874527,0.00399454723343,0.0800404207987,0.0934204710197,0.0627068020739,0.102074095316,0.00432586754581,0.00414844515521,0.00221726144565,0.112162848704
0.0454222340578,0.0562926306047,0.035638885767,0.0398939434063,0.0394679536481,0.0426924357286,0.054198586715,0.0341803635936,0.00387112091871,0.038665742721,0.0478113036265,0.0582953999425,0.0398847642022,0.00394628466488,0.0804815154623,0.0939661561348,0.0629575899868,0.102789858195,0.00428239691688,0.00410303264008,0.00213789401335,0.109019907053
0.0455621344243,0.0564733012153,0.0357019029269,0.0399688881257,0.0395271305703,0.0427873465212,0.0543782015666,0.0342197168168,0.00382543008883,0.0387759527148,0.0479284381247,0.0585392509456,0.0399607624592,0.00390066993587,0.0809069027707,0.0944919230489,0.0631972325912,0.103484505596,0.0042415946266,0.00406029564643,0.0020617040681,0.106006715216
0.045696000965,0.0566447400824,0.0357612108413,0.0400389043338,0.0395813563385,0.0428766748539,0.0545492186548,0.0342555445099,0.00378228934287,0.0388819887216,0.0480384920873,0.0587738020737,0.040031844072,0.00385757013392,0.0813172757795,0.0949986394033,0.0634262567958,0.104158927413,0.00420333143167,0.00402010264756,0.0019885505055,0.103117279013
0.0458241195886,0.0568073838502,0.0358170009005,0.0401042407798,0.0396308850308,0.0429606977154,0.0547120391245,0.0342880337282,0.00374157213039,0.0389840530596,0.0481418097567,0.0589994719842,0.040098256668,0.00381685970667,0.081713297293,0.0954871360461,0.0636451640502,0.104813978476,0.00416748527556,0.00398232941741,0.00191829849606,0.100345886922
0.0459467615218,0.0569616474981,0.0358694536451,0.0401651325959,0.0396759566119,0.043039677231,0.0548670443051,0.0343173606371,0.00370315900078,0.0390823372252,0.0482387174862,0.0592166595249,0.0401602343256,0.00377842012508,0.0820956005716,0.0959582077497,0.0638544312288,0.105450478936,0.0041339409588,0.00394685869663,0.00185081931197,0.0976871008124
0.0460641839487,0.0571079251917,0.0359187393414,0.0402218019699,0.0397167976447,0.0431138613678,0.0550145964855,0.0343436911115,0.00366693726201,0.0391770224129,0.0483295245271,0.0594257444253,0.0402179982419,0.00374213954389,0.0824647901552,0.0964126140934,0.0640545115645,0.106069214863,0.00410258980723,0.00391357985613,0.00178599013552,0.0951357460504
0.0461766306529,0.0572465911549,0.03596501854,0.0402744588065,0.0397536219893,0.0431834846339,0.0551550397083,0.0343671813173,0.00363280064086,0.0392682800297,0.0484145238195,0.0596270880212,0.0402717573913,0.00370791246395,0.0828214427728,0.096851080474,0.0642458356129,0.106670939,0.0040733293422,0.00388238856243,0.0017236938545,0.0926869012112
0.0462843326551,0.0573780005509,0.0360084426192,0.0403233013752,0.0397866314856,0.0432487687652,0.0552887005722,0.0343879782711,0.00360064894796,0.0393562721984,0.0484939927777,0.0598210339981,0.0403217091695,0.00367563939959,0.0831661083127,0.0972742992097,0.0644288122315,0.107256371646,0.00404606295621,0.00385318644817,0.00166381884905,0.090335887561
0.0463875088416,0.0575024903607,0.0360491543053,0.0403685169381,0.0398160166131,0.0433099233957,0.0554158890317,0.0344062203781,0.00357038775048,0.039441152247,0.0485681940627,0.0600079091431,0.0403680400181,0.00364522655388,0.083499310832,0.0976829307074,0.0646038295607,0.107826201632,0.00402069959637,0.00382588079042,0.00160625877352,0.0880782584676
0.046486366578,0.0576203802512,0.036087288174,0.0404102823564,0.039841957128,0.0433671467066,0.0555368991888,0.0344220379445,0.00354192805452,0.0395230651824,0.0486373763371,0.0601880240963,0.0404109260277,0.00361658550367,0.0838215495895,0.0980776046728,0.064771255997,0.108381087365,0.00399715345755,0.00380038419874,0.00155091233641,0.0859097888537
0.0465811023053,0.0577319734262,0.0361229711267,0.0404487646732,0.039864622673,0.0434206260527,0.0556520100681,0.034435553666,0.00351518599869,0.0396021481461,0.0487017749978,0.0603616740941,0.0404505335176,0.003589632896,0.0841333000862,0.0984589213415,0.0649314411485,0.108921657912,0.00397534368681,0.00377661431449,0.00149768308072,0.0838264647882
0.0466719021159,0.0578375574554,0.0361563228453,0.0404841216711,0.0398841733607,0.0434705385633,0.0557614863722,0.0344468830908,0.00349008256,0.0396785308508,0.0487616128832,0.0605291396997,0.0404870195908,0.0035642901567,0.0844350151034,0.0988274527171,0.0650847167699,0.109448514116,0.00395519409973,0.00375449352222,0.00144647916681,0.081824473289
0.0467589423076,0.0579374050768,0.0361874562228,0.0405165024042,0.0399007603293,0.0435170517171,0.0558655792141,0.0344561350577,0.00346654327259,0.0397523359978,0.0488171009537,0.0606906875154,0.0405205326626,0.00354048321192,0.0847271257284,0.0991837438027,0.0652313976683,0.10996222972,0.00393663290952,0.00373394867396,0.00139721315907,0.0799001923944
0.0468423899149,0.0580317749711,0.0362164777713,0.0405460477034,0.0399145262693,0.0435603238903,0.0559645268231,0.0344634121093,0.00344449795986,0.0398236796742,0.0488684389429,0.0608465708742,0.040551212964,0.00351814222302,0.0850100423605,0.0995283138159,0.0653717825792,0.110463352495,0.00391959246904,0.00371491082659,0.00134980181781,0.0780501815455
0.0469224032161,0.0581209125055,0.0362434880071,0.040572890657,0.0399256059241,0.043600504878,0.0560585552234,0.0344688108825,0.00342388047997,0.0398926717306,0.0489158159802,0.0609970305075,0.0405791930191,0.00349720133468,0.0852841556933,0.0998616573797,0.0655061550092,0.110952405347,0.00390400902591,0.00369731499246,0.0013041658972,0.0762711723092
0.0469991322171,0.0582050504459,0.0362685818141,0.0405971570642,0.0399341265617,0.0436377363879,0.0561478788839,0.0344724224744,0.00340462848473,0.0399594161388,0.048959411183,0.0611422951885,0.0406045980968,0.00347759843643,0.0855498376672,0.100184245683,0.0656347840438,0.111429887423,0.00388982249058,0.0036810999032,0.00126022994976,0.074560059462
0.0470727191109,0.0582844096367,0.0362918487856,0.0406189658647,0.0399402084213,0.0436721525094,0.0562327013388,0.0344743327872,0.00338668319167,0.0400240113306,0.0489993942197,0.0612825823492,0.0406275466378,0.00345927493718,0.0858074423898,0.100496527604,0.0657579251199,0.111896275175,0.00387697621713,0.00366620778646,0.00121792213817,0.0729138924487
0.0471432987136,0.0583591996484,0.0363133735459,0.0406384295435,0.0399439651333,0.0437038801551,0.0563132157789,0.0344746228511,0.00336998916895,0.0400865505176,0.049035925844,0.0614180986704,0.0406481506579,0.00344217555254,0.0860573070232,0.100798930802,0.0658758207625,0.112352023405,0.00386541679647,0.00365258415525,0.00117717405439,0.0713298672201
0.0472109988782,0.0584296193939,0.0363332360526,0.0406556545128,0.039945504115,0.043733039479,0.0563896056145,0.0344733691275,0.00335449413268,0.0401471219931,0.0490691583995,0.0615490406451,0.0406665161271,0.00342624810445,0.0862997526349,0.101091862758,0.0659887012853,0.112797566278,0.00385509386159,0.00364017760951,0.00113792054641,0.0698053184508
0.0472759408847,0.0584958577124,0.0363515118796,0.0406707414709,0.0399449269426,0.0437597442702,0.0564620450083,0.0344706437929,0.00334014875631,0.0402058094168,0.0490992362986,0.0616755951155,0.0406827433276,0.00341144333265,0.0865350850129,0.101375711784,0.0660967854568,0.113233318296,0.00384595990432,0.00362893964943,0.00110009955267,0.0683377121344
0.0473382398101,0.0585580939236,0.0363682724834,0.0406837857402,0.039942329701,0.0437841023234,0.0565306993826,0.0344665150044,0.00332690649135,0.0402626920825,0.0491262964729,0.0617979397833,0.0406969271894,0.00339771471757,0.0867635954451,0.101650847984,0.0662002811313,0.113659675238,0.00383797010316,0.00361882450003,0.00106365194405,0.066924638549
0.0473980048763,0.0586164983515,0.0363835854519,0.0406948775845,0.0399378033118,0.0438062157882,0.0565957258971,0.0344610471483,0.0033147233992,0.0403178451705,0.0491504687992,0.0619162436945,0.0407091576065,0.00338501831401,0.0869855614618,0.101917624171,0.0662993858473,0.114077015062,0.0038310821616,0.00360978894642,0.00102852137346,0.0655638055836
0.0474553397793,0.0586712328203,0.036397514738,0.0407041025072,0.0399314338413,0.0438261814968,0.0566572739031,0.0344543010726,0.00330355799326,0.040371339984,0.0491718765006,0.0620306676986,0.0407195197335,0.00337331259514,0.0872012475432,0.102176376748,0.0663942873926,0.114485698769,0.00382525615655,0.00360179217928,0.000994654132634,0.0642530324149
0.047510342999,0.0587224511222,0.0364101208778,0.0407115415309,0.039923302789,0.0438440912727,0.0567154853705,0.0344463343045,0.00329337109096,0.0404232441726,0.049190636524,0.0621413648847,0.0407280942635,0.0033625583062,0.0874109057922,0.102427426541,0.0664851643397,0.114886071234,0.00382045439611,0.00359479565003,0.000961999016256,0.0629902435221
0.0475631080906,0.0587702994593,0.0364214611956,0.0407172714603,0.0399134873585,0.0438600322202,0.0567704952927,0.0344372012535,0.00328412567508,0.040473621941,0.0492068598963,0.0622484809933,0.04073495769,0.00335271832747,0.0876147765726,0.102671079593,0.0665721865499,0.11527846199,0.00381664128642,0.00358876293505,0.000930507192882,0.0617734630263
0.0476137239592,0.0588149168606,0.0364315899952,0.0407213651278,0.0399020607115,0.0438740869963,0.0568224320672,0.034426953401,0.00327578676388,0.0405225342456,0.0492206520584,0.0623521548062,0.0407401825516,0.00334375754592,0.0878130891157,0.102907627921,0.0666555156506,0.115663185983,0.00381378320688,0.00358365960853,0.000900132082625,0.0606008093408
0.0476622751188,0.0588564355743,0.036440558739,0.0407238916249,0.0398890922046,0.0438863340661,0.0568714178559,0.0344156394778,0.00326832128953,0.0405700389792,0.0492321131798,0.0624525185153,0.0407438376617,0.00333564273495,0.0880060620946,0.103137350231,0.0667353054839,0.116040544292,0.00381184839332,0.00357945312348,0.000870829241229,0.0594704901188
0.0477088419348,0.0588949814388,0.0364484162158,0.0407249165185,0.0398746476131,0.0438968479422,0.0569175689231,0.0344033056302,0.00326169798422,0.0406161911436,0.049241338455,0.0625496980702,0.0407459883237,0.00332834244195,0.0881939041681,0.103360512598,0.066811702531,0.116410824805,0.0038108068287,0.00357611270024,0.00084255625031,0.0583807974832
0.0477535008533,0.0589306742311,0.0364552086973,0.0407245020536,0.0398587893386,0.0439056994098,0.0569609959559,0.0343899955743,0.00325588727369,0.040661043013,0.0492484183808,0.0626438135074,0.0407466965337,0.00332182688296,0.0883768144965,0.10357736911,0.0668848463111,0.116774302876,0.00381063014072,0.00357360922219,0.000815272613476,0.0573301035255
0.0477963246154,0.0589636279954,0.0364609800858,0.0407227073439,0.039841576605,0.0439129557376,0.0570018043643,0.0343757507415,0.00325086117754,0.0407046442855,0.0492534390179,0.0627349792602,0.040746021169,0.00331606784411,0.0885549832288,0.103788162477,0.0669548697577,0.117131241931,0.00381129150609,0.00357191513818,0.000788939658038,0.0563168560598
0.04783738246,0.0589939513525,0.0364657720506,0.0407195885498,0.0398230656416,0.0439186808755,0.0570400945648,0.0343606104128,0.00324659321592,0.0407470422272,0.0492564822369,0.0628233044521,0.0407440181658,0.00331103858944,0.0887285919637,0.103993124614,0.0670218995733,0.117481894063,0.0038127655609,0.00357100437117,0.000763520442071,0.0553395746174
0.0478767403138,0.0590217477915,0.0364696241573,0.0407151990458,0.0398033098541,0.043922935641,0.0570759622478,0.0343446118464,0.00324305832229,0.040788281806,0.0492576259481,0.0629088931727,0.040740740686,0.00330671377455,0.0888978141859,0.104192477178,0.0670860565627,0.11782650058,0.00381502831674,0.00357085223276,0.000738979666522,0.0543968466705
0.0479144609699,0.0590471159434,0.0364725739878,0.040709589577,0.0397823599857,0.0439257778926,0.0571094986283,0.0343277903949,0.00324023276176,0.0408284058178,0.0492569443192,0.0629918447386,0.0407362392726,0.00330306936589,0.0890628156782,0.104386432096,0.067147455948,0.118165292533,0.0038180570823,0.00357143534323,0.000715283592136,0.0534873240713
0.0479506042561,0.0590701498401,0.0364746572535,0.0407028084065,0.0397602642676,0.0439272626944,0.057140790683,0.0343101796166,0.00323809405463,0.0408674550051,0.0492545079787,0.0630722539393,0.0407305619967,0.00330008256511,0.0892237549111,0.104575192046,0.0672062076641,0.11849849122,0.00382183038983,0.00357273155668,0.000692399960924,0.0526097196939
0.0479852271931,0.0590909391571,0.0364759079002,0.040694901453,0.0397370685602,0.0439274424687,0.0571699213734,0.0342918113785,0.00323662090491,0.0409054681681,0.0492503842075,0.0631502112695,0.0407237545941,0.00329773173835,0.0893807834112,0.104758950926,0.067262416638,0.11882630865,0.0038263279265,0.00357471989096,0.000670297921941,0.0517628042693
0.0480183841428,0.0591095694424,0.0364763582076,0.04068591242,0.0397128164852,0.043926367141,0.0571969698555,0.0342727159534,0.00323579313334,0.0409424822692,0.0492446371191,0.0632258031477,0.0407158605943,0.00329599634998,0.0895340461088,0.104937894285,0.0673161830512,0.119148948,0.00383153046999,0.00357738046211,0.000648947961135,0.0509454034001
0.0480501269488,0.0591261223327,0.0364760388819,0.0406758829176,0.03968754955,0.0439240842749,0.0572220116777,0.03425292211,0.00323559161473,0.0409785325309,0.0492373278286,0.0632991121227,0.0407069214414,0.00329485690056,0.0896836816671,0.105112199744,0.067367602587,0.119466604037,0.00383741982826,0.00358069442292,0.000628321835045,0.0501563947462
0.0480805050676,0.0591406757559,0.0364749791422,0.0406648525761,0.0396613072636,0.0439206391995,0.0572451189674,0.0342324571983,0.00323599821925,0.0410136525283,0.049228514612,0.0633702170688,0.0406969766074,0.00329429486875,0.0898298227926,0.105282037384,0.0674167666641,0.119779463517,0.00384397878319,0.00358464390543,0.000608392508135,0.0493947053702
0.0481095656927,0.0591533041228,0.0364732068025,0.0406528591528,0.0396341272464,0.0439160751287,0.0572663606063,0.0342113472286,0.0032369957575,0.0410478742755,0.0492182530563,0.0634391933694,0.0406860636987,0.00329429265686,0.089972596529,0.105447570115,0.0674637626553,0.120087705574,0.00385119103766,0.00358921196708,0.000589134093547,0.048659309234
0.0481373538713,0.0591640785071,0.0364707483481,0.0406399386329,0.0396060453323,0.0439104332736,0.0572858023959,0.0341896169458,0.00323856792896,0.0410812283071,0.0492065961996,0.0635061130908,0.0406742185559,0.0032948335399,0.0901121245347,0.105608954027,0.0675086740954,0.120391502074,0.00385904116611,0.00359438254022,0.000570521797103,0.0479492248365
0.0481639126137,0.0591730668156,0.0364676290066,0.0406261253234,0.039577095665,0.043903752948,0.0573035072138,0.0341672898996,0.00324069927377,0.0411137437548,0.0491935946644,0.0635710451458,0.040661475348,0.0032959016177,0.0902485233453,0.105766338723,0.0675515808753,0.120691017963,0.00386751456815,0.00360014038482,0.000552531864341,0.0472635129859
0.0481892829975,0.0591803339481,0.036463872816,0.0406114519422,0.0395473107883,0.0438960716676,0.0573195351604,0.0341443885095,0.00324337512746,0.0411454484196,0.0491792967819,0.0636340554484,0.0406478666605,0.00329748177015,0.0903819046214,0.105919867629,0.067592559427,0.12098641159,0.00387659742503,0.0036064710441,0.00053514153044,0.0466012746957
0.0482135042642,0.0591859419484,0.0364595026876,0.0405959497008,0.0395167217313,0.0438874252436,0.057333943698,0.0341209341261,0.00324658157862,0.0411763688395,0.0491637487096,0.0636952070602,0.0406334235783,0.00329955961509,0.0905123753831,0.106069678293,0.067631682896,0.121277835012,0.00388627665894,0.00361336080298,0.000518328972848,0.0459616491999
0.0482366139116,0.0591899501471,0.036454540465,0.0405796483834,0.0394853580877,0.0438778478702,0.0573467877813,0.0340969470889,0.00325030542901,0.0412065303532,0.0491469945422,0.063754560328,0.0406181757638,0.00330212146891,0.0906400382321,0.106215902665,0.0676690213055,0.121565434289,0.00389653989475,0.00362079664908,0.000502073266462,0.0453438120782
0.0482586477805,0.0591924152954,0.0364490069804,0.0405625764199,0.039453248091,0.0438673722073,0.0573581199813,0.0340724467801,0.00325453415635,0.0412359571607,0.0491290764155,0.0638121730145,0.0406021515305,0.00330515430953,0.0907649915616,0.106358667358,0.0677046417107,0.12184934976,0.00390737542414,0.00362876623611,0.000486354341222,0.0447469734857
0.0482796401356,0.0591933916924,0.0364429221066,0.0405447609561,0.0394204186852,0.0438560294589,0.0573679906014,0.0340474516753,0.00325925587923,0.0412646723792,0.0491100346047,0.0638681004213,0.0405853779117,0.00330864574161,0.0908873297544,0.106498093907,0.0677386083443,0.122129716302,0.00391877217196,0.00363725784951,0.000471152941966,0.04417037648
0.0482996237434,0.0591929313043,0.0364363048065,0.0405262279181,0.0393868955912,0.0438438494456,0.0573764477878,0.0340219793912,0.00326445932428,0.0412926980973,0.0490899076173,0.0639223955056,0.0405678807258,0.00331258396392,0.0910071433712,0.106634298999,0.0677709827544,0.122406663584,0.00393071966463,0.00364626037422,0.000456450590422,0.0436132954406
0.0483186299445,0.059191083878,0.0364291731793,0.0405070020745,0.0393527033688,0.0438308606744,0.0573835376335,0.0339960467304,0.00327013379525,0.0413200554247,0.0490687322804,0.0639751089902,0.0405496846373,0.00331695773868,0.0911245193281,0.106767394704,0.0678018239338,0.122680316296,0.00394320800051,0.0036557632644,0.000442229549216,0.0430750345748
0.0483366887221,0.0591878970474,0.0364215445046,0.040487107094,0.0393178654759,0.0438170904035,0.0573893042761,0.0339696697234,0.00327626914406,0.0413467645398,0.0490465438229,0.0640262894677,0.0405308132149,0.0033217563627,0.0912395410654,0.106897488685,0.0678311884437,0.122950794378,0.00395622782198,0.00366575651494,0.000428472787775,0.0425549265046
0.0483538287669,0.0591834164344,0.0364134352828,0.0404665656002,0.0392824043241,0.0438025647038,0.0573937899911,0.0339428636682,0.00328285574351,0.0413728447348,0.0490233759533,0.0640759834993,0.0405112889853,0.00332696964032,0.0913522887072,0.107024684401,0.0678591305287,0.12321821323,0.00396977028934,0.00367623063476,0.000415163950012,0.0420523309302
0.0483700775387,0.0591776857445,0.0364048612744,0.0404453992229,0.0392463413302,0.0437873085169,0.0573970352795,0.0339156431679,0.00328988446169,0.0413983144576,0.0489992609336,0.0641242357081,0.040491133485,0.00333258785788,0.0914628392118,0.107149081301,0.0678857022271,0.123482683914,0.00398382705617,0.00368717662163,0.000402287323707,0.0415666333656
0.0483854613236,0.0591707468566,0.0363958375362,0.0404236286468,0.0392096969663,0.0437713457097,0.0573990789505,0.033888022165,0.00329734663786,0.0414231913517,0.0489742296482,0.0641710888672,0.0404703673084,0.00333860175973,0.091571266516,0.107270775,0.0679109534744,0.123744313345,0.00399839024622,0.00369858593852,0.000389827811465,0.041097243941
