0.0 0.0,0.0 1.0,0.0 2.0,0.0 3.0,0.0 4.0,1.0 0.0,1.0 1.0,1.0 2.0,1.0 3.0,1.0 4.0,2.0 0.0,2.0 1.0,2.0 2.0,2.0 3.0,2.0 4.0,3.0 0.0,3.0 1.0,3.0 2.0,3.0 3.0,3.0 4.0,4.0 0.0,4.0 1.0,4.0 2.0,4.0 3.0,4.0 4.0,other
0.04,0.04,0.04,0.04,0.04,0.04,0.04,0.04,0.04,0.04,0.04,0.04,0.04,0.04,0.04,0.04,0.04,0.04,0.04,0.04,0.04,0.04,0.04,0.04,0.04,0.0
0.0386217948718,0.0386217948718,0.0386217948718,0.0386217948718,0.0386217949194,0.0386217948718,0.0386217948718,0.0386217948718,0.0386217948718,0.0386217948718,0.0386217948718,0.0386217948718,0.0386217948718,0.0386217948718,0.0386217948718,0.0386217948718,0.0386217948718,0.0386217948718,0.0386217948718,0.0386217948718,0.0386217948729,0.0386218201557,0.038621794873,0.0386218221249,0.07307687049,0.0
0.03627539135,0.03627539135,0.03627539135,0.03627539135,0.0362753918526,0.03627539135,0.03627539135,0.03627539135,0.03627539135,0.03627539135,0.03627539135,0.03627539135,0.03627539135,0.03627539135,0.03627539135,0.03627539135,0.03627539135,0.03627539135,0.03627539135,0.03627539135,0.0362753913535,0.0362754534049,0.0362753913516,0.0362754242333,0.129390512155,0.0
0.0325968098658,0.0325968098659,0.0325968098658,0.0325968098658,0.0325968319435,0.0325968098658,0.0325968098658,0.0325968098658,0.0325968098658,0.0325968098658,0.0325968098658,0.0325968098658,0.0325968098658,0.0325968098658,0.0325968098658,0.0325968098658,0.0325968098658,0.0325968098658,0.0325968098658,0.0325968098658,0.032596809878,0.0325969434782,0.0325968098673,0.0325968398107,0.217676377572,0.0
0.0275159095043,0.0275159095952,0.0275159095043,0.0275159095043,0.0275250008205,0.0275159095043,0.0275159095043,0.0275159095043,0.0275159095043,0.0275159095043,0.0275159095043,0.0275159095043,0.0275159095043,0.0275159095043,0.0275159095043,0.0275159095043,0.0275159095043,0.0275159095043,0.0275159095043,0.0275159095043,0.0275159095837,0.0275162594942,0.0275159095055,0.0275159341238,0.3396087058,0.0
0.0248273735236,0.0248282549115,0.0248273726157,0.0248273726158,0.0394794522498,0.0248273726157,0.0248273726157,0.0248273726157,0.0248273726157,0.0248273726157,0.0248273726157,0.0248273726157,0.0248273726157,0.0248273726157,0.0248273726157,0.0248273726157,0.0248273726157,0.0248273726157,0.0248273726157,0.0248273726157,0.0248273731307,0.024828114457,0.0248273726168,0.0248273944004,0.389489330244,0.0
0.0240082055186,0.0240113628731,0.0240081999795,0.0240081999797,0.0718649448722,0.0240081999795,0.0240081999795,0.0240081999795,0.0240081999795,0.0240081999795,0.0240081999795,0.0240081999795,0.0240081999795,0.0240081999795,0.0240081999795,0.0240081999795,0.0240081999795,0.0240081999795,0.0240081999795,0.0240081999795,0.0240082004983,0.0240089244316,0.0240081999805,0.0240082209005,0.375942541274,0.0
0.0226711405403,0.0226753797205,0.0226711321646,0.0226711321649,0.127261798117,0.0226711321646,0.0226711321646,0.0226711321646,0.0226711321646,0.0226711321646,0.0226711321646,0.0226711321646,0.0226711321646,0.0226711321646,0.0226711321646,0.0226711321646,0.0226711321646,0.0226711321646,0.0226711321646,0.0226711321646,0.0226711326526,0.0226718094844,0.0226711321656,0.0226711516758,0.351297208845,0.0
0.0205816844963,0.0205859128343,0.0205816754444,0.0205816754452,0.214478295337,0.0205816754444,0.0205816754444,0.0205816754444,0.0205816754444,0.0205816754444,0.0205816754444,0.0205816754444,0.0205816754444,0.0205816754444,0.0205816754444,0.0205816754444,0.0205816754444,0.0205816754444,0.0205816754444,0.0205816754444,0.0205816758776,0.0205822763473,0.0205816754453,0.0205816927525,0.312138304354,0.0
0.0176827827035,0.0176863576044,0.0176827747036,0.0176827747107,0.335540849083,0.0176827747036,0.0176827747036,0.0176827747036,0.0176827747036,0.0176827747036,0.0176827747036,0.0176827747036,0.0176827747036,0.0176827747036,0.0176827747036,0.0176827747036,0.0176827747036,0.0176827747036,0.0176827747036,0.0176827747036,0.0176827750603,0.017683269487,0.0176827747043,0.0176827889551,0.257751232435,0.0
0.0142870003208,0.0142896868887,0.0142869942136,0.0142869944112,0.477355279752,0.0142869942113,0.0142869942113,0.0142869942113,0.0142869942113,0.0142869942113,0.0142869942113,0.0142869942113,0.0142869942113,0.0142869942113,0.0142869942113,0.0142869942113,0.0142869942113,0.0142869942113,0.0142869942113,0.0142869942113,0.0142869944783,0.0142873646855,0.0142869942118,0.0142870048822,0.194040772987,0.0
0.0110169740617,0.0110187932403,0.0110169701958,0.0110169802729,0.613917894698,0.0110169699066,0.0110169699066,0.0110169699066,0.0110169699066,0.0110169699066,0.0110169699066,0.0110169699066,0.0110169699066,0.0110169699066,0.0110169699066,0.0110169699066,0.0110169699066,0.0110169699066,0.0110169699066,0.0110169699066,0.0110169700874,0.0110172206753,0.011016969907,0.0110169771296,0.132689701133,0.0
0.00841130945459,0.00841243671724,0.00841133530524,0.00841175707406,0.72273502371,0.00841130687667,0.00841130687667,0.00841130687667,0.00841130687667,0.00841130687667,0.00841130687667,0.00841130687667,0.00841130687667,0.00841130687667,0.00841130687667,0.00841130687667,0.00841130687667,0.00841130687667,0.00841130687667,0.00841130687667,0.00841130698868,0.00841146225998,0.0084113068769,0.00841131135224,0.0838031471112,0.0
0.00663277603202,0.00663343096955,0.00663382148477,0.00664147504081,0.797000752701,0.00663277453351,0.00663277453351,0.00663277453351,0.00663277453351,0.00663277453351,0.00663277453351,0.00663277453351,0.00663277453351,0.00663277453351,0.00663277453351,0.00663277453351,0.00663277453351,0.00663277453351,0.00663277453351,0.00663277453351,0.00663277459859,0.00663286481019,0.00663277453364,0.00663277713379,0.050434934693,0.0
0.00555189521749,0.00555226310095,0.00556377489633,0.00561613317761,0.842074055525,0.00555189437551,0.00555189437551,0.00555189437551,0.00555189437551,0.00555189437551,0.00555189437551,0.00555189437551,0.00555189437551,0.00555189437551,0.00555189437551,0.00555189437551,0.00555189437551,0.00555189437551,0.00555189437551,0.00555189437551,0.00555189441207,0.00555194508447,0.00555189437558,0.0055518958361,0.0301558327417,0.0
0.00494747063523,0.00494767799841,0.00499976237817,0.00516808737567,0.867119205734,0.00494747016051,0.00494747016051,0.00494747016051,0.00494747016051,0.00494747016051,0.00494747016051,0.00494747016051,0.00494747016051,0.00494747016051,0.00494747016051,0.00494747016051,0.00494747016051,0.00494747016051,0.00494747016051,0.00494747016051,0.00494747018112,0.00494749874334,0.00494747016056,0.0049474709838,0.0188158334022,0.0
0.00461900521029,0.00461912534097,0.00474476960454,0.00508676341841,0.880515943849,0.00461900493519,0.00461900493519,0.00461900493519,0.00461900493519,0.00461900493519,0.00461900493519,0.00461900493519,0.00461900493519,0.00461900493519,0.00461900493519,0.00461900493519,0.00461900493519,0.00461900493519,0.00461900493519,0.00461900493519,0.00461900494713,0.00461902149391,0.00461900493522,0.00461900541214,0.0126532817609,0.0
0.00443627522316,0.00443634682511,0.00465182376498,0.00519335128089,0.887767999978,0.00443627505914,0.00443627505914,0.00443627505914,0.00443627505914,0.00443627505914,0.00443627505914,0.00443627505914,0.00443627505914,0.00443627505914,0.00443627505914,0.00443627505914,0.00443627505914,0.00443627505914,0.00443627505914,0.00443627505914,0.00443627506625,0.00443628492868,0.00443627505915,0.00443627534341,0.00922496664319,0.0
0.00433075881694,0.00433080239622,0.00463637613873,0.00538187928933,0.891790456244,0.00433075871706,0.00433075871706,0.00433075871706,0.00433075871706,0.00433075871706,0.00433075871706,0.00433075871706,0.00433075871706,0.00433075871706,0.00433075871706,0.00433075871706,0.00433075871706,0.00433075871706,0.00433075871706,0.00433075871706,0.00433075872139,0.00433076472396,0.00433075871706,0.00433075889008,0.00724530530632,0.0
0.00426793055922,0.00426795745279,0.00465500035483,0.00559681936387,0.89405506515,0.00426793049754,0.00426793049754,0.00426793049754,0.00426793049754,0.00426793049754,0.00426793049754,0.00426793049754,0.00426793049754,0.00426793049754,0.00426793049754,0.00426793049754,0.00426793049754,0.00426793049754,0.00426793049754,0.00426793049754,0.00426793050021,0.00426793420449,0.00426793049754,0.00426793060431,0.00606654385006,0.0
0.00422971523852,0.00422973198299,0.00468603958693,0.0058096048241,0.895330755614,0.00422971520007,0.00422971520007,0.00422971520007,0.00422971520007,0.00422971520007,0.00422971520007,0.00422971520007,0.00422971520007,0.00422971520007,0.00422971520007,0.00422971520007,0.00422971520007,0.00422971520007,0.00422971520007,0.00422971520007,0.00422971520173,0.00422971750809,0.00422971520007,0.00422971526655,0.00534956157627,0.0
0.00420614366597,0.00420615415036,0.00471898047107,0.00600600055877,0.896038670367,0.00420614364185,0.00420614364185,0.00420614364185,0.00420614364185,0.00420614364185,0.00420614364185,0.00420614364185,0.00420614364185,0.00420614364185,0.00420614364185,0.00420614364185,0.00420614364185,0.00420614364185,0.00420614364185,0.00420614364185,0.00420614364289,0.00420614508698,0.00420614364185,0.00420614368347,0.00490732010404,0.0
0.00419147320492,0.00419147979318,0.00474907381366,0.00617973600283,0.896418167521,0.00419147318972,0.00419147318972,0.00419147318972,0.00419147318972,0.00419147318972,0.00419147318972,0.00419147318972,0.00419147318972,0.00419147318972,0.00419147318972,0.00419147318972,0.00419147318972,0.00419147318972,0.00419147318972,0.00419147318972,0.00419147319038,0.00419147409781,0.00419147318972,0.00419147321588,0.0046320781245,0.0
0.00418229003041,0.00418229417983,0.00477455233831,0.00632906950115,0.8966084963,0.0041822900208,0.0041822900208,0.0041822900208,0.0041822900208,0.0041822900208,0.0041822900208,0.0041822900208,0.0041822900208,0.0041822900208,0.0041822900208,0.0041822900208,0.0041822900208,0.0041822900208,0.0041822900208,0.0041822900208,0.00418229002121,0.00418229059272,0.0041822900208,0.00418229003727,0.00445978666605,0.0
0.0041765206203,0.00417652323749,0.00479514512218,0.00645478587975,0.896691590056,0.0041765206142,0.0041765206142,0.0041765206142,0.0041765206142,0.0041765206142,0.0041765206142,0.0041765206142,0.0041765206142,0.0041765206142,0.0041765206142,0.0041765206142,0.0041765206142,0.0041765206142,0.0041765206142,0.0041765206142,0.00417652061446,0.00417652097492,0.0041765206142,0.00417652062459,0.00435154304274,0.0
0.00417288747331,0.00417288912562,0.00481127343591,0.00655897660956,0.896715731973,0.00417288746942,0.00417288746942,0.00417288746942,0.00417288746942,0.00417288746942,0.00417288746942,0.00417288746942,0.00417288746942,0.00417288746942,0.00417288746942,0.00417288746942,0.00417288746942,0.00417288746942,0.00417288746942,0.00417288746942,0.00417288746958,0.00417288769714,0.00417288746942,0.00417288747598,0.00428337922938,0.0
0.0041705961799,0.0041705972237,0.00482362059183,0.00664429221539,0.896709175474,0.0041705961774,0.0041705961774,0.0041705961774,0.0041705961774,0.0041705961774,0.0041705961774,0.0041705961774,0.0041705961774,0.0041705961774,0.0041705961774,0.0041705961774,0.0041705961774,0.0041705961774,0.0041705961774,0.0041705961774,0.00417059617751,0.00417059632125,0.0041705961774,0.00417059618155,0.00424039079626,0.0
0.00416914977032,0.00416915042998,0.00483291142746,0.00671349627292,0.896688192627,0.00416914976869,0.00416914976869,0.00416914976869,0.00416914976869,0.00416914976869,0.00416914976869,0.00416914976869,0.00416914976869,0.00416914976869,0.00416914976869,0.00416914976869,0.00416914976869,0.00416914976869,0.00416914976869,0.00416914976869,0.00416914976876,0.00416914985959,0.00416914976869,0.00416914977131,0.0042132537733,0.0
0.00416823614905,0.00416823656607,0.00483980896436,0.00676921491561,0.896661903799,0.00416823614798,0.00416823614798,0.00416823614798,0.00416823614798,0.00416823614798,0.00416823614798,0.00416823614798,0.00416823614798,0.00416823614798,0.00416823614798,0.00416823614798,0.00416823614798,0.00416823614798,0.00416823614798,0.00416823614798,0.00416823614802,0.00416823620544,0.00416823614798,0.00416823614964,0.00419611273557,0.0
0.0041676588368,0.0041676591005,0.00484487492121,0.00681381134127,0.896635196469,0.00416765883608,0.00416765883608,0.00416765883608,0.00416765883608,0.00416765883608,0.00416765883608,0.00416765883608,0.00416765883608,0.00416765883608,0.00416765883608,0.00416765883608,0.00416765883608,0.00416765883608,0.00416765883608,0.00416765883608,0.00416765883611,0.0041676588724,0.00416765883608,0.00416765883713,0.0041852814082,0.0
0.0041672939446,0.00416729411139,0.00484856327827,0.00684933759249,0.896610490681,0.00416729394411,0.00416729394411,0.00416729394411,0.00416729394411,0.00416729394411,0.00416729394411,0.00416729394411,0.00416729394411,0.00416729394411,0.00416729394411,0.00416729394411,0.00416729394411,0.00416729394411,0.00416729394411,0.00416729394411,0.00416729394412,0.00416729396707,0.00416729394411,0.00416729394477,0.00417843543035,0.0
0.00416706327574,0.00416706338127,0.00485122939838,0.00687753166429,0.89658880233,0.00416706327538,0.00416706327538,0.00416706327538,0.00416706327538,0.00416706327538,0.00416706327538,0.00416706327538,0.00416706327538,0.00416706327538,0.00416706327538,0.00416706327538,0.00416706327538,0.00416706327538,0.00416706327538,0.00416706327538,0.00416706327539,0.0041670632899,0.00416706327538,0.0041670632758,0.00417410770308,0.0
0.00416691744161,0.00416691750841,0.00485314510365,0.00689983911199,0.896570377824,0.00416691744134,0.00416691744134,0.00416691744134,0.00416691744134,0.00416691744134,0.00416691744134,0.00416691744134,0.00416691744134,0.00416691744134,0.00416691744134,0.00416691744134,0.00416691744134,0.00416691744134,0.00416691744134,0.00416691744134,0.00416691744135,0.00416691745052,0.00416691744134,0.00416691744161,0.00417137161494,0.0
0.00416682523559,0.00416682527791,0.00485451472989,0.00691744606263,0.896555067537,0.00416682523539,0.00416682523539,0.00416682523539,0.00416682523539,0.00416682523539,0.00416682523539,0.00416682523539,0.00416682523539,0.00416682523539,0.00416682523539,0.00416682523539,0.00416682523539,0.00416682523539,0.00416682523539,0.00416682523539,0.00416682523539,0.00416682524119,0.00416682523539,0.00416682523555,0.00416964167847,0.0
0.0041667669342,0.00416676696104,0.00485548981873,0.00693131576526,0.896542540922,0.00416676693403,0.00416676693403,0.00416676693403,0.00416676693403,0.00416676693403,0.00416676693403,0.00416676693403,0.00416676693403,0.00416676693403,0.00416676693403,0.00416676693403,0.00416676693403,0.00416676693403,0.00416676693403,0.00416676693403,0.00416676693404,0.0041667669377,0.00416676693403,0.00416676693414,0.00416854784851,0.0
0.00416673006944,0.00416673008648,0.00485618155513,0.00694222424767,0.896532406518,0.00416673006929,0.00416673006929,0.00416673006929,0.00416673006929,0.00416673006929,0.00416673006929,0.00416673006929,0.00416673006929,0.00416673006929,0.00416673006929,0.00416673006929,0.00416673006929,0.00416673006929,0.00416673006929,0.00416673006929,0.00416673006929,0.00416673007161,0.00416673006929,0.00416673006935,0.00416785620484,0.0
0.00416670675888,0.00416670676973,0.00485667080645,0.00695079281999,0.896524275567,0.00416670675874,0.00416670675874,0.00416670675874,0.00416670675874,0.00416670675874,0.00416670675874,0.00416670675874,0.00416670675874,0.00416670675874,0.00416670675874,0.00416670675874,0.00416670675874,0.00416670675874,0.00416670675874,0.00416670675874,0.00416670675874,0.00416670676021,0.00416670675874,0.00416670675878,0.00416741886041,0.0
0.0041666920188,0.00416669202574,0.00485701596946,0.00695751648775,0.89651779283,0.00416669201868,0.00416669201868,0.00416669201868,0.00416669201868,0.00416669201868,0.00416669201868,0.00416669201868,0.00416669201868,0.00416669201868,0.00416669201868,0.00416669201868,0.00416669201868,0.00416669201868,0.00416669201868,0.00416669201868,0.00416669201868,0.00416669201961,0.00416669201868,0.0041666920187,0.00416714231238,0.0
0.00416668269806,0.00416668270252,0.0048572589639,0.00696278810092,0.896512648833,0.00416668269794,0.00416668269794,0.00416668269794,0.00416668269794,0.00416668269794,0.00416668269794,0.00416668269794,0.00416668269794,0.00416668269794,0.00416668269794,0.00416668269794,0.00416668269794,0.00416668269794,0.00416668269794,0.00416668269794,0.00416668269794,0.00416668269853,0.00416668269794,0.00416668269796,0.00416696743992,0.0
0.00416667680414,0.00416667680704,0.00485742973181,0.00696691847613,0.896508582044,0.00416667680403,0.00416667680403,0.00416667680403,0.00416667680403,0.00416667680403,0.00416667680403,0.00416667680403,0.00416667680403,0.00416667680403,0.00416667680403,0.00416667680403,0.00416667680403,0.00416667680403,0.00416667680403,0.00416667680403,0.00416667680403,0.0041666768044,0.00416667680403,0.00416667680404,0.00416685686033,0.0
0.00416667307714,0.00416667307905,0.00485754957017,0.0069701529223,0.896505375952,0.00416667307703,0.00416667307703,0.00416667307703,0.00416667307703,0.00416667307703,0.00416667307703,0.00416667307703,0.00416667307703,0.00416667307703,0.00416667307703,0.00416667307703,0.00416667307703,0.00416667307703,0.00416667307703,0.00416667307703,0.00416667307703,0.00416667307726,0.00416667307703,0.00416667307704,0.00416678693568,0.0
0.00416667072038,0.00416667072166,0.00485763357311,0.00697268466642,0.896502853914,0.00416667072027,0.00416667072027,0.00416667072027,0.00416667072027,0.00416667072027,0.00416667072027,0.00416667072027,0.00416667072027,0.00416667072027,0.00416667072027,0.00416667072027,0.00416667072027,0.00416667072027,0.00416667072027,0.00416667072027,0.00416667072027,0.00416667072041,0.00416667072027,0.00416667072027,0.00416674271891,0.0
0.00416666923008,0.00416666923096,0.00485769240625,0.00697466567103,0.896500873334,0.00416666922997,0.00416666922997,0.00416666922997,0.00416666922997,0.00416666922997,0.00416666922997,0.00416666922997,0.00416666922997,0.00416666922997,0.00416666922997,0.00416666922997,0.00416666922997,0.00416666922997,0.00416666922997,0.00416666922997,0.00416666922997,0.00416666923006,0.00416666922997,0.00416666922997,0.00416671475844,0.0
0.00416666828769,0.00416666828832,0.00485773358673,0.00697621529499,0.896499320001,0.00416666828758,0.00416666828758,0.00416666828758,0.00416666828758,0.00416666828758,0.00416666828758,0.00416666828758,0.00416666828758,0.00416666828758,0.00416666828758,0.00416666828758,0.00416666828758,0.00416666828758,0.00416666828758,0.00416666828758,0.00416666828758,0.00416666828764,0.00416666828758,0.00416666828758,0.00416669707761,0.0
0.00416666769176,0.00416666769224,0.0048577624012,0.00697742719293,0.896498102983,0.00416666769165,0.00416666769165,0.00416666769165,0.00416666769165,0.00416666769165,0.00416666769165,0.00416666769165,0.00416666769165,0.00416666769165,0.00416666769165,0.00416666769165,0.00416666769165,0.00416666769165,0.00416666769165,0.00416666769165,0.00416666769165,0.00416666769169,0.00416666769165,0.00416666769165,0.0041666858971,0.0
0.00416666731493,0.00416666731531,0.00485778256094,0.00697837479034,0.89649715021,0.00416666731482,0.00416666731482,0.00416666731482,0.00416666731482,0.00416666731482,0.00416666731482,0.00416666731482,0.00416666731482,0.00416666731482,0.00416666731482,0.00416666731482,0.00416666731482,0.00416666731482,0.00416666731482,0.00416666731482,0.00416666731482,0.00416666731484,0.00416666731482,0.00416666731482,0.00416667882709,0.0
0.00416666707664,0.00416666707695,0.00485779666735,0.00697911561478,0.896496404754,0.00416666707653,0.00416666707653,0.00416666707653,0.00416666707653,0.00416666707653,0.00416666707653,0.00416666707653,0.00416666707653,0.00416666707653,0.00416666707653,0.00416666707653,0.00416666707653,0.00416666707653,0.00416666707653,0.00416666707653,0.00416666707653,0.00416666707654,0.00416666707653,0.00416666707653,0.00416667435635,0.0
0.00416666692595,0.00416666692623,0.00485780654172,0.00697969471392,0.896495821772,0.00416666692584,0.00416666692584,0.00416666692584,0.00416666692584,0.00416666692584,0.00416666692584,0.00416666692584,0.00416666692584,0.00416666692584,0.00416666692584,0.00416666692584,0.00416666692584,0.00416666692584,0.00416666692584,0.00416666692584,0.00416666692584,0.00416666692585,0.00416666692584,0.00416666692584,0.00416667152926,0.0
0.00416666683067,0.00416666683091,0.00485781345787,0.00698014734764,0.896495366011,0.00416666683056,0.00416666683056,0.00416666683056,0.00416666683056,0.00416666683056,0.00416666683056,0.00416666683056,0.00416666683056,0.00416666683056,0.00416666683056,0.00416666683056,0.00416666683056,0.00416666683056,0.00416666683056,0.00416666683056,0.00416666683056,0.00416666683056,0.00416666683056,0.00416666683056,0.00416666974154,0.0
0.00416666677041,0.00416666677064,0.00485781830614,0.00698050110501,0.896495009801,0.0041666667703,0.0041666667703,0.0041666667703,0.0041666667703,0.0041666667703,0.0041666667703,0.0041666667703,0.0041666667703,0.0041666667703,0.0041666667703,0.0041666667703,0.0041666667703,0.0041666667703,0.0041666667703,0.0041666667703,0.0041666667703,0.00416666677031,0.0041666667703,0.0041666667703,0.00416666861108,0.0
0.00416666673231,0.00416666673253,0.00485782170851,0.00698077756697,0.896494731452,0.0041666667322,0.0041666667322,0.0041666667322,0.0041666667322,0.0041666667322,0.0041666667322,0.0041666667322,0.0041666667322,0.0041666667322,0.0041666667322,0.0041666667322,0.0041666667322,0.0041666667322,0.0041666667322,0.0041666667322,0.0041666667322,0.0041666667322,0.0041666667322,0.0041666667322,0.00416666789622,0.0
0.00416666670822,0.00416666670843,0.00485782409938,0.00698099361084,0.896494513975,0.00416666670811,0.00416666670811,0.00416666670811,0.00416666670811,0.00416666670811,0.00416666670811,0.00416666670811,0.00416666670811,0.00416666670811,0.00416666670811,0.00416666670811,0.00416666670811,0.00416666670811,0.00416666670811,0.00416666670811,0.00416666670811,0.00416666670811,0.00416666670811,0.00416666670811,0.00416666744418,0.0
0.00416666669298,0.00416666669319,0.00485782578211,0.00698116243306,0.896494344076,0.00416666669287,0.00416666669287,0.00416666669287,0.00416666669287,0.00416666669287,0.00416666669287,0.00416666669287,0.00416666669287,0.00416666669287,0.00416666669287,0.00416666669287,0.00416666669287,0.00416666669287,0.00416666669287,0.00416666669287,0.00416666669287,0.00416666669287,0.00416666669287,0.00416666669287,0.00416666715833,0.0
0.00416666668335,0.00416666668356,0.00485782696864,0.00698129435041,0.896494211355,0.00416666668324,0.00416666668324,0.00416666668324,0.00416666668324,0.00416666668324,0.00416666668324,0.00416666668324,0.00416666668324,0.00416666668324,0.00416666668324,0.00416666668324,0.00416666668324,0.00416666668324,0.00416666668324,0.00416666668324,0.00416666668324,0.00416666668324,0.00416666668324,0.00416666668324,0.00416666697757,0.0
0.00416666667726,0.00416666667746,0.00485782780702,0.0069813974274,0.896494107682,0.00416666667715,0.00416666667715,0.00416666667715,0.00416666667715,0.00416666667715,0.00416666667715,0.00416666667715,0.00416666667715,0.00416666667715,0.00416666667715,0.00416666667715,0.00416666667715,0.00416666667715,0.00416666667715,0.00416666667715,0.00416666667715,0.00416666667715,0.00416666667715,0.00416666667715,0.00416666686327,0.0
0.0041666666734,0.00416666667361,0.00485782840081,0.00698147796736,0.896494026701,0.00416666667329,0.00416666667329,0.00416666667329,0.00416666667329,0.00416666667329,0.00416666667329,0.00416666667329,0.00416666667329,0.00416666667329,0.00416666667329,0.00416666667329,0.00416666667329,0.00416666667329,0.00416666667329,0.00416666667329,0.00416666667329,0.00416666667329,0.00416666667329,0.00416666667329,0.00416666679099,0.0
0.00416666667097,0.00416666667117,0.00485782882245,0.00698154089664,0.896493963447,0.00416666667086,0.00416666667086,0.00416666667086,0.00416666667086,0.00416666667086,0.00416666667086,0.00416666667086,0.00416666667086,0.00416666667086,0.00416666667086,0.00416666667086,0.00416666667086,0.00416666667086,0.00416666667086,0.00416666667086,0.00416666667086,0.00416666667086,0.00416666667086,0.00416666667086,0.00416666674528,0.0
0.00416666666943,0.00416666666963,0.00485782912271,0.00698159006521,0.89649391404,0.00416666666932,0.00416666666932,0.00416666666932,0.00416666666932,0.00416666666932,0.00416666666932,0.00416666666932,0.00416666666932,0.00416666666932,0.00416666666932,0.00416666666932,0.00416666666932,0.00416666666932,0.00416666666932,0.00416666666932,0.00416666666932,0.00416666666932,0.00416666666932,0.00416666666932,0.00416666671638,0.0
0.00416666666845,0.00416666666866,0.00485782933719,0.00698162848163,0.896493875447,0.00416666666834,0.00416666666834,0.00416666666834,0.00416666666834,0.00416666666834,0.00416666666834,0.00416666666834,0.00416666666834,0.00416666666834,0.00416666666834,0.00416666666834,0.00416666666834,0.00416666666834,0.00416666666834,0.00416666666834,0.00416666666834,0.00416666666834,0.00416666666834,0.00416666666834,0.0041666666981,0.0
0.00416666666784,0.00416666666804,0.0048578294909,0.00698165849686,0.896493845303,0.00416666666773,0.00416666666773,0.00416666666773,0.00416666666773,0.00416666666773,0.00416666666773,0.00416666666773,0.00416666666773,0.00416666666773,0.00416666666773,0.00416666666773,0.00416666666773,0.00416666666773,0.00416666666773,0.00416666666773,0.00416666666773,0.00416666666773,0.00416666666773,0.00416666666773,0.00416666668655,0.0
0.00416666666745,0.00416666666765,0.00485782960144,0.00698168194795,0.896493821757,0.00416666666734,0.00416666666734,0.00416666666734,0.00416666666734,0.00416666666734,0.00416666666734,0.00416666666734,0.00416666666734,0.00416666666734,0.00416666666734,0.00416666666734,0.00416666666734,0.00416666666734,0.00416666666734,0.00416666666734,0.00416666666734,0.00416666666734,0.00416666666734,0.00416666666734,0.00416666667924,0.0
0.0041666666672,0.0041666666674,0.00485782968124,0.0069817002703,0.896493803365,0.00416666666709,0.00416666666709,0.00416666666709,0.00416666666709,0.00416666666709,0.00416666666709,0.00416666666709,0.00416666666709,0.00416666666709,0.00416666666709,0.00416666666709,0.00416666666709,0.00416666666709,0.00416666666709,0.00416666666709,0.00416666666709,0.00416666666709,0.00416666666709,0.00416666666709,0.00416666667462,0.0
0.00416666666705,0.00416666666725,0.00485782973906,0.00698171458549,0.896493788998,0.00416666666693,0.00416666666693,0.00416666666693,0.00416666666693,0.00416666666693,0.00416666666693,0.00416666666693,0.00416666666693,0.00416666666693,0.00416666666693,0.00416666666693,0.00416666666693,0.00416666666693,0.00416666666693,0.00416666666693,0.00416666666693,0.00416666666693,0.00416666666693,0.00416666666693,0.00416666667169,0.0
0.00416666666695,0.00416666666715,0.00485782978113,0.00698172576985,0.896493777775,0.00416666666684,0.00416666666684,0.00416666666684,0.00416666666684,0.00416666666684,0.00416666666684,0.00416666666684,0.00416666666684,0.00416666666684,0.00416666666684,0.00416666666684,0.00416666666684,0.00416666666684,0.00416666666684,0.00416666666684,0.00416666666684,0.00416666666684,0.00416666666684,0.00416666666684,0.00416666666985,0.0
0.00416666666688,0.00416666666709,0.00485782981185,0.00698173450808,0.896493769009,0.00416666666677,0.00416666666677,0.00416666666677,0.00416666666677,0.00416666666677,0.00416666666677,0.00416666666677,0.00416666666677,0.00416666666677,0.00416666666677,0.00416666666677,0.00416666666677,0.00416666666677,0.00416666666677,0.00416666666677,0.00416666666677,0.00416666666677,0.00416666666677,0.00416666666677,0.00416666666868,0.0
0.00416666666684,0.00416666666705,0.00485782983439,0.00698174133515,0.896493762161,0.00416666666673,0.00416666666673,0.00416666666673,0.00416666666673,0.00416666666673,0.00416666666673,0.00416666666673,0.00416666666673,0.00416666666673,0.00416666666673,0.00416666666673,0.00416666666673,0.00416666666673,0.00416666666673,0.00416666666673,0.00416666666673,0.00416666666673,0.00416666666673,0.00416666666673,0.00416666666794,0.0
0.00416666666682,0.00416666666702,0.00485782985099,0.00698174666904,0.896493756811,0.00416666666671,0.00416666666671,0.00416666666671,0.00416666666671,0.00416666666671,0.00416666666671,0.00416666666671,0.00416666666671,0.00416666666671,0.00416666666671,0.00416666666671,0.00416666666671,0.00416666666671,0.00416666666671,0.00416666666671,0.00416666666671,0.00416666666671,0.00416666666671,0.00416666666671,0.00416666666747,0.0
0.0041666666668,0.00416666666701,0.00485782986326,0.00698175083633,0.896493752632,0.00416666666669,0.00416666666669,0.00416666666669,0.00416666666669,0.00416666666669,0.00416666666669,0.00416666666669,0.00416666666669,0.00416666666669,0.00416666666669,0.00416666666669,0.00416666666669,0.00416666666669,0.00416666666669,0.00416666666669,0.00416666666669,0.00416666666669,0.00416666666669,0.00416666666669,0.00416666666717,0.0
0.00416666666679,0.004166666667,0.00485782987237,0.00698175409216,0.896493749368,0.00416666666668,0.00416666666668,0.00416666666668,0.00416666666668,0.00416666666668,0.00416666666668,0.00416666666668,0.00416666666668,0.00416666666668,0.00416666666668,0.00416666666668,0.00416666666668,0.00416666666668,0.00416666666668,0.00416666666668,0.00416666666668,0.00416666666668,0.00416666666668,0.00416666666668,0.00416666666699,0.0
0.00416666666679,0.00416666666699,0.00485782987916,0.00698175663589,0.896493746817,0.00416666666668,0.00416666666668,0.00416666666668,0.00416666666668,0.00416666666668,0.00416666666668,0.00416666666668,0.00416666666668,0.00416666666668,0.00416666666668,0.00416666666668,0.00416666666668,0.00416666666668,0.00416666666668,0.00416666666668,0.00416666666668,0.00416666666668,0.00416666666668,0.00416666666668,0.00416666666687,0.0
0.00416666666678,0.00416666666699,0.00485782988424,0.00698175862325,0.896493744825,0.00416666666667,0.00416666666667,0.00416666666667,0.00416666666667,0.00416666666667,0.00416666666667,0.00416666666667,0.00416666666667,0.00416666666667,0.00416666666667,0.00416666666667,0.00416666666667,0.00416666666667,0.00416666666667,0.00416666666667,0.00416666666667,0.00416666666667,0.00416666666667,0.00416666666667,0.0041666666668,0.0
0.00416666666678,0.00416666666698,0.00485782988805,0.00698176017594,0.896493743269,0.00416666666667,0.00416666666667,0.00416666666667,0.00416666666667,0.00416666666667,0.00416666666667,0.00416666666667,0.00416666666667,0.00416666666667,0.00416666666667,0.00416666666667,0.00416666666667,0.00416666666667,0.00416666666667,0.00416666666667,0.00416666666667,0.00416666666667,0.00416666666667,0.00416666666667,0.00416666666675,0.0
0.00416666666678,0.00416666666698,0.00485782989093,0.00698176138902,0.896493742053,0.00416666666667,0.00416666666667,0.00416666666667,0.00416666666667,0.00416666666667,0.00416666666667,0.00416666666667,0.00416666666667,0.00416666666667,0.00416666666667,0.00416666666667,0.00416666666667,0.00416666666667,0.00416666666667,0.00416666666667,0.00416666666667,0.00416666666667,0.00416666666667,0.00416666666667,0.00416666666672,0.0
0.00416666666678,0.00416666666698,0.0048578298931,0.00698176233678,0.896493741103,0.00416666666667,0.00416666666667,0.00416666666667,0.00416666666667,0.00416666666667,0.00416666666667,0.00416666666667,0.00416666666667,0.00416666666667,0.00416666666667,0.00416666666667,0.00416666666667,0.00416666666667,0.00416666666667,0.00416666666667,0.00416666666667,0.00416666666667,0.00416666666667,0.00416666666667,0.0041666666667,0.0
0.00416666666678,0.00416666666698,0.00485782989475,0.00698176307724,0.896493740361,0.00416666666667,0.00416666666667,0.00416666666667,0.00416666666667,0.00416666666667,0.00416666666667,0.00416666666667,0.00416666666667,0.00416666666667,0.00416666666667,0.00416666666667,0.00416666666667,0.00416666666667,0.00416666666667,0.00416666666667,0.00416666666667,0.00416666666667,0.00416666666667,0.00416666666667,0.00416666666669,0.0
0.00416666666678,0.00416666666698,0.004857829896,0.00698176365575,0.896493739781,0.00416666666667,0.00416666666667,0.00416666666667,0.00416666666667,0.00416666666667,0.00416666666667,0.00416666666667,0.00416666666667,0.00416666666667,0.00416666666667,0.00416666666667,0.00416666666667,0.00416666666667,0.00416666666667,0.00416666666667,0.00416666666667,0.00416666666667,0.00416666666667,0.00416666666667,0.00416666666668,0.0
0.00416666666678,0.00416666666698,0.00485782989696,0.00698176410772,0.896493739328,0.00416666666667,0.00416666666667,0.00416666666667,0.00416666666667,0.00416666666667,0.00416666666667,0.00416666666667,0.00416666666667,0.00416666666667,0.00416666666667,0.00416666666667,0.00416666666667,0.00416666666667,0.00416666666667,0.00416666666667,0.00416666666667,0.00416666666667,0.00416666666667,0.00416666666667,0.00416666666667,0.0
0.00416666666678,0.00416666666698,0.00485782989769,0.00698176446084,0.896493738974,0.00416666666667,0.00416666666667,0.00416666666667,0.00416666666667,0.00416666666667,0.00416666666667,0.00416666666667,0.00416666666667,0.00416666666667,0.00416666666667,0.00416666666667,0.00416666666667,0.00416666666667,0.00416666666667,0.00416666666667,0.00416666666667,0.00416666666667,0.00416666666667,0.00416666666667,0.00416666666667,0.0
0.00416666666678,0.00416666666698,0.00485782989825,0.00698176473673,0.896493738698,0.00416666666667,0.00416666666667,0.00416666666667,0.00416666666667,0.00416666666667,0.00416666666667,0.00416666666667,0.00416666666667,0.00416666666667,0.00416666666667,0.00416666666667,0.00416666666667,0.00416666666667,0.00416666666667,0.00416666666667,0.00416666666667,0.00416666666667,0.00416666666667,0.00416666666667,0.00416666666667,0.0
0.00416666666678,0.00416666666698,0.00485782989868,0.00698176495227,0.896493738482,0.00416666666667,0.00416666666667,0.00416666666667,0.00416666666667,0.00416666666667,0.00416666666667,0.00416666666667,0.00416666666667,0.00416666666667,0.00416666666667,0.00416666666667,0.00416666666667,0.00416666666667,0.00416666666667,0.00416666666667,0.00416666666667,0.00416666666667,0.00416666666667,0.00416666666667,0.00416666666667,0.0
0.00416666666678,0.00416666666698,0.00485782989901,0.00698176512067,0.896493738313,0.00416666666667,0.00416666666667,0.00416666666667,0.00416666666667,0.00416666666667,0.00416666666667,0.00416666666667,0.00416666666667,0.00416666666667,0.00416666666667,0.00416666666667,0.00416666666667,0.00416666666667,0.00416666666667,0.00416666666667,0.00416666666667,0.00416666666667,0.00416666666667,0.00416666666667,0.00416666666667,0.0
0.00416666666678,0.00416666666698,0.00485782989926,0.00698176525223,0.896493738181,0.00416666666667,0.00416666666667,0.00416666666667,0.00416666666667,0.00416666666667,0.00416666666667,0.00416666666667,0.00416666666667,0.00416666666667,0.00416666666667,0.00416666666667,0.00416666666667,0.00416666666667,0.00416666666667,0.00416666666667,0.00416666666667,0.00416666666667,0.00416666666667,0.00416666666667,0.00416666666667,0.0
0.00416666666678,0.00416666666698,0.00485782989946,0.00698176535502,0.896493738078,0.00416666666667,0.00416666666667,0.00416666666667,0.00416666666667,0.00416666666667,0.00416666666667,0.00416666666667,0.00416666666667,0.00416666666667,0.00416666666667,0.00416666666667,0.00416666666667,0.00416666666667,0.00416666666667,0.00416666666667,0.00416666666667,0.00416666666667,0.00416666666667,0.00416666666667,0.00416666666667,0.0
0.00416666666678,0.00416666666698,0.00485782989961,0.00698176543533,0.896493737998,0.00416666666667,0.00416666666667,0.00416666666667,0.00416666666667,0.00416666666667,0.00416666666667,0.00416666666667,0.00416666666667,0.00416666666667,0.00416666666667,0.00416666666667,0.00416666666667,0.00416666666667,0.00416666666667,0.00416666666667,0.00416666666667,0.00416666666667,0.00416666666667,0.00416666666667,0.00416666666667,0.0
0.00416666666678,0.00416666666698,0.00485782989973,0.00698176549807,0.896493737935,0.00416666666667,0.00416666666667,0.00416666666667,0.00416666666667,0.00416666666667,0.00416666666667,0.00416666666667,0.00416666666667,0.00416666666667,0.00416666666667,0.00416666666667,0.00416666666667,0.00416666666667,0.00416666666667,0.00416666666667,0.00416666666667,0.00416666666667,0.00416666666667,0.00416666666667,0.00416666666667,0.0
0.00416666666678,0.00416666666698,0.00485782989982,0.00698176554709,0.896493737886,0.00416666666667,0.00416666666667,0.00416666666667,0.00416666666667,0.00416666666667,0.00416666666667,0.00416666666667,0.00416666666667,0.00416666666667,0.00416666666667,0.00416666666667,0.00416666666667,0.00416666666667,0.00416666666667,0.00416666666667,0.00416666666667,0.00416666666667,0.00416666666667,0.00416666666667,0.00416666666667,0.0
0.00416666666678,0.00416666666698,0.00485782989989,0.00698176558539,0.896493737848,0.00416666666667,0.00416666666667,0.00416666666667,0.00416666666667,0.00416666666667,0.00416666666667,0.00416666666667,0.00416666666667,0.00416666666667,0.00416666666667,0.00416666666667,0.00416666666667,0.00416666666667,0.00416666666667,0.00416666666667,0.00416666666667,0.00416666666667,0.00416666666667,0.00416666666667,0.00416666666667,0.0
0.00416666666678,0.00416666666698,0.00485782989995,0.00698176561531,0.896493737818,0.00416666666667,0.00416666666667,0.00416666666667,0.00416666666667,0.00416666666667,0.00416666666667,0.00416666666667,0.00416666666667,0.00416666666667,0.00416666666667,0.00416666666667,0.00416666666667,0.00416666666667,0.00416666666667,0.00416666666667,0.00416666666667,0.00416666666667,0.00416666666667,0.00416666666667,0.00416666666667,0.0
0.00416666666678,0.00416666666698,0.00485782989999,0.00698176563868,0.896493737794,0.00416666666667,0.00416666666667,0.00416666666667,0.00416666666667,0.00416666666667,0.00416666666667,0.00416666666667,0.00416666666667,0.00416666666667,0.00416666666667,0.00416666666667,0.00416666666667,0.00416666666667,0.00416666666667,0.00416666666667,0.00416666666667,0.00416666666667,0.00416666666667,0.00416666666667,0.00416666666667,0.0
0.00416666666678,0.00416666666698,0.00485782990002,0.00698176565695,0.896493737776,0.00416666666667,0.00416666666667,0.00416666666667,0.00416666666667,0.00416666666667,0.00416666666667,0.00416666666667,0.00416666666667,0.00416666666667,0.00416666666667,0.00416666666667,0.00416666666667,0.00416666666667,0.00416666666667,0.00416666666667,0.00416666666667,0.00416666666667,0.00416666666667,0.00416666666667,0.00416666666667,0.0
0.00416666666678,0.00416666666698,0.00485782990005,0.00698176567122,0.896493737762,0.00416666666667,0.00416666666667,0.00416666666667,0.00416666666667,0.00416666666667,0.00416666666667,0.00416666666667,0.00416666666667,0.00416666666667,0.00416666666667,0.00416666666667,0.00416666666667,0.00416666666667,0.00416666666667,0.00416666666667,0.00416666666667,0.00416666666667,0.00416666666667,0.00416666666667,0.00416666666667,0.0
0.00416666666678,0.00416666666698,0.00485782990007,0.00698176568237,0.89649373775,0.00416666666667,0.00416666666667,0.00416666666667,0.00416666666667,0.00416666666667,0.00416666666667,0.00416666666667,0.00416666666667,0.00416666666667,0.00416666666667,0.00416666666667,0.00416666666667,0.00416666666667,0.00416666666667,0.00416666666667,0.00416666666667,0.00416666666667,0.00416666666667,0.00416666666667,0.00416666666667,0.0
0.00416666666678,0.00416666666698,0.00485782990008,0.00698176569107,0.896493737742,0.00416666666667,0.00416666666667,0.00416666666667,0.00416666666667,0.00416666666667,0.00416666666667,0.00416666666667,0.00416666666667,0.00416666666667,0.00416666666667,0.00416666666667,0.00416666666667,0.00416666666667,0.00416666666667,0.00416666666667,0.00416666666667,0.00416666666667,0.00416666666667,0.00416666666667,0.00416666666667,0.0
0.00416666666678,0.00416666666698,0.00485782990009,0.00698176569788,0.896493737735,0.00416666666667,0.00416666666667,0.00416666666667,0.00416666666667,0.00416666666667,0.00416666666667,0.00416666666667,0.00416666666667,0.00416666666667,0.00416666666667,0.00416666666667,0.00416666666667,0.00416666666667,0.00416666666667,0.00416666666667,0.00416666666667,0.00416666666667,0.00416666666667,0.00416666666667,0.00416666666667,0.0
