0.0 0.0,0.0 1.0,0.0 2.0,0.0 3.0,0.0 4.0,1.0 0.0,1.0 1.0,1.0 2.0,1.0 3.0,1.0 4.0,2.0 0.0,2.0 1.0,2.0 2.0,2.0 3.0,2.0 4.0,3.0 0.0,3.0 1.0,3.0 2.0,3.0 3.0,3.0 4.0,4.0 0.0,4.0 1.0,4.0 2.0,4.0 3.0,4.0 4.0,other
0.04,0.04,0.04,0.04,0.04,0.04,0.04,0.04,0.04,0.04,0.04,0.04,0.04,0.04,0.04,0.04,0.04,0.04,0.04,0.04,0.04,0.04,0.04,0.04,0.04,0.0
0.0386217948718,0.0386217948718,0.0386217948718,0.0386217948719,0.0386217949409,0.0386217948718,0.0386217948718,0.0386217948718,0.0386217948718,0.0386217948718,0.0386217948718,0.0386217948718,0.0386217948718,0.0386217948718,0.0386217948718,0.0386217948718,0.0386217948718,0.0386217948718,0.0386217948718,0.0386217948718,0.0386217948718,0.0386217948718,0.0386217948718,0.0386881807615,0.073010537118,0.0
0.0362778574301,0.0362778574301,0.0362778574301,0.0362778574305,0.0362778581941,0.0362778574301,0.0362778574301,0.0362778574301,0.0362778574301,0.0362778574301,0.0362778574301,0.0362778574301,0.0362778574301,0.0362778574301,0.0362778574301,0.0362778574301,0.0362778574301,0.0362778574301,0.0362778574301,0.0362778574301,0.0362778574301,0.0362778574301,0.0362778574301,0.0363549030198,0.129254375324,0.0
0.0326025152419,0.0326025152419,0.0326025152419,0.0326025152439,0.0326025518275,0.0326025152419,0.0326025152419,0.0326025152419,0.0326025152419,0.0326025152419,0.0326025152419,0.0326025152419,0.0326025152419,0.0326025152419,0.0326025152419,0.0326025152419,0.0326025152419,0.0326025152419,0.0326025152419,0.0326025152419,0.0326025152419,0.0326025152419,0.0326025152419,0.0326719690981,0.21747014375,0.0
0.0275257184687,0.0275257184687,0.0275257184687,0.0275257184872,0.0275429457936,0.0275257184687,0.0275257184687,0.0275257184687,0.0275257184687,0.0275257184687,0.0275257184687,0.0275257184687,0.0275257184687,0.0275257184687,0.0275257184709,0.0275257184687,0.0275257184687,0.0275257184687,0.0275257184687,0.0275257184687,0.0275257184687,0.0275257184687,0.0275257184687,0.0275827959975,0.339308451876,0.0
0.0257412509352,0.0257412509352,0.0257412509352,0.0257412510537,0.0445134701185,0.0257412509352,0.0257412509352,0.0257412509352,0.0257412509352,0.0257412509352,0.0257412509352,0.0257412509352,0.0257412509352,0.0257412509352,0.0257412855888,0.0257412509352,0.0257412509352,0.0257412509352,0.0257412509352,0.0257412509352,0.0257412509352,0.0257412509352,0.0257412509352,0.0257939681634,0.363385006372,0.0
0.0247606154755,0.0247606154755,0.0247606154755,0.0247606156391,0.0803729633171,0.0247606154755,0.0247606154755,0.0247606154755,0.0247606154755,0.0247606154755,0.0247606154755,0.0247606154755,0.0247606154755,0.0247606154755,0.024760751384,0.0247606154755,0.0247606154755,0.0247606154755,0.0247606154755,0.0247606154755,0.0247606154755,0.0247606154755,0.0247606154755,0.0248109365337,0.350082423615,0.0
0.0232199962806,0.0232199962806,0.0232199962806,0.0232199965507,0.141165976585,0.0232199962806,0.0232199962806,0.0232199962806,0.0232199962806,0.0232199962806,0.0232199962806,0.0232199962806,0.0232199962806,0.0232199962806,0.0232202837338,0.0232199962806,0.0232199962806,0.0232199962806,0.0232199962806,0.0232199962806,0.0232199962806,0.0232199962806,0.0232199962806,0.0232665528551,0.324727264664,0.0
0.0208627298166,0.0208627298166,0.0208627298166,0.0208627306197,0.23501608855,0.0208627298166,0.0208627298166,0.0208627298166,0.0208627298166,0.0208627298166,0.0208627298166,0.0208627298166,0.0208627298166,0.0208627298166,0.0208633047435,0.0208627298166,0.0208627298166,0.0208627298166,0.0208627298166,0.0208627298166,0.0208627298166,0.0208627298166,0.0208627298166,0.0209035264398,0.285099753314,0.0
0.0176857130721,0.0176857130721,0.0176857130721,0.0176857201216,0.361551433043,0.0176857130721,0.0176857130721,0.0176857130721,0.0176857130721,0.0176857130721,0.0176857130721,0.0176857130721,0.0176857130721,0.0176857130725,0.0176871032164,0.0176857130721,0.0176857130721,0.0176857130721,0.0176857130721,0.0176857130721,0.0176857130721,0.0176857130721,0.0176857130721,0.0177187466943,0.231642735483,0.0
0.0140966631168,0.0140966631168,0.0140966631168,0.0140968346784,0.504495360649,0.0140966631168,0.0140966631168,0.0140966631168,0.0140966631168,0.0140966631168,0.0140966631168,0.0140966631168,0.0140966631168,0.014096663171,0.0141014526848,0.0140966631168,0.0140966631168,0.0140966631168,0.0140966631168,0.0140966631168,0.0140966631168,0.0140966631168,0.0140966631168,0.01412092694,0.171252162657,0.0
0.0107731047024,0.0107731047024,0.0107731047024,0.0107796165719,0.63684603309,0.0107731047024,0.0107731047024,0.0107731047024,0.0107731047024,0.0107731047024,0.0107731047024,0.0107731047024,0.0107731047024,0.0107731183771,0.010794156236,0.0107731047024,0.0107731047024,0.0107731047024,0.0107731047024,0.0107731047024,0.0107731047024,0.0107731047024,0.0107731047024,0.0107892474518,0.115328838928,0.0
0.0082673450556,0.0082673450556,0.0082673450556,0.00844599396215,0.736410875781,0.0082673450556,0.0082673450556,0.0082673450556,0.0082673450556,0.0082673450556,0.0082673450556,0.0082673450556,0.0082673450556,0.00826948333922,0.00835065057589,0.0082673450556,0.0082673450556,0.0082673450556,0.0082673450556,0.0082673450556,0.0082673450556,0.0082673450556,0.0082673450556,0.00827736501239,0.0731660752729,0.0
0.00694427822604,0.00694427822604,0.00694427822604,0.00867332438592,0.787364486557,0.00694427822604,0.00694427822604,0.00694427822604,0.00694427822604,0.00694427822604,0.00694427822604,0.00694427822604,0.00694427822604,0.00701732372841,0.00714881072886,0.00694427822604,0.00694427822604,0.00694427822604,0.00694427822604,0.00694427822604,0.00694427822604,0.00694427822604,0.00694427822604,0.00695106528544,0.0509037030194,0.0
0.00641064291861,0.00641064291861,0.00641064291861,0.0117134122871,0.804672415293,0.00641064291861,0.00641064291861,0.00641064291861,0.00641064291861,0.00641064291861,0.00641064291861,0.00641064291861,0.00641064291861,0.00675690927284,0.00671434772032,0.00641064291861,0.00641064291861,0.00641064291861,0.00641064291861,0.00641064291861,0.00641064291861,0.00641064291861,0.00641064291861,0.00641612604675,0.0419245739261,0.0
0.00610382491674,0.00610382491674,0.00610382491674,0.0170899849502,0.810740141177,0.00610382491674,0.00610382491674,0.00610382491674,0.00610382491674,0.00610382491674,0.00610382491674,0.00610382491674,0.00610382491674,0.00684529307741,0.00648139911485,0.00610382491674,0.00610382491674,0.00610382491674,0.00610382491674,0.00610382491674,0.00610382491674,0.00610382491674,0.00610382491674,0.0061085583389,0.0367619499233,0.0
0.00588759711721,0.00588759711721,0.00588759711721,0.025700589083,0.809988672896,0.00588759711721,0.00588759711721,0.00588759711721,0.00588759711721,0.00588759711721,0.00588759711721,0.00588759711721,0.00588759711721,0.00710831948962,0.00632264365405,0.00588759711721,0.00588759711721,0.00588759711721,0.00588759711721,0.00588759711721,0.00588759711721,0.00588759711721,0.00588759711721,0.00589180218942,0.0331236274613,0.0
0.00571618503505,0.00571618503505,0.00571618503505,0.0392002705077,0.802553075417,0.00571618503505,0.00571618503505,0.00571618503505,0.00571618503505,0.00571618503505,0.00571618503505,0.00571618503505,0.00571618503505,0.00748402395515,0.00619575369475,0.00571618503505,0.00571618503505,0.00571618503505,0.00571618503505,0.00571618503505,0.00571618503505,0.00571618503505,0.00571618503505,0.00571997126397,0.0302393894951,0.0
0.00556754261159,0.00556754261159,0.00556754261159,0.0600937397111,0.786799574594,0.00556754261159,0.00556754261159,0.00556754261159,0.00556754261159,0.00556754261159,0.00556754261159,0.00556754261159,0.00556754261159,0.00793500627636,0.00607912261743,0.00556754261159,0.00556754261159,0.00556754261159,0.00556754261159,0.00556754261159,0.00556754261159,0.00556754261159,0.00556754261159,0.00557096563459,0.0277382815466,0.0
0.00542792604414,0.00542792604414,0.00542792604414,0.0918822370696,0.759787890764,0.00542792604414,0.00542792604414,0.00542792604414,0.00542792604414,0.00542792604414,0.00542792604414,0.00542792604414,0.00542792604414,0.00842183779811,0.00595738589386,0.00542792604414,0.00542792604414,0.00542792604414,0.00542792604414,0.00542792604414,0.00542792604414,0.00542792604414,0.00542792604414,0.00543100791579,0.0253890457197,0.0
0.00528719354302,0.00528719354302,0.00528719354303,0.138942956684,0.717584117624,0.00528719354302,0.00528719354302,0.00528719354302,0.00528719354302,0.00528719354302,0.00528719354302,0.00528719354302,0.00528719354302,0.00888807952666,0.00581720449725,0.00528719354302,0.00528719354302,0.00528719354302,0.00528719354302,0.00528719354302,0.00528719354302,0.00528719354302,0.00528719354302,0.00528993153655,0.0230210328136,0.0
0.00513792369047,0.00513792369047,0.00513792369048,0.205665634085,0.656165611794,0.00513792369047,0.00513792369047,0.00513792369047,0.00513792369047,0.00513792369047,0.00513792369047,0.00513792369047,0.00513792369048,0.00925129004693,0.00564724947943,0.00513792369047,0.00513792369047,0.00513792369047,0.00513792369047,0.00513792369047,0.00513792369047,0.00513792369047,0.00513792369047,0.00514029694497,0.0205093675301,0.0
0.00497689847849,0.00497689847849,0.0049768984785,0.29430784021,0.573502641358,0.00497689847849,0.00497689847849,0.00497689847849,0.00497689847849,0.00497689847849,0.00497689847849,0.00497689847849,0.00497689847849,0.00940802592388,0.00544164057463,0.00497689847849,0.00497689847849,0.00497689847849,0.00497689847849,0.00497689847849,0.00497689847849,0.00497689847849,0.00497689847849,0.00497887826987,0.0177999025723,0.0
0.00480783541854,0.00480783541854,0.00480783541857,0.401794939607,0.47261932296,0.00480783541854,0.00480783541854,0.00480783541854,0.00480783541854,0.00480783541854,0.00480783541854,0.00480783541854,0.00480783541855,0.00926653555052,0.00520573677203,0.00480783541854,0.00480783541854,0.00480783541854,0.00480783541854,0.00480783541854,0.00480783541854,0.00480783541854,0.00480783541854,0.00480940210645,0.0149551900523,0.0
0.00464246773758,0.00464246773758,0.00464246773763,0.517757065846,0.363455730652,0.00464246773758,0.00464246773758,0.00464246773758,0.00464246773758,0.00464246773758,0.00464246773758,0.00464246773758,0.00464246773759,0.00880454213392,0.00495948676571,0.00464246773758,0.00464246773758,0.00464246773758,0.00464246773758,0.00464246773758,0.00464246773758,0.00464246773758,0.00464246773758,0.00464363035341,0.0121726572356,0.0
0.00449644634884,0.00449644634884,0.00449644634895,0.627257513659,0.260258489182,0.00449644634884,0.00449644634884,0.00449644634884,0.00449644634884,0.00449644634884,0.00449644634884,0.00449644634884,0.00449644634886,0.00810702964164,0.00473158261315,0.00449644634884,0.00449644634884,0.00449644634884,0.00449644634884,0.00449644634884,0.00449644634884,0.00449644634884,0.00449644634884,0.00449725253097,0.00971565174484,0.0
0.00438131833295,0.00438131833295,0.00438131833318,0.71777859928,0.174939700779,0.00438131833295,0.00438131833295,0.00438131833295,0.00438131833295,0.00438131833295,0.00438131833295,0.00438131833295,0.00438131833298,0.00733073531302,0.00454554468731,0.00438131833295,0.00438131833295,0.00438131833295,0.00438131833295,0.00438131833295,0.00438131833295,0.00438131833295,0.00438131833295,0.00438189914475,0.00777847246959,0.0
0.00429957221835,0.00429957221835,0.00429957221881,0.784357106171,0.112214973906,0.00429957221835,0.00429957221835,0.00429957221835,0.00429957221835,0.00429957221835,0.00429957221835,0.00429957221835,0.00429957221842,0.00661954719911,0.00440983679021,0.00429957221835,0.00429957221835,0.00429957221835,0.00429957221835,0.00429957221835,0.00429957221835,0.00429957221835,0.00429957221835,0.0043035030499,0.00640316073453,0.0
0.00424703254111,0.00424703254111,0.0042470325419,0.82829375318,0.0707880020784,0.00424703254111,0.00424703254111,0.00424703254111,0.00424703254111,0.00424703254111,0.00424703254111,0.00424703254111,0.00424703254122,0.00605831196996,0.00432065018334,0.00424703254111,0.00424703254111,0.00424703254111,0.00424703254111,0.00424703254111,0.00424703254111,0.00424703254111,0.00424703254113,0.00432380101765,0.00552186328841,0.0
0.00421794183037,0.00421794183037,0.00421794183152,0.852745489871,0.0473373493524,0.00421794183037,0.00421794183037,0.00421794183037,0.00421794183037,0.00421794183037,0.00421794183037,0.00421794183037,0.00421794183053,0.00568922965503,0.00427033713768,0.00421794183037,0.00421794183037,0.00421794183037,0.00421794183037,0.00421794183037,0.00421794183037,0.00421794183037,0.00421794183058,0.00476990605931,0.00504679314644,0.0
0.00420321589677,0.00420321589677,0.00420321589821,0.864356773561,0.0352776939473,0.00420321589677,0.00420321589677,0.00420321589677,0.00420321589677,0.00420321589677,0.00420321589677,0.00420321589677,0.00420321589696,0.00547621061097,0.00424458626634,0.00420321589677,0.00420321589677,0.00420321589677,0.00420321589677,0.00420321589677,0.00420321589677,0.00420321589677,0.00420321589751,0.00595525451497,0.00482837905869,0.0
0.004194792868,0.004194792868,0.00419479286967,0.869722876863,0.0283160601789,0.004194792868,0.004194792868,0.004194792868,0.004194792868,0.004194792868,0.004194792868,0.004194792868,0.00419479286823,0.00534287612169,0.00422989937057,0.004194792868,0.004194792868,0.004194792868,0.004194792868,0.004194792868,0.004194792868,0.004194792868,0.00419479286952,0.00796221633125,0.00472500663872,0.0
0.00418928302309,0.00418928302309,0.00418928302492,0.871488809967,0.0237392421636,0.00418928302309,0.00418928302309,0.00418928302309,0.00418928302309,0.00418928302309,0.00418928302309,0.00418928302309,0.00418928302333,0.00524926982049,0.00422050221681,0.00418928302309,0.00418928302309,0.00418928302309,0.00418928302309,0.00418928302309,0.00418928302309,0.00418928302309,0.00418928302551,0.0110277693124,0.00467802907616,0.0
0.00418534569075,0.00418534569075,0.00418534569271,0.870359790791,0.0204635651391,0.00418534569075,0.00418534569075,0.00418534569075,0.00418534569075,0.00418534569075,0.00418534569075,0.00418534569075,0.00418534569101,0.00517777727779,0.00421416546831,0.00418534569075,0.00418534569075,0.00418534569075,0.00418534569075,0.00418534569075,0.00418534569075,0.00418534569075,0.00418534569412,0.0155952403703,0.00466789282368,0.0
0.00418236281352,0.00418236281352,0.00418236281558,0.866188803139,0.0179901279692,0.00418236281352,0.00418236281352,0.00418236281352,0.00418236281352,0.00418236281352,0.00418236281352,0.00418236281352,0.00418236281379,0.00511951228616,0.00421001651896,0.00418236281352,0.00418236281352,0.00418236281352,0.00418236281352,0.00418236281352,0.00418236281352,0.00418236281352,0.00418236281784,0.0223339328845,0.00469271373844,0.0
0.00418001106137,0.00418001106137,0.00418001106351,0.858314462546,0.0160655730127,0.00418001106137,0.00418001106137,0.00418001106137,0.00418001106137,0.00418001106137,0.00418001106137,0.00418001106137,0.00418001106165,0.00506929515102,0.00420795110554,0.00418001106137,0.00418001106137,0.00418001106137,0.00418001106137,0.00418001106137,0.00418001106137,0.00418001106137,0.0041800110666,0.0321552127421,0.00476729526911,0.0
0.00417811319303,0.00417811319303,0.00417811319524,0.845790884189,0.014572225231,0.00417811319303,0.00417811319303,0.00417811319303,0.00417811319303,0.00417811319303,0.00417811319303,0.00417811319303,0.00417811319332,0.00502390710223,0.00420879926473,0.00417811319303,0.00417811319303,0.00417811319303,0.00417811319303,0.00417811319303,0.00417811319303,0.00417811319303,0.00417811319911,0.0460792145257,0.004940819011,0.0
0.00417659315881,0.00417659315881,0.00417659316105,0.828096615559,0.0135204895952,0.00417659315881,0.00417659315881,0.00417659315881,0.00417659315881,0.00417659315881,0.00417659315881,0.00417659315881,0.0041765931591,0.00498207696542,0.00421548939617,0.00417659315881,0.00417659315881,0.00417659315881,0.00417659315881,0.00417659315881,0.00417659315881,0.00417659315881,0.00417659316559,0.0644689376739,0.00536112078408,0.0
0.00417547851735,0.00417547851735,0.00417547851959,0.807335238847,0.0131074127012,0.00417547851735,0.00417547851735,0.00417547851735,0.00417547851735,0.00417547851735,0.00417547851735,0.00417547851735,0.00417547851764,0.00494614803438,0.00423561122866,0.00417547851735,0.00417547851735,0.00417547851735,0.00417547851735,0.00417547851735,0.00417547851735,0.00417547851735,0.0041754785246,0.084597759967,0.00644373738277,0.0
0.00417480159153,0.00417480159153,0.00417480159375,0.789268391508,0.0135874605489,0.00417480159153,0.00417480159153,0.00417480159153,0.00417480159153,0.00417480159153,0.00417480159153,0.00417480159153,0.00417480159181,0.00492076492663,0.00427897540475,0.00417480159153,0.00417480159153,0.00417480159153,0.00417480159153,0.00417480159153,0.00417480159153,0.00417480159153,0.00417480159896,0.0996860531178,0.00893712424482,0.0
0.00417439233099,0.00417439233099,0.0041743923332,0.775254867267,0.0149243803961,0.00417439233099,0.00417439233099,0.00417439233099,0.00417439233099,0.00417439233099,0.00417439233099,0.00417439233099,0.00417439233128,0.00490341503248,0.00434722211086,0.00417439233099,0.00417439233099,0.00417439233099,0.00417439233099,0.00417439233099,0.00417439233099,0.00417439233099,0.00417439233844,0.107784404231,0.0134722566637,0.0
0.00417408331915,0.00417408331915,0.00417408332134,0.762398511599,0.017260017151,0.00417408331915,0.00417408331915,0.00417408331915,0.00417408331915,0.00417408331915,0.00417408331915,0.00417408331915,0.00417408331944,0.00488880010034,0.00444519787678,0.00417408331915,0.00417408331915,0.00417408331915,0.00417408331915,0.00417408331915,0.00417408331915,0.00417408331915,0.00417408332651,0.111125501379,0.02057438882,0.0
0.00417380258709,0.00417380258709,0.00417380258926,0.748479456346,0.0213793516803,0.00417380258709,0.00417380258709,0.00417380258709,0.00417380258709,0.00417380258709,0.00417380258709,0.00417380258709,0.00417380258738,0.00487399254248,0.00459173084626,0.00417380258709,0.00417380258709,0.00417380258709,0.00417380258709,0.00417380258709,0.00417380258709,0.00417380258709,0.00417380259427,0.111113403176,0.030259816244,0.0
0.00417352471762,0.00417352471762,0.00417352471975,0.73248224408,0.0291942135526,0.00417352471762,0.00417352471762,0.00417352471762,0.00417352471762,0.00417352471762,0.00417352471762,0.00417352471762,0.0041735247179,0.00485782345555,0.0048202927308,0.00417352471762,0.00417352471762,0.00417352471762,0.00417352471762,0.00417352471762,0.00417352471762,0.00417352471762,0.00417352472457,0.10876862429,0.0405798322471,0.0
0.00417324022555,0.00417324022555,0.00417324022763,0.713844525156,0.0441811134263,0.00417324022555,0.00417324022555,0.00417324022555,0.00417324022555,0.00417324022555,0.00417324022555,0.00417324022555,0.00417324022582,0.00483971848563,0.0051573739827,0.00417324022555,0.00417324022555,0.00417324022555,0.00417324022555,0.00417324022555,0.00417324022555,0.00417324022555,0.00417324023222,0.105087542942,0.0475981617124,0.0
0.0041729108674,0.0041729108674,0.00417291086942,0.689569501087,0.0710972777821,0.0041729108674,0.0041729108674,0.0041729108674,0.0041729108674,0.0041729108674,0.0041729108674,0.0041729108674,0.00417291086767,0.00481682458032,0.00558565360399,0.0041729108674,0.0041729108674,0.0041729108674,0.0041729108674,0.0041729108674,0.0041729108674,0.0041729108674,0.00417291087375,0.100243221716,0.0494022147408,0.0
0.00417246536401,0.00417246536401,0.00417246536593,0.654052946052,0.115179774482,0.00417246536401,0.00417246536401,0.00417246536401,0.00417246536401,0.00417246536401,0.00417246536401,0.00417246536401,0.00417246536426,0.00478416676901,0.00604804719054,0.00417246536401,0.00417246536401,0.00417246536401,0.00417246536401,0.00417246536401,0.00417246536401,0.00417246536401,0.0041724653699,0.0934478259392,0.0472103976435,0.0
0.00417184208025,0.00417184208025,0.00417184208203,0.603667252716,0.179299343927,0.00417184208025,0.00417184208025,0.00417184208025,0.00417184208025,0.00417184208025,0.00417184208025,0.00417184208025,0.00417184208049,0.00473984610122,0.00646423890093,0.00417184208025,0.00417184208025,0.00417184208025,0.00417184208025,0.00417184208025,0.00417184208025,0.00417184208025,0.00417184208551,0.0838618656344,0.0427024531881,0.0
0.00417103128867,0.00417103128867,0.00417103129027,0.543315879568,0.257949571455,0.00417103128867,0.00417103128867,0.00417103128867,0.00417103128867,0.00417103128867,0.00417103128867,0.00417103128867,0.00417103128889,0.00469405947024,0.00674293146569,0.00417103128867,0.00417103128867,0.00417103128867,0.00417103128867,0.00417103128867,0.00417103128867,0.00417103128867,0.00417103129311,0.0713775719148,0.0366703916356,0.0
0.00417011201168,0.00417011201168,0.00417011201316,0.494098838978,0.328146386635,0.00417011201168,0.00417011201168,0.00417011201168,0.00417011201168,0.00417011201168,0.00417011201168,0.00417011201168,0.00417011201189,0.00468469117361,0.00679174941818,0.00417011201168,0.00417011201168,0.00417011201168,0.00417011201168,0.00417011201168,0.00417011201168,0.00417011201168,0.00417011201518,0.0572216532164,0.0298245523521,0.0
0.00416924984593,0.00416924984593,0.00416924984747,0.489306783811,0.35278361916,0.00416924984593,0.00416924984593,0.00416924984593,0.00416924984593,0.00416924984593,0.00416924984593,0.00416924984593,0.00416924984617,0.00477640177492,0.00656840563906,0.00416924984593,0.00416924984593,0.00416924984593,0.00416924984593,0.00416924984593,0.00416924984593,0.00416924984593,0.00416924984856,0.0439451365644,0.023403905974,0.0
0.00416855111314,0.00416855111314,0.00416855111495,0.537431944526,0.320859231268,0.00416855111314,0.00416855111314,0.00416855111314,0.00416855111314,0.00416855111314,0.00416855111314,0.00416855111314,0.00416855111345,0.00496644786868,0.00615421710787,0.00416855111314,0.00416855111314,0.00416855111314,0.00416855111314,0.00416855111314,0.00416855111314,0.00416855111314,0.00416855111505,0.0331853268673,0.0182003612084,0.0
0.00416799399209,0.00416799399209,0.00416799399423,0.614744009971,0.256580708276,0.00416799399209,0.00416799399209,0.00416799399209,0.00416799399209,0.00416799399209,0.00416799399209,0.00416799399209,0.00416799399247,0.00515021499883,0.00567555588913,0.00416799399209,0.00416799399209,0.00416799399209,0.00416799399209,0.00416799399209,0.00416799399209,0.00416799399209,0.00416799399343,0.0246062087345,0.0140514162774,0.0
0.0041675555185,0.0041675555185,0.00416755552091,0.695827050382,0.185875995007,0.0041675555185,0.0041675555185,0.0041675555185,0.0041675555185,0.0041675555185,0.0041675555185,0.0041675555185,0.00416755551893,0.00524607193395,0.00522691353413,0.0041675555185,0.0041675555185,0.0041675555185,0.0041675555185,0.0041675555185,0.0041675555185,0.0041675555185,0.0041675555194,0.0178543495604,0.010786064727,0.0
0.00416723171669,0.00416723171669,0.00416723171928,0.764344639528,0.125119603906,0.00416723171669,0.00416723171669,0.00416723171669,0.00416723171669,0.00416723171669,0.00416723171669,0.00416723171669,0.00416723171713,0.00524395511052,0.0048654300559,0.00416723171669,0.00416723171669,0.00416723171669,0.00416723171669,0.00416723171669,0.00416723171669,0.00416723171669,0.00416723171726,0.0128740677051,0.00837490107419,0.0
0.00416701255058,0.00416701255058,0.00416701255329,0.814063631173,0.0806363994678,0.00416701255058,0.00416701255058,0.00416701255058,0.00416701255058,0.00416701255058,0.00416701255058,0.00416701255058,0.00416701255103,0.00517959873421,0.00460853518552,0.00416701255058,0.00416701255058,0.00416701255058,0.00416701255058,0.00416701255058,0.00416701255058,0.00416701255058,0.00416701255096,0.00959323910393,0.00674535787096,0.0
0.00416688174091,0.00416688174091,0.00416688174371,0.844483511042,0.0528266458411,0.00416688174091,0.00416688174091,0.00416688174091,0.00416688174091,0.00416688174091,0.00416688174091,0.00416688174091,0.00416688174134,0.0050988664257,0.00445038041719,0.00416688174091,0.00416688174091,0.00416688174091,0.00416688174091,0.00416688174091,0.00416688174091,0.00416688174091,0.00416688174132,0.00818465258291,0.00578519061027,0.0
0.00416681417963,0.00416681417963,0.00416681418248,0.859322479595,0.0380534638377,0.00416681417963,0.00416681417963,0.00416681417963,0.00416681417963,0.00416681417963,0.00416681417963,0.00416681417963,0.00416681418005,0.00503518402115,0.00436713321349,0.00416681417963,0.00416681417963,0.00416681417963,0.00416681417963,0.00416681417963,0.00416681417963,0.00416681417963,0.00416681418054,0.00873781009763,0.00531445981803,0.0
0.00416677744741,0.00416677744741,0.0041667774503,0.865750472135,0.0299017180474,0.00416677744741,0.00416677744741,0.00416677744741,0.00416677744741,0.00416677744741,0.00416677744741,0.00416677744741,0.00416677744782,0.00499057198956,0.00432160452214,0.00416677744741,0.00416677744741,0.00416677744741,0.00416677744741,0.00416677744741,0.00416677744741,0.00416677744741,0.00416677744916,0.0107811614741,0.00508570032608,0.0
0.00416675442474,0.00416675442474,0.00416675442765,0.867589416588,0.0247558421486,0.00416675442474,0.00416675442474,0.00416675442474,0.00416675442474,0.00416675442474,0.00416675442474,0.00416675442474,0.00416675442515,0.00495714456377,0.00429327127089,0.00416675442474,0.00416675442474,0.00416675442474,0.00416675442474,0.00416675442474,0.00416675442474,0.00416675442474,0.00416675442748,0.0142669991997,0.00496899215256,0.0
0.00416673842891,0.00416673842891,0.00416673843184,0.86594270643,0.0211746485243,0.00416673842891,0.00416673842891,0.00416673842891,0.00416673842891,0.00416673842891,0.00416673842891,0.00416673842891,0.00416673842932,0.00492987386227,0.00427410238437,0.00416673842891,0.00416673842891,0.00416673842891,0.00416673842891,0.00416673842891,0.00416673842891,0.00416673842891,0.00416673843267,0.0195914942414,0.00491914440128,0.0
0.00416672654371,0.00416672654371,0.00416672654664,0.860755566086,0.0185288865619,0.00416672654371,0.00416672654371,0.00416672654371,0.00416672654371,0.00416672654371,0.00416672654371,0.00416672654371,0.00416672654412,0.00490579861572,0.00426082184898,0.00416672654371,0.00416672654371,0.00416672654371,0.00416672654371,0.00416672654371,0.00416672654371,0.00416672654371,0.00416672654848,0.027453554853,0.00492756769534,0.0
0.00416671732189,0.00416671732189,0.00416671732482,0.851389739787,0.016519359749,0.00416671732189,0.00416671732189,0.00416671732189,0.00416671732189,0.00416671732189,0.00416671732189,0.00416671732189,0.00416671732229,0.00488294489184,0.00425238406015,0.00416671732189,0.00416671732189,0.00416671732189,0.00416671732189,0.00416671732189,0.00416671732189,0.00416671732189,0.00416671732761,0.0387722852672,0.00501565711996,0.0
0.00416671002816,0.00416671002816,0.00416671003105,0.837080298744,0.015031623356,0.00416671002816,0.00416671002816,0.00416671002816,0.00416671002816,0.00416671002816,0.00416671002816,0.00416671002816,0.00416671002855,0.00486005527006,0.00424977187288,0.00416671002816,0.00416671002816,0.00416671002816,0.00416671002816,0.00416671002816,0.00416671002816,0.00416671002816,0.0041667100347,0.0543470744556,0.00526368575685,0.0
0.00416670442665,0.00416670442665,0.0041667044295,0.818168430387,0.0141348600182,0.00416670442665,0.00416670442665,0.00416670442665,0.00416670442665,0.00416670442665,0.00416670442665,0.00416670442665,0.00416670442704,0.00483728346679,0.00425762479289,0.00416670442665,0.00416670442665,0.00416670442665,0.00416670442665,0.00416670442665,0.00416670442665,0.00416670442665,0.00416670443383,0.0735216646075,0.00591275261045,0.0
0.0041667006529,0.0041667006529,0.00416670065571,0.798508936011,0.0140941101037,0.0041667006529,0.0041667006529,0.0041667006529,0.0041667006529,0.0041667006529,0.0041667006529,0.0041667006529,0.00416670065328,0.004817568053,0.00428586160514,0.0041667006529,0.0041667006529,0.0041667006529,0.0041667006529,0.0041667006529,0.0041667006529,0.0041667006529,0.00416670066043,0.0915858671984,0.00754034461281,0.0
0.0041666984363,0.0041666984363,0.00416669843907,0.782697224503,0.0150403538167,0.0041666984363,0.0041666984363,0.0041666984363,0.0041666984363,0.0041666984363,0.0041666984363,0.0041666984363,0.00416669843668,0.00480333914022,0.00434107005446,0.0041666984363,0.0041666984363,0.0041666984363,0.0041666984363,0.0041666984363,0.0041666984363,0.0041666984363,0.00416669844393,0.103079300003,0.0108714421824,0.0
0.00416669695767,0.00416669695767,0.00416669696039,0.769533241333,0.0169475801495,0.00416669695767,0.00416669695767,0.00416669695767,0.00416669695767,0.00416669695767,0.00416669695767,0.00416669695767,0.00416669695803,0.00479220681657,0.00442396786084,0.00416669695767,0.00416669695767,0.00416669695767,0.00416669695767,0.00416669695767,0.00416669695767,0.00416669695767,0.00416669696525,0.108704042464,0.016431719169,0.0
0.00416669573361,0.00416669573361,0.0041666957363,0.756383732144,0.0202561611065,0.00416669573361,0.00416669573361,0.00416669573361,0.00416669573361,0.00416669573361,0.00416669573361,0.00416669573361,0.00416669573397,0.00478153280354,0.00454527510891,0.00416669573361,0.00416669573361,0.00416669573361,0.00416669573361,0.00416669573361,0.00416669573361,0.00416669573361,0.00416669574105,0.110314206479,0.0245518734087,0.0
0.00416669456768,0.00416669456768,0.00416669457031,0.741592606873,0.0263052637944,0.00416669456768,0.00416669456768,0.00416669456768,0.00416669456768,0.00416669456768,0.00416669456768,0.00416669456768,0.00416669456803,0.00476988183515,0.00473111332701,0.00416669456768,0.00416669456768,0.00416669456768,0.00416669456768,0.00416669456768,0.00416669456768,0.00416669456768,0.0041666945749,0.109011444593,0.0344224927813,0.0
0.00416669339249,0.00416669339249,0.00416669339507,0.724409864089,0.0379007427456,0.00416669339249,0.00416669339249,0.00416669339249,0.00416669339249,0.00416669339249,0.00416669339249,0.00416669339249,0.00416669339284,0.0047566623637,0.00501500105517,0.00416669339249,0.00416669339249,0.00416669339249,0.00416669339249,0.00416669339249,0.00416669339249,0.00416669339249,0.00416669339944,0.105813478376,0.0429370769034,0.0
0.00416669211514,0.00416669211514,0.00416669211764,0.703107238397,0.0593857234515,0.00416669211514,0.00416669211514,0.00416669211514,0.00416669211514,0.00416669211514,0.00416669211514,0.00416669211514,0.00416669211547,0.00474053170998,0.00540253921985,0.00416669211514,0.00416669211514,0.00416669211514,0.00416669211514,0.00416669211514,0.00416669211514,0.00416669211514,0.00416669212176,0.101375524466,0.046821292559,0.0
0.00416669049125,0.00416669049125,0.00416669049365,0.672990130798,0.0959188773794,0.00416669049125,0.00416669049125,0.00416669049125,0.00416669049125,0.00416669049125,0.00416669049125,0.00416669049125,0.00416669049158,0.00471803785692,0.00585080861662,0.00416669049125,0.00416669049125,0.00416669049125,0.00416669049125,0.00416669049125,0.00416669049125,0.00416669049125,0.00416669049746,0.0953017491372,0.0460532768691,0.0
0.00416668823741,0.00416668823741,0.00416668823964,0.629333333886,0.151407307051,0.00416668823741,0.00416668823741,0.00416668823741,0.00416668823741,0.00416668823741,0.00416668823741,0.00416668823741,0.00416668823771,0.00468668993273,0.00628389209284,0.00416668823741,0.00416668823741,0.00416668823741,0.00416668823741,0.00416668823741,0.00416668823741,0.00416668823741,0.00416668824303,0.0867092201509,0.042412480368,0.0
0.00416668522305,0.00416668522305,0.00416668522507,0.573731721343,0.223572419075,0.00416668522305,0.00416668522305,0.00416668522305,0.00416668522305,0.00416668522305,0.00416668522305,0.00416668522305,0.00416668522332,0.00465223668288,0.00660992737697,0.00416668522305,0.00416668522305,0.00416668522305,0.00416668522305,0.00416668522305,0.00416668522305,0.00416668522305,0.00416668522788,0.0751779803458,0.0370886959311,0.0
0.00416668162648,0.00416668162648,0.00416668162831,0.521703950075,0.295632862102,0.00416668162648,0.00416668162648,0.00416668162648,0.00416668162648,0.00416668162648,0.00416668162648,0.00416668162648,0.00416668162674,0.00464128798021,0.00673168417369,0.00416668162648,0.00416668162648,0.00416668162648,0.00416668162648,0.00416668162648,0.00416668162648,0.00416668162648,0.00416668163038,0.0614149038137,0.0307083609464,0.0
0.00416667801689,0.00416667801689,0.00416667801867,0.504735491287,0.332901482966,0.00416667801689,0.00416667801689,0.00416667801689,0.00416667801689,0.00416667801689,0.00416667801689,0.00416667801689,0.00416667801716,0.00470992179291,0.00658021541367,0.00416667801689,0.00416667801689,0.00416667801689,0.00416667801689,0.00416667801689,0.00416667801689,0.00416667801689,0.00416667801985,0.0476017553273,0.0243042508879,0.0
0.00416667496544,0.00416667496544,0.00416667496739,0.541354999923,0.31358082269,0.00416667496544,0.00416667496544,0.00416667496544,0.00416667496544,0.00416667496544,0.00416667496544,0.00416667496544,0.00416667496576,0.00488058635543,0.00620196946902,0.00416667496544,0.00416667496544,0.00416667496544,0.00416667496544,0.00416667496544,0.00416667496544,0.00416667496544,0.0041666749676,0.0359244399457,0.0188903572689,0.0
0.00416667252446,0.00416667252446,0.00416667252669,0.613039979267,0.255852111423,0.00416667252446,0.00416667252446,0.00416667252446,0.00416667252446,0.00416667252446,0.00416667252446,0.00416667252446,0.00416667252486,0.00506845810366,0.0057297791357,0.00416667252446,0.00416667252446,0.00416667252446,0.00416667252446,0.00416667252446,0.00416667252446,0.00416667252446,0.00416667252599,0.0265833172532,0.0145595768482,0.0
0.00416667060264,0.00416667060264,0.00416667060512,0.692471237487,0.187526615905,0.00416667060264,0.00416667060264,0.00416667060264,0.00416667060264,0.00416667060264,0.00416667060264,0.00416667060264,0.00416667060308,0.00518274432455,0.00527364779005,0.00416667060264,0.00416667060264,0.00416667060264,0.00416667060264,0.00416667060264,0.00416667060264,0.00416667060264,0.00416667060367,0.0192291162749,0.0111498967636,0.0
0.004166669177,0.004166669177,0.00416666917964,0.761228708455,0.127103353375,0.004166669177,0.004166669177,0.004166669177,0.004166669177,0.004166669177,0.004166669177,0.004166669177,0.00416666917745,0.00520120209213,0.00490004435086,0.004166669177,0.004166669177,0.004166669177,0.004166669177,0.004166669177,0.004166669177,0.004166669177,0.00416666917765,0.0137792276439,0.00862074971654,0.0
0.00416666820627,0.00416666820627,0.00416666820902,0.811805255129,0.0821878308943,0.00416666820627,0.00416666820627,0.00416666820627,0.00416666820627,0.00416666820627,0.00416666820627,0.00416666820627,0.00416666820672,0.00515302264605,0.00463162154409,0.00416666820627,0.00416666820627,0.00416666820627,0.00416666820627,0.00416666820627,0.00416666820627,0.00416666820627,0.00416666820669,0.0101545444096,0.006901029454,0.0
0.00416666762179,0.00416666762179,0.00416666762462,0.843146712681,0.0537511695922,0.00416666762179,0.00416666762179,0.00416666762179,0.00416666762179,0.00416666762179,0.00416666762179,0.00416666762179,0.00416666762223,0.00508201642124,0.00446453692361,0.00416666762179,0.00416666762179,0.00416666762179,0.00416666762179,0.00416666762179,0.00416666762179,0.00416666762179,0.00416666762222,0.00851110096135,0.00587777860303,0.0
0.0041666673184,0.0041666673184,0.00416666732128,0.858573603411,0.0385405779186,0.0041666673184,0.0041666673184,0.0041666673184,0.0041666673184,0.0041666673184,0.0041666673184,0.0041666673184,0.00416666731883,0.00502289501209,0.00437603017581,0.0041666673184,0.0041666673184,0.0041666673184,0.0041666673184,0.0041666673184,0.0041666673184,0.0041666673184,0.0041666673193,0.00894827972457,0.00537193470357,0.0
0.00416666715443,0.00416666715443,0.00416666715734,0.865257283996,0.0301896207764,0.00416666715443,0.00416666715443,0.00416666715443,0.00416666715443,0.00416666715443,0.00416666715443,0.00416666715443,0.00416666715485,0.00498077160224,0.00432786864263,0.00416666715443,0.00416666715443,0.00416666715443,0.00416666715443,0.00416666715443,0.00416666715443,0.00416666715443,0.00416666715615,0.0109515400875,0.00512623895614,0.0
0.00416666705226,0.00416666705226,0.0041666670552,0.867210844064,0.0249473996621,0.00416666705226,0.00416666705226,0.00416666705226,0.00416666705226,0.00416666705226,0.00416666705226,0.00416666705226,0.00416666705268,0.0049490040288,0.00429805371777,0.00416666705226,0.00416666705226,0.00416666705226,0.00416666705226,0.00416666705226,0.00416666705226,0.00416666705226,0.00416666705497,0.0144276787702,0.00500034575783,0.0
0.00416666698156,0.00416666698156,0.00416666698451,0.865617635444,0.0213130746653,0.00416666698156,0.00416666698156,0.00416666698156,0.00416666698156,0.00416666698156,0.00416666698156,0.00416666698156,0.00416666698198,0.00492295685383,0.00427794150826,0.00416666698156,0.00416666698156,0.00416666698156,0.00416666698156,0.00416666698156,0.00416666698156,0.00416666698156,0.00416666698529,0.0197567344767,0.00494498439458,0.0
0.00416666692918,0.00416666692918,0.00416666693212,0.860453048436,0.0186352656553,0.00416666692918,0.00416666692918,0.00416666692918,0.00416666692918,0.00416666692918,0.00416666692918,0.00416666692918,0.00416666692958,0.0048998373296,0.00426401445505,0.00416666692918,0.00416666692918,0.00416666692918,0.00416666692918,0.00416666692918,0.00416666692918,0.00416666692918,0.00416666693391,0.0276310488901,0.00495011357151,0.0
0.00416666688861,0.00416666688861,0.00416666689154,0.851094090173,0.0166058644158,0.00416666688861,0.00416666688861,0.00416666688861,0.00416666688861,0.00416666688861,0.00416666688861,0.00416666688861,0.00416666688901,0.00487776029925,0.00425512607525,0.00416666688861,0.00416666688861,0.00416666688861,0.00416666688861,0.00416666688861,0.00416666688861,0.00416666688861,0.00416666689429,0.038963661041,0.0050368271028,0.0
0.00416666685658,0.00416666685658,0.00416666685949,0.836791048124,0.0151071880819,0.00416666685658,0.00416666685658,0.00416666685658,0.00416666685658,0.00416666685658,0.00416666685658,0.00416666685658,0.00416666685698,0.00485552001139,0.00425223203625,0.00416666685658,0.00416666685658,0.00416666685658,0.00416666685658,0.00416666685658,0.00416666685658,0.00416666685658,0.00416666686309,0.0545411981957,0.00528614326553,0.0
0.00416666683203,0.00416666683203,0.00416666683489,0.817910962917,0.014208603583,0.00416666683203,0.00416666683203,0.00416666683203,0.00416666683203,0.00416666683203,0.00416666683203,0.00416666683203,0.00416666683242,0.00483329494247,0.00426000540587,0.00416666683203,0.00416666683203,0.00416666683203,0.00416666683203,0.00416666683203,0.00416666683203,0.00416666683203,0.00416666683917,0.0736789423371,0.00594152099575,0.0
0.00416666681552,0.00416666681552,0.00416666681833,0.798322374415,0.0141755610994,0.00416666681552,0.00416666681552,0.00416666681552,0.00416666681552,0.00416666681552,0.00416666681552,0.00416666681552,0.0041666668159,0.00481400026233,0.00428839184526,0.00416666681552,0.00416666681552,0.00416666681552,0.00416666681552,0.00416666681552,0.00416666681552,0.00416666681552,0.00416666682301,0.0916502219776,0.00758278089463,0.0
0.00416666680582,0.00416666680582,0.00416666680859,0.782559296516,0.0151362922809,0.00416666680582,0.00416666680582,0.00416666680582,0.00416666680582,0.00416666680582,0.00416666680582,0.00416666680582,0.00416666680619,0.00480002360903,0.00434389592071,0.00416666680582,0.00416666680582,0.00416666680582,0.00416666680582,0.00416666680582,0.00416666680582,0.00416666680582,0.0041666668134,0.103061740162,0.0109320821899,0.0
0.00416666679932,0.00416666679932,0.00416666680206,0.769403435873,0.0170681341457,0.00416666679932,0.00416666679932,0.00416666679932,0.00416666679932,0.00416666679932,0.00416666679932,0.00416666679932,0.00416666679969,0.00478904042468,0.00442727947594,0.00416666679932,0.00416666679932,0.00416666679932,0.00416666679932,0.00416666679932,0.00416666679932,0.00416666679932,0.00416666680687,0.108634201878,0.016511239005,0.0
0.00416666679394,0.00416666679394,0.00416666679664,0.756240996563,0.020422429172,0.00416666679394,0.00416666679394,0.00416666679394,0.00416666679394,0.00416666679394,0.00416666679394,0.00416666679394,0.0041666667943,0.00477847716325,0.00454941626548,0.00416666679394,0.00416666679394,0.00416666679394,0.00416666679394,0.00416666679394,0.00416666679394,0.00416666679394,0.00416666680134,0.110203715358,0.0246382963822,0.0
