0.0 0.0,0.0 1.0,0.0 2.0,0.0 3.0,0.0 4.0,1.0 0.0,1.0 1.0,1.0 2.0,1.0 3.0,1.0 4.0,2.0 0.0,2.0 1.0,2.0 2.0,2.0 3.0,2.0 4.0,3.0 0.0,3.0 1.0,3.0 2.0,3.0 3.0,3.0 4.0,4.0 0.0,4.0 1.0,4.0 2.0,4.0 3.0,4.0 4.0,other
0.04,0.04,0.04,0.04,0.04,0.04,0.04,0.04,0.04,0.04,0.04,0.04,0.04,0.04,0.04,0.04,0.04,0.04,0.04,0.04,0.04,0.04,0.04,0.04,0.04,0.0
0.0386217948718,0.0386217948718,0.0386217948718,0.0386217948718,0.0386217948718,0.0386217948718,0.0386217948718,0.0386217948718,0.0386217948718,0.0386217948718,0.0386217948718,0.0386217948718,0.0386217948718,0.0386217948718,0.0386217948718,0.0386217948718,0.0386217948718,0.0386217948718,0.0386217948718,0.0386217948718,0.0386217948725,0.0386218098286,0.0386217948725,0.0386218109935,0.073076891997,0.0
0.0362753901071,0.0362753901071,0.0362753901071,0.0362753901071,0.0362753901072,0.0362753901071,0.0362753901071,0.0362753901071,0.0362753901071,0.0362753901071,0.0362753901071,0.0362753901071,0.0362753901071,0.0362753901071,0.0362753901071,0.0362753901071,0.0362753901071,0.0362753901071,0.0362753901071,0.0362753901071,0.0362753901093,0.0362754272317,0.0362753901081,0.0362754096403,0.129390580768,0.0
0.0325968028228,0.0325968028228,0.0325968028228,0.0325968028228,0.0325968028271,0.0325968028228,0.0325968028228,0.0325968028228,0.0325968028228,0.0325968028228,0.0325968028228,0.0325968028228,0.0325968028228,0.0325968028228,0.0325968028228,0.0325968028228,0.0325968028228,0.0325968028228,0.0325968028228,0.0325968028228,0.0325968028303,0.0325968845615,0.0325968028237,0.032596820633,0.217676632691,0.0
0.0275145445363,0.0275145445363,0.0275145445363,0.0275145445363,0.027514549563,0.0275145445363,0.0275145445363,0.0275145445363,0.0275145445363,0.0275145445363,0.0275145445363,0.0275145445363,0.0275145445363,0.0275145445363,0.0275145445363,0.0275145445363,0.0275145445363,0.0275145445363,0.0275145445363,0.0275145445363,0.0275145445877,0.0275147683418,0.027514544537,0.0275145591798,0.339650687602,0.0
0.0216145489717,0.021614552658,0.0216145489679,0.0216145489679,0.021702356247,0.0216145489679,0.0216145489679,0.0216145489679,0.0216145489679,0.0216145489679,0.0216145489679,0.0216145489679,0.0216145489679,0.0216145489679,0.0216145489679,0.0216145489679,0.0216145489679,0.0216145489679,0.0216145489679,0.0216145489679,0.0216145497995,0.0216154866273,0.0216145489684,0.0216145599111,0.481162064364,0.0
0.0212300591003,0.0212369085675,0.0212300281497,0.0212300281497,0.040287732462,0.0212300281497,0.0212300281497,0.0212300281497,0.0212300281497,0.0212300281497,0.0212300281497,0.0212300281497,0.0212300281497,0.0212300281497,0.0212300281497,0.0212300281497,0.0212300281497,0.0212300281497,0.0212300281497,0.0212300281497,0.0212300290192,0.0212309576335,0.0212300281502,0.0212300388518,0.471413767671,0.0
0.0205635655451,0.0205749073554,0.020563512112,0.020563512112,0.0735195339851,0.020563512112,0.020563512112,0.020563512112,0.020563512112,0.020563512112,0.020563512112,0.020563512112,0.020563512112,0.020563512112,0.020563512112,0.020563512112,0.020563512112,0.020563512112,0.020563512112,0.020563512112,0.0205635129676,0.020564409357,0.0205635121125,0.020563522396,0.453507330378,0.0
0.0194395215052,0.0194525509161,0.0194394572309,0.0194394572309,0.13008852486,0.0194394572309,0.0194394572309,0.0194394572309,0.0194394572309,0.0194394572309,0.0194394572309,0.0194394572309,0.0194394572309,0.0194394572309,0.0194394572309,0.0194394572309,0.0194394572309,0.0194394572309,0.0194394572309,0.0194394572309,0.0194394580313,0.0194402935326,0.0194394572314,0.01943946681,0.422789954188,0.0
0.0176813978522,0.0176937274935,0.0176813347306,0.0176813347307,0.218707522103,0.0176813347306,0.0176813347306,0.0176813347306,0.0176813347306,0.0176813347306,0.0176813347306,0.0176813347306,0.0176813347306,0.0176813347306,0.0176813347306,0.0176813347306,0.0176813347306,0.0176813347306,0.0176813347306,0.0176813347306,0.017681335439,0.0176820747817,0.0176813347311,0.017681343207,0.374608573972,0.0
0.0152560836307,0.0152663372662,0.0152560301742,0.0152560301746,0.340970014056,0.0152560301741,0.0152560301741,0.0152560301741,0.0152560301741,0.0152560301741,0.0152560301741,0.0152560301741,0.0152560301741,0.0152560301741,0.0152560301741,0.0152560301741,0.0152560301741,0.0152560301741,0.0152560301741,0.0152560301741,0.0152560307554,0.0152566374178,0.0152560301745,0.0152560371294,0.308130316609,0.0
0.0124363673029,0.0124440255153,0.0124363271738,0.0124363271944,0.483115086362,0.0124363271733,0.0124363271733,0.0124363271733,0.0124363271733,0.0124363271733,0.0124363271733,0.0124363271733,0.0124363271733,0.0124363271733,0.0124363271733,0.0124363271733,0.0124363271733,0.0124363271733,0.0124363271733,0.0124363271733,0.0124363276067,0.0124367800125,0.0124363271736,0.01243633236,0.230841191699,0.0
0.00974256678475,0.00974773104364,0.00974253977634,0.00974254149624,0.618912600346,0.00974253969631,0.00974253969631,0.00974253969631,0.00974253969631,0.00974253969631,0.00974253969631,0.00974253969631,0.00974253969631,0.00974253969631,0.00974253969631,0.00974253969631,0.00974253969631,0.00974253969631,0.00974253969631,0.00974253969631,0.00974253998856,0.00974284502614,0.00974253969649,0.00974254319348,0.157003457204,0.0
0.00761092381931,0.00761411384325,0.00761091771401,0.00761102907001,0.726370989711,0.0076109070829,0.0076109070829,0.0076109070829,0.0076109070829,0.0076109070829,0.0076109070829,0.0076109070829,0.0076109070829,0.0076109070829,0.0076109070829,0.0076109070829,0.0076109070829,0.0076109070829,0.0076109070829,0.0076109070829,0.00761090726342,0.00761109568643,0.00761090708301,0.00761090924312,0.0985746003224,0.0
0.00616253302195,0.00616438157,0.00616301159706,0.00616582622134,0.799382340643,0.00616252332291,0.00616252332291,0.00616252332291,0.00616252332291,0.00616252332291,0.00616252332291,0.00616252332291,0.00616252332291,0.00616252332291,0.00616252332291,0.00616252332291,0.00616252332291,0.00616252332291,0.00616252332291,0.00616252332291,0.00616252342752,0.00616263261424,0.00616252332298,0.00616252457471,0.0588738531631,0.0
0.00528143002941,0.00528246251092,0.00528786233826,0.00531205792257,0.843766453824,0.00528142461194,0.00528142461194,0.00528142461194,0.00528142461194,0.00528142461194,0.00528142461194,0.00528142461194,0.00528142461194,0.00528142461194,0.00528142461194,0.00528142461194,0.00528142461194,0.00528142461194,0.00528142461194,0.00528142461194,0.00528142467037,0.00528148565509,0.00528142461197,0.00528142531111,0.0347226039477,0.0
0.00478541885559,0.00478599193729,0.00481683682025,0.0049071789024,0.868654822086,0.00478541584852,0.00478541584852,0.00478541584852,0.00478541584852,0.00478541584852,0.00478541584852,0.00478541584852,0.00478541584852,0.00478541584852,0.00478541584852,0.00478541584852,0.00478541584852,0.00478541584852,0.00478541584852,0.00478541584852,0.00478541588095,0.00478544973067,0.00478541584854,0.0047854162366,0.021126815974,0.0
0.00451579881852,0.00451612218114,0.00459660030146,0.00479706587243,0.882037783553,0.00451579712171,0.00451579712171,0.00451579712171,0.00451579712171,0.00451579712171,0.00451579712171,0.00451579712171,0.00451579712171,0.00451579712171,0.00451579712171,0.00451579712171,0.00451579712171,0.00451579712171,0.00451579712171,0.00451579712171,0.00451579714001,0.00451581623978,0.00451579712172,0.00451579734068,0.0137364646058,0.0
0.00436788612939,0.00436807249689,0.00451159824199,0.00484349832483,0.889236974268,0.00436788515141,0.00436788515141,0.00436788515141,0.00436788515141,0.00436788515141,0.00436788515141,0.00436788515141,0.00436788515141,0.00436788515141,0.00436788515141,0.00436788515141,0.00436788515141,0.00436788515141,0.00436788515141,0.00436788515141,0.00436788516196,0.00436789616995,0.00436788515142,0.00436788527761,0.00968214150646,0.0
0.00428458988062,0.00428469910002,0.00449185539552,0.00495698372003,0.893175697634,0.00428458930745,0.00428458930745,0.00428458930745,0.00428458930745,0.00428458930745,0.00428458930745,0.00428458930745,0.00428458930745,0.00428458930745,0.00428458930745,0.00428458930745,0.00428458930745,0.00428458930745,0.00428458930745,0.00428458930745,0.00428458931363,0.00428459576478,0.00428458930745,0.00428458938141,0.00739897089105,0.0
0.00423655371677,0.00423661844559,0.00450039882795,0.005089232682,0.895360390435,0.00423655337705,0.00423655337705,0.00423655337705,0.00423655337705,0.00423655337705,0.00423655337705,0.00423655337705,0.00423655337705,0.00423655337705,0.00423655337705,0.00423655337705,0.00423655337705,0.00423655337705,0.00423655337705,0.00423655337705,0.00423655338071,0.00423655720398,0.00423655337705,0.00423655342088,0.00608228785443,0.0
0.00420838027148,0.00420841890634,0.00451891341762,0.00521645373557,0.896578563245,0.00420838006868,0.00420838006868,0.00420838006868,0.00420838006868,0.00420838006868,0.00420838006868,0.00420838006868,0.00420838006868,0.00420838006868,0.00420838006868,0.00420838006868,0.00420838006868,0.00420838006868,0.00420838006868,0.00420838006868,0.00420838007086,0.00420838235286,0.00420838006868,0.00420838009484,0.0053100468067,0.0
0.00419167400781,0.0041916971695,0.00453884559119,0.00532825102649,0.89725560296,0.0041916738862,0.0041916738862,0.0041916738862,0.0041916738862,0.0041916738862,0.0041916738862,0.0041916738862,0.0041916738862,0.0041916738862,0.0041916738862,0.0041916738862,0.0041916738862,0.0041916738862,0.0041916738862,0.0041916738862,0.00419167388751,0.00419167525557,0.0041916738862,0.00419167390188,0.00485212402077,0.0
0.0041816990424,0.00418171296537,0.00455661302257,0.0054213776786,0.89762760827,0.00418169896926,0.00418169896926,0.00418169896926,0.00418169896926,0.00418169896926,0.00418169896926,0.00418169896926,0.00418169896926,0.00418169896926,0.00418169896926,0.00418169896926,0.00418169896926,0.00418169896926,0.00418169896926,0.00418169896926,0.00418169897005,0.00418169979242,0.00418169896926,0.00418169897869,0.00457870777148,0.0
0.00417571778888,0.00417572617208,0.00457108362283,0.00549623485649,0.897827839761,0.00417571774481,0.00417571774481,0.00417571774481,0.00417571774481,0.00417571774481,0.00417571774481,0.00417571774481,0.00417571774481,0.00417571774481,0.00417571774481,0.00417571774481,0.00417571774481,0.00417571774481,0.00417571774481,0.00417571774481,0.00417571774529,0.00417571824044,0.00417571774481,0.00417571775049,0.00441476014505,0.0
0.0041721218971,0.00417212694982,0.0045822557877,0.00555489242399,0.89793209123,0.00417212187051,0.00417212187051,0.00417212187051,0.00417212187051,0.00417212187051,0.00417212187051,0.00417212187051,0.00417212187051,0.00417212187051,0.00417212187051,0.00417212187051,0.00417212187051,0.00417212187051,0.00417212187051,0.00417212187051,0.0041721218708,0.00417212216923,0.00417212187051,0.00417212187393,0.00431619586912,0.0
0.00416995661871,0.00416995966597,0.0045905805116,0.00559999000475,0.897983492509,0.00416995660264,0.00416995660264,0.00416995660264,0.00416995660264,0.00416995660264,0.00416995660264,0.00416995660264,0.00416995660264,0.00416995660264,0.00416995660264,0.00416995660264,0.00416995660264,0.00416995660264,0.00416995660264,0.00416995660264,0.00416995660281,0.0041699567828,0.00416995660264,0.00416995660471,0.00425684505719,0.0
0.00416865151913,0.00416865335762,0.00459662837556,0.00563415978416,0.898006456217,0.00416865150941,0.00416865150941,0.00416865150941,0.00416865150941,0.00416865150941,0.00416865150941,0.00416865150941,0.00416865150941,0.00416865150941,0.00416865150941,0.00416865150941,0.00416865150941,0.00416865150941,0.00416865150941,0.00416865150941,0.00416865150952,0.0041686516181,0.00416865150941,0.00416865151066,0.00422107195772,0.0
0.00416786441615,0.00416786552564,0.00460093958565,0.0056597557605,0.898014653579,0.00416786441026,0.00416786441026,0.00416786441026,0.00416786441026,0.00416786441026,0.00416786441026,0.00416786441026,0.00416786441026,0.00416786441026,0.00416786441026,0.00416786441026,0.00416786441026,0.00416786441026,0.00416786441026,0.00416786441026,0.00416786441032,0.00416786447584,0.00416786441026,0.00416786441101,0.00419949727191,0.0
0.00416738954365,0.00416739021331,0.0046039680043,0.00567875639974,0.898015613638,0.00416738954006,0.00416738954006,0.00416738954006,0.00416738954006,0.00416738954006,0.00416738954006,0.00416738954006,0.00416738954006,0.00416738954006,0.00416738954006,0.00416738954006,0.00416738954006,0.00416738954006,0.00416738954006,0.00416738954006,0.0041673895401,0.00416738957965,0.00416738954006,0.00416738954052,0.00418648090014,0.0
0.00416710298151,0.00416710338576,0.00460607062085,0.0056927591346,0.898013381085,0.00416710297931,0.00416710297931,0.00416710297931,0.00416710297931,0.00416710297931,0.00416710297931,0.00416710297931,0.00416710297931,0.00416710297931,0.00416710297931,0.00416710297931,0.00416710297931,0.00416710297931,0.00416710297931,0.00416710297931,0.00416710297934,0.00416710300321,0.00416710297931,0.00416710297959,0.00417862616153,0.0
0.0041669300319,0.00416693027596,0.00460751669251,0.00570301826532,0.898010048569,0.00416693003054,0.00416693003054,0.00416693003054,0.00416693003054,0.00416693003054,0.00416693003054,0.00416693003054,0.00416693003054,0.00416693003054,0.00416693003054,0.00416693003054,0.00416693003054,0.00416693003054,0.00416693003054,0.00416693003054,0.00416693003056,0.00416693004496,0.00416693003054,0.00416693003071,0.00417388557019,0.0
0.00416682564246,0.00416682578983,0.00460850349058,0.00571049885774,0.89800663479,0.00416682564161,0.00416682564161,0.00416682564161,0.00416682564161,0.00416682564161,0.00416682564161,0.00416682564161,0.00416682564161,0.00416682564161,0.00416682564161,0.00416682564161,0.00416682564161,0.00416682564161,0.00416682564161,0.00416682564161,0.00416682564162,0.00416682565031,0.00416682564161,0.00416682564171,0.00417102423,0.0
0.00416676263154,0.00416676272056,0.00460917250379,0.00571593218221,0.898003582882,0.004166762631,0.004166762631,0.004166762631,0.004166762631,0.004166762631,0.004166762631,0.004166762631,0.004166762631,0.004166762631,0.004166762631,0.004166762631,0.004166762631,0.004166762631,0.004166762631,0.004166762631,0.004166762631,0.00416676263625,0.004166762631,0.00416676263106,0.00416929708529,0.0
0.00416672459607,0.00416672464986,0.00460962358038,0.00571986587781,0.89800103945,0.00416672459571,0.00416672459571,0.00416672459571,0.00416672459571,0.00416672459571,0.00416672459571,0.00416672459571,0.00416672459571,0.00416672459571,0.00416672459571,0.00416672459571,0.00416672459571,0.00416672459571,0.00416672459571,0.00416672459571,0.00416672459572,0.00416672459889,0.00416672459571,0.00416672459575,0.00416825452378,0.0
0.00416670163616,0.00416670166868,0.00460992629223,0.00572270630834,0.897999007823,0.00416670163591,0.00416670163591,0.00416670163591,0.00416670163591,0.00416670163591,0.00416670163591,0.00416670163591,0.00416670163591,0.00416670163591,0.00416670163591,0.00416670163591,0.00416670163591,0.00416670163591,0.00416670163591,0.00416670163591,0.00416670163592,0.00416670163783,0.00416670163591,0.00416670163594,0.00416762518698,0.0
0.00416668777636,0.00416668779605,0.00461012862257,0.00572475281408,0.897997429956,0.00416668777618,0.00416668777618,0.00416668777618,0.00416668777618,0.00416668777618,0.00416668777618,0.00416668777618,0.00416668777618,0.00416668777618,0.00416668777618,0.00416668777618,0.00416668777618,0.00416668777618,0.00416668777618,0.00416668777618,0.00416668777618,0.00416668777734,0.00416668777618,0.0041666877762,0.00416724528649,0.0
0.0041666794098,0.00416667942174,0.00461026338974,0.00572622461115,0.897996228426,0.00416667940966,0.00416667940966,0.00416667940966,0.00416667940966,0.00416667940966,0.00416667940966,0.00416667940966,0.00416667940966,0.00416667940966,0.00416667940966,0.00416667940966,0.00416667940966,0.00416667940966,0.00416667940966,0.00416667940966,0.00416667940966,0.00416667941036,0.00416667940966,0.00416667940967,0.00416701595704,0.0
0.00416667435925,0.00416667436651,0.00461035288474,0.00572728147967,0.897995326566,0.00416667435913,0.00416667435913,0.00416667435913,0.00416667435913,0.00416667435913,0.00416667435913,0.00416667435913,0.00416667435913,0.00416667435913,0.00416667435913,0.00416667435913,0.00416667435913,0.00416667435913,0.00416667435913,0.00416667435913,0.00416667435914,0.00416667435956,0.00416667435913,0.00416667435914,0.00416687752014,0.0
0.00416667131042,0.00416667131486,0.00461041216019,0.0057280394299,0.897994656937,0.00416667131033,0.00416667131033,0.00416667131033,0.00416667131033,0.00416667131033,0.00416667131033,0.00416667131033,0.00416667131033,0.00416667131033,0.00416667131033,0.00416667131033,0.00416667131033,0.00416667131033,0.00416667131033,0.00416667131033,0.00416667131033,0.00416667131058,0.00416667131033,0.00416667131033,0.00416679395113,0.0
0.00416666946996,0.0041666694727,0.00461045133057,0.0057285824263,0.897994163869,0.00416666946987,0.00416666946987,0.00416666946987,0.00416666946987,0.00416666946987,0.00416666946987,0.00416666946987,0.00416666946987,0.00416666946987,0.00416666946987,0.00416666946987,0.00416666946987,0.00416666946987,0.00416666946987,0.00416666946987,0.00416666946988,0.00416666947003,0.00416666946987,0.00416666946988,0.00416674350367,0.0
0.00416666835895,0.00416666836065,0.00461047716352,0.00572897108133,0.897993803167,0.00416666835886,0.00416666835886,0.00416666835886,0.00416666835886,0.00416666835886,0.00416666835886,0.00416666835886,0.00416666835886,0.00416666835886,0.00416666835886,0.00416666835886,0.00416666835886,0.00416666835886,0.00416666835886,0.00416666835886,0.00416666835886,0.00416666835895,0.00416666835886,0.00416666835886,0.00416671305039,0.0
0.00416666768826,0.00416666768935,0.00461049417077,0.00572924905571,0.897993540653,0.00416666768818,0.00416666768818,0.00416666768818,0.00416666768818,0.00416666768818,0.00416666768818,0.00416666768818,0.00416666768818,0.00416666768818,0.00416666768818,0.00416666768818,0.00416666768818,0.00416666768818,0.00416666768818,0.00416666768818,0.00416666768818,0.00416666768824,0.00416666768818,0.00416666768819,0.00416669466685,0.0
0.0041666672834,0.00416666728411,0.00461050535062,0.00572944774303,0.897993350386,0.00416666728332,0.00416666728332,0.00416666728332,0.00416666728332,0.00416666728332,0.00416666728332,0.00416666728332,0.00416666728332,0.00416666728332,0.00416666728332,0.00416666728332,0.00416666728332,0.00416666728332,0.00416666728332,0.00416666728332,0.00416666728332,0.00416666728335,0.00416666728332,0.00416666728332,0.00416668356938,0.0
0.004166667039,0.00416666703948,0.00461051269014,0.00572958968268,0.897993212939,0.00416666703892,0.00416666703892,0.00416666703892,0.00416666703892,0.00416666703892,0.00416666703892,0.00416666703892,0.00416666703892,0.00416666703892,0.00416666703892,0.00416666703892,0.00416666703892,0.00416666703892,0.00416666703892,0.00416666703892,0.00416666703892,0.00416666703894,0.00416666703892,0.00416666703892,0.00416667687023,0.0
0.00416666689146,0.0041666668918,0.00461051750306,0.00572969103688,0.897993113914,0.00416666689138,0.00416666689138,0.00416666689138,0.00416666689138,0.00416666689138,0.00416666689138,0.00416666689138,0.00416666689138,0.00416666689138,0.00416666689138,0.00416666689138,0.00416666689138,0.00416666689138,0.00416666689138,0.00416666689138,0.00416666689138,0.00416666689139,0.00416666689138,0.00416666689138,0.00416667282619,0.0
0.00416666680239,0.00416666680266,0.00461052065611,0.00572976338293,0.897993042727,0.00416666680232,0.00416666680232,0.00416666680232,0.00416666680232,0.00416666680232,0.00416666680232,0.00416666680232,0.00416666680232,0.00416666680232,0.00416666680232,0.00416666680232,0.00416666680232,0.00416666680232,0.00416666680232,0.00416666680232,0.00416666680232,0.00416666680233,0.00416666680232,0.00416666680232,0.00416667038495,0.0
0.00416666674863,0.00416666674884,0.00461052272009,0.00572981500654,0.897992991642,0.00416666674856,0.00416666674856,0.00416666674856,0.00416666674856,0.00416666674856,0.00416666674856,0.00416666674856,0.00416666674856,0.00416666674856,0.00416666674856,0.00416666674856,0.00416666674856,0.00416666674856,0.00416666674856,0.00416666674856,0.00416666674856,0.00416666674856,0.00416666674856,0.00416666674856,0.00416666891126,0.0
0.00416666671617,0.00416666671636,0.00461052407026,0.00572985183334,0.897992955036,0.0041666667161,0.0041666667161,0.0041666667161,0.0041666667161,0.0041666667161,0.0041666667161,0.0041666667161,0.0041666667161,0.0041666667161,0.0041666667161,0.0041666667161,0.0041666667161,0.0041666667161,0.0041666667161,0.0041666667161,0.0041666667161,0.0041666667161,0.0041666667161,0.0041666667161,0.00416666802165,0.0
0.00416666669658,0.00416666669675,0.00461052495302,0.0057298780985,0.897992928837,0.00416666669651,0.00416666669651,0.00416666669651,0.00416666669651,0.00416666669651,0.00416666669651,0.00416666669651,0.00416666669651,0.00416666669651,0.00416666669651,0.00416666669651,0.00416666669651,0.00416666669651,0.00416666669651,0.00416666669651,0.00416666669651,0.00416666669651,0.00416666669651,0.00416666669651,0.00416666748462,0.0
0.00416666668476,0.00416666668491,0.00461052552996,0.00572989682737,0.897992910104,0.00416666668468,0.00416666668468,0.00416666668468,0.00416666668468,0.00416666668468,0.00416666668468,0.00416666668468,0.00416666668468,0.00416666668468,0.00416666668468,0.00416666668468,0.00416666668468,0.00416666668468,0.00416666668468,0.00416666668468,0.00416666668468,0.00416666668468,0.00416666668468,0.00416666668468,0.00416666716044,0.0
0.00416666667762,0.00416666667776,0.00461052590692,0.00572991018014,0.89799289672,0.00416666667754,0.00416666667754,0.00416666667754,0.00416666667754,0.00416666667754,0.00416666667754,0.00416666667754,0.00416666667754,0.00416666667754,0.00416666667754,0.00416666667754,0.00416666667754,0.00416666667754,0.00416666667754,0.00416666667754,0.00416666667754,0.00416666667754,0.00416666667754,0.00416666667754,0.00416666696474,0.0
0.00416666667331,0.00416666667345,0.00461052615319,0.0057299196987,0.897992887163,0.00416666667323,0.00416666667323,0.00416666667323,0.00416666667323,0.00416666667323,0.00416666667323,0.00416666667323,0.00416666667323,0.00416666667323,0.00416666667323,0.00416666667323,0.00416666667323,0.00416666667323,0.00416666667323,0.00416666667323,0.00416666667323,0.00416666667323,0.00416666667323,0.00416666667323,0.0041666668466,0.0
0.0041666666707,0.00416666667084,0.00461052631407,0.00572992648323,0.897992880344,0.00416666667063,0.00416666667063,0.00416666667063,0.00416666667063,0.00416666667063,0.00416666667063,0.00416666667063,0.00416666667063,0.00416666667063,0.00416666667063,0.00416666667063,0.00416666667063,0.00416666667063,0.00416666667063,0.00416666667063,0.00416666667063,0.00416666667063,0.00416666667063,0.00416666667063,0.00416666677529,0.0
0.00416666666913,0.00416666666927,0.00461052641917,0.00572993131854,0.89799287548,0.00416666666906,0.00416666666906,0.00416666666906,0.00416666666906,0.00416666666906,0.00416666666906,0.00416666666906,0.00416666666906,0.00416666666906,0.00416666666906,0.00416666666906,0.00416666666906,0.00416666666906,0.00416666666906,0.00416666666906,0.00416666666906,0.00416666666906,0.00416666666906,0.00416666666906,0.00416666673224,0.0
0.00416666666819,0.00416666666832,0.00461052648785,0.00572993476436,0.897992872011,0.00416666666811,0.00416666666811,0.00416666666811,0.00416666666811,0.00416666666811,0.00416666666811,0.00416666666811,0.00416666666811,0.00416666666811,0.00416666666811,0.00416666666811,0.00416666666811,0.00416666666811,0.00416666666811,0.00416666666811,0.00416666666811,0.00416666666811,0.00416666666811,0.00416666666811,0.00416666670625,0.0
0.00416666666761,0.00416666666775,0.00461052653275,0.0057299372198,0.897992869538,0.00416666666754,0.00416666666754,0.00416666666754,0.00416666666754,0.00416666666754,0.00416666666754,0.00416666666754,0.00416666666754,0.00416666666754,0.00416666666754,0.00416666666754,0.00416666666754,0.00416666666754,0.00416666666754,0.00416666666754,0.00416666666754,0.00416666666754,0.00416666666754,0.00416666666754,0.00416666669056,0.0
0.00416666666727,0.00416666666741,0.00461052656211,0.0057299389694,0.897992867776,0.00416666666719,0.00416666666719,0.00416666666719,0.00416666666719,0.00416666666719,0.00416666666719,0.00416666666719,0.00416666666719,0.00416666666719,0.00416666666719,0.00416666666719,0.00416666666719,0.00416666666719,0.00416666666719,0.00416666666719,0.00416666666719,0.00416666666719,0.00416666666719,0.00416666666719,0.00416666668109,0.0
0.00416666666706,0.0041666666672,0.00461052658132,0.005729940216,0.89799286652,0.00416666666698,0.00416666666698,0.00416666666698,0.00416666666698,0.00416666666698,0.00416666666698,0.00416666666698,0.00416666666698,0.00416666666698,0.00416666666698,0.00416666666698,0.00416666666698,0.00416666666698,0.00416666666698,0.00416666666698,0.00416666666698,0.00416666666698,0.00416666666698,0.00416666666698,0.00416666667537,0.0
0.00416666666693,0.00416666666707,0.0046105265939,0.00572994110417,0.897992865626,0.00416666666686,0.00416666666686,0.00416666666686,0.00416666666686,0.00416666666686,0.00416666666686,0.00416666666686,0.00416666666686,0.00416666666686,0.00416666666686,0.00416666666686,0.00416666666686,0.00416666666686,0.00416666666686,0.00416666666686,0.00416666666686,0.00416666666686,0.00416666666686,0.00416666666686,0.00416666667192,0.0
0.00416666666686,0.00416666666699,0.00461052660215,0.00572994173694,0.897992864988,0.00416666666678,0.00416666666678,0.00416666666678,0.00416666666678,0.00416666666678,0.00416666666678,0.00416666666678,0.00416666666678,0.00416666666678,0.00416666666678,0.00416666666678,0.00416666666678,0.00416666666678,0.00416666666678,0.00416666666678,0.00416666666678,0.00416666666678,0.00416666666678,0.00416666666678,0.00416666666984,0.0
0.00416666666681,0.00416666666695,0.00461052660756,0.00572994218774,0.897992864534,0.00416666666674,0.00416666666674,0.00416666666674,0.00416666666674,0.00416666666674,0.00416666666674,0.00416666666674,0.00416666666674,0.00416666666674,0.00416666666674,0.00416666666674,0.00416666666674,0.00416666666674,0.00416666666674,0.00416666666674,0.00416666666674,0.00416666666674,0.00416666666674,0.00416666666674,0.00416666666858,0.0
0.00416666666678,0.00416666666692,0.00461052661111,0.0057299425089,0.897992864211,0.00416666666671,0.00416666666671,0.00416666666671,0.00416666666671,0.00416666666671,0.00416666666671,0.00416666666671,0.00416666666671,0.00416666666671,0.00416666666671,0.00416666666671,0.00416666666671,0.00416666666671,0.00416666666671,0.00416666666671,0.00416666666671,0.00416666666671,0.00416666666671,0.00416666666671,0.00416666666782,0.0
0.00416666666677,0.0041666666669,0.00461052661344,0.00572994273768,0.897992863981,0.00416666666669,0.00416666666669,0.00416666666669,0.00416666666669,0.00416666666669,0.00416666666669,0.00416666666669,0.00416666666669,0.00416666666669,0.00416666666669,0.00416666666669,0.00416666666669,0.00416666666669,0.00416666666669,0.00416666666669,0.00416666666669,0.00416666666669,0.00416666666669,0.00416666666669,0.00416666666736,0.0
0.00416666666676,0.00416666666689,0.00461052661498,0.00572994290066,0.897992863817,0.00416666666668,0.00416666666668,0.00416666666668,0.00416666666668,0.00416666666668,0.00416666666668,0.00416666666668,0.00416666666668,0.00416666666668,0.00416666666668,0.00416666666668,0.00416666666668,0.00416666666668,0.00416666666668,0.00416666666668,0.00416666666668,0.00416666666668,0.00416666666668,0.00416666666668,0.00416666666709,0.0
0.00416666666675,0.00416666666689,0.00461052661599,0.00572994301677,0.8979928637,0.00416666666668,0.00416666666668,0.00416666666668,0.00416666666668,0.00416666666668,0.00416666666668,0.00416666666668,0.00416666666668,0.00416666666668,0.00416666666668,0.00416666666668,0.00416666666668,0.00416666666668,0.00416666666668,0.00416666666668,0.00416666666668,0.00416666666668,0.00416666666668,0.00416666666668,0.00416666666692,0.0
0.00416666666675,0.00416666666688,0.00461052661666,0.00572994309947,0.897992863617,0.00416666666667,0.00416666666667,0.00416666666667,0.00416666666667,0.00416666666667,0.00416666666667,0.00416666666667,0.00416666666667,0.00416666666667,0.00416666666667,0.00416666666667,0.00416666666667,0.00416666666667,0.00416666666667,0.00416666666667,0.00416666666667,0.00416666666667,0.00416666666667,0.00416666666667,0.00416666666682,0.0
0.00416666666674,0.00416666666688,0.0046105266171,0.00572994315839,0.897992863557,0.00416666666667,0.00416666666667,0.00416666666667,0.00416666666667,0.00416666666667,0.00416666666667,0.00416666666667,0.00416666666667,0.00416666666667,0.00416666666667,0.00416666666667,0.00416666666667,0.00416666666667,0.00416666666667,0.00416666666667,0.00416666666667,0.00416666666667,0.00416666666667,0.00416666666667,0.00416666666676,0.0
0.00416666666674,0.00416666666688,0.00461052661739,0.00572994320036,0.897992863515,0.00416666666667,0.00416666666667,0.00416666666667,0.00416666666667,0.00416666666667,0.00416666666667,0.00416666666667,0.00416666666667,0.00416666666667,0.00416666666667,0.00416666666667,0.00416666666667,0.00416666666667,0.00416666666667,0.00416666666667,0.00416666666667,0.00416666666667,0.00416666666667,0.00416666666667,0.00416666666672,0.0
0.00416666666674,0.00416666666688,0.00461052661759,0.00572994323025,0.897992863485,0.00416666666667,0.00416666666667,0.00416666666667,0.00416666666667,0.00416666666667,0.00416666666667,0.00416666666667,0.00416666666667,0.00416666666667,0.00416666666667,0.00416666666667,0.00416666666667,0.00416666666667,0.00416666666667,0.00416666666667,0.00416666666667,0.00416666666667,0.00416666666667,0.00416666666667,0.0041666666667,0.0
0.00416666666674,0.00416666666688,0.00461052661772,0.00572994325154,0.897992863464,0.00416666666667,0.00416666666667,0.00416666666667,0.00416666666667,0.00416666666667,0.00416666666667,0.00416666666667,0.00416666666667,0.00416666666667,0.00416666666667,0.00416666666667,0.00416666666667,0.00416666666667,0.00416666666667,0.00416666666667,0.00416666666667,0.00416666666667,0.00416666666667,0.00416666666667,0.00416666666669,0.0
0.00416666666674,0.00416666666688,0.0046105266178,0.00572994326671,0.897992863449,0.00416666666667,0.00416666666667,0.00416666666667,0.00416666666667,0.00416666666667,0.00416666666667,0.00416666666667,0.00416666666667,0.00416666666667,0.00416666666667,0.00416666666667,0.00416666666667,0.00416666666667,0.00416666666667,0.00416666666667,0.00416666666667,0.00416666666667,0.00416666666667,0.00416666666667,0.00416666666668,0.0
0.00416666666674,0.00416666666688,0.00461052661786,0.00572994327752,0.897992863438,0.00416666666667,0.00416666666667,0.00416666666667,0.00416666666667,0.00416666666667,0.00416666666667,0.00416666666667,0.00416666666667,0.00416666666667,0.00416666666667,0.00416666666667,0.00416666666667,0.00416666666667,0.00416666666667,0.00416666666667,0.00416666666667,0.00416666666667,0.00416666666667,0.00416666666667,0.00416666666667,0.0
0.00416666666674,0.00416666666688,0.0046105266179,0.00572994328521,0.89799286343,0.00416666666667,0.00416666666667,0.00416666666667,0.00416666666667,0.00416666666667,0.00416666666667,0.00416666666667,0.00416666666667,0.00416666666667,0.00416666666667,0.00416666666667,0.00416666666667,0.00416666666667,0.00416666666667,0.00416666666667,0.00416666666667,0.00416666666667,0.00416666666667,0.00416666666667,0.00416666666667,0.0
0.00416666666674,0.00416666666688,0.00461052661793,0.0057299432907,0.897992863424,0.00416666666667,0.00416666666667,0.00416666666667,0.00416666666667,0.00416666666667,0.00416666666667,0.00416666666667,0.00416666666667,0.00416666666667,0.00416666666667,0.00416666666667,0.00416666666667,0.00416666666667,0.00416666666667,0.00416666666667,0.00416666666667,0.00416666666667,0.00416666666667,0.00416666666667,0.00416666666667,0.0
0.00416666666674,0.00416666666688,0.00461052661794,0.0057299432946,0.89799286342,0.00416666666667,0.00416666666667,0.00416666666667,0.00416666666667,0.00416666666667,0.00416666666667,0.00416666666667,0.00416666666667,0.00416666666667,0.00416666666667,0.00416666666667,0.00416666666667,0.00416666666667,0.00416666666667,0.00416666666667,0.00416666666667,0.00416666666667,0.00416666666667,0.00416666666667,0.00416666666667,0.0
0.00416666666674,0.00416666666688,0.00461052661796,0.00572994329738,0.897992863418,0.00416666666667,0.00416666666667,0.00416666666667,0.00416666666667,0.00416666666667,0.00416666666667,0.00416666666667,0.00416666666667,0.00416666666667,0.00416666666667,0.00416666666667,0.00416666666667,0.00416666666667,0.00416666666667,0.00416666666667,0.00416666666667,0.00416666666667,0.00416666666667,0.00416666666667,0.00416666666667,0.0
0.00416666666674,0.00416666666688,0.00461052661796,0.00572994329937,0.897992863416,0.00416666666667,0.00416666666667,0.00416666666667,0.00416666666667,0.00416666666667,0.00416666666667,0.00416666666667,0.00416666666667,0.00416666666667,0.00416666666667,0.00416666666667,0.00416666666667,0.00416666666667,0.00416666666667,0.00416666666667,0.00416666666667,0.00416666666667,0.00416666666667,0.00416666666667,0.00416666666667,0.0
0.00416666666674,0.00416666666688,0.00461052661797,0.00572994330078,0.897992863414,0.00416666666667,0.00416666666667,0.00416666666667,0.00416666666667,0.00416666666667,0.00416666666667,0.00416666666667,0.00416666666667,0.00416666666667,0.00416666666667,0.00416666666667,0.00416666666667,0.00416666666667,0.00416666666667,0.00416666666667,0.00416666666667,0.00416666666667,0.00416666666667,0.00416666666667,0.00416666666667,0.0
0.00416666666674,0.00416666666688,0.00461052661797,0.00572994330178,0.897992863413,0.00416666666667,0.00416666666667,0.00416666666667,0.00416666666667,0.00416666666667,0.00416666666667,0.00416666666667,0.00416666666667,0.00416666666667,0.00416666666667,0.00416666666667,0.00416666666667,0.00416666666667,0.00416666666667,0.00416666666667,0.00416666666667,0.00416666666667,0.00416666666667,0.00416666666667,0.00416666666667,0.0
0.00416666666674,0.00416666666688,0.00461052661798,0.0057299433025,0.897992863413,0.00416666666667,0.00416666666667,0.00416666666667,0.00416666666667,0.00416666666667,0.00416666666667,0.00416666666667,0.00416666666667,0.00416666666667,0.00416666666667,0.00416666666667,0.00416666666667,0.00416666666667,0.00416666666667,0.00416666666667,0.00416666666667,0.00416666666667,0.00416666666667,0.00416666666667,0.00416666666667,0.0
0.00416666666674,0.00416666666688,0.00461052661798,0.00572994330301,0.897992863412,0.00416666666667,0.00416666666667,0.00416666666667,0.00416666666667,0.00416666666667,0.00416666666667,0.00416666666667,0.00416666666667,0.00416666666667,0.00416666666667,0.00416666666667,0.00416666666667,0.00416666666667,0.00416666666667,0.00416666666667,0.00416666666667,0.00416666666667,0.00416666666667,0.00416666666667,0.00416666666667,0.0
0.00416666666674,0.00416666666688,0.00461052661798,0.00572994330337,0.897992863412,0.00416666666667,0.00416666666667,0.00416666666667,0.00416666666667,0.00416666666667,0.00416666666667,0.00416666666667,0.00416666666667,0.00416666666667,0.00416666666667,0.00416666666667,0.00416666666667,0.00416666666667,0.00416666666667,0.00416666666667,0.00416666666667,0.00416666666667,0.00416666666667,0.00416666666667,0.00416666666667,0.0
0.00416666666674,0.00416666666688,0.00461052661798,0.00572994330363,0.897992863411,0.00416666666667,0.00416666666667,0.00416666666667,0.00416666666667,0.00416666666667,0.00416666666667,0.00416666666667,0.00416666666667,0.00416666666667,0.00416666666667,0.00416666666667,0.00416666666667,0.00416666666667,0.00416666666667,0.00416666666667,0.00416666666667,0.00416666666667,0.00416666666667,0.00416666666667,0.00416666666667,0.0
0.00416666666674,0.00416666666688,0.00461052661798,0.00572994330381,0.897992863411,0.00416666666667,0.00416666666667,0.00416666666667,0.00416666666667,0.00416666666667,0.00416666666667,0.00416666666667,0.00416666666667,0.00416666666667,0.00416666666667,0.00416666666667,0.00416666666667,0.00416666666667,0.00416666666667,0.00416666666667,0.00416666666667,0.00416666666667,0.00416666666667,0.00416666666667,0.00416666666667,0.0
0.00416666666674,0.00416666666688,0.00461052661798,0.00572994330395,0.897992863411,0.00416666666667,0.00416666666667,0.00416666666667,0.00416666666667,0.00416666666667,0.00416666666667,0.00416666666667,0.00416666666667,0.00416666666667,0.00416666666667,0.00416666666667,0.00416666666667,0.00416666666667,0.00416666666667,0.00416666666667,0.00416666666667,0.00416666666667,0.00416666666667,0.00416666666667,0.00416666666667,0.0
0.00416666666674,0.00416666666688,0.00461052661798,0.00572994330404,0.897992863411,0.00416666666667,0.00416666666667,0.00416666666667,0.00416666666667,0.00416666666667,0.00416666666667,0.00416666666667,0.00416666666667,0.00416666666667,0.00416666666667,0.00416666666667,0.00416666666667,0.00416666666667,0.00416666666667,0.00416666666667,0.00416666666667,0.00416666666667,0.00416666666667,0.00416666666667,0.00416666666667,0.0
0.00416666666674,0.00416666666688,0.00461052661798,0.00572994330411,0.897992863411,0.00416666666667,0.00416666666667,0.00416666666667,0.00416666666667,0.00416666666667,0.00416666666667,0.00416666666667,0.00416666666667,0.00416666666667,0.00416666666667,0.00416666666667,0.00416666666667,0.00416666666667,0.00416666666667,0.00416666666667,0.00416666666667,0.00416666666667,0.00416666666667,0.00416666666667,0.00416666666667,0.0
0.00416666666674,0.00416666666688,0.00461052661798,0.00572994330415,0.897992863411,0.00416666666667,0.00416666666667,0.00416666666667,0.00416666666667,0.00416666666667,0.00416666666667,0.00416666666667,0.00416666666667,0.00416666666667,0.00416666666667,0.00416666666667,0.00416666666667,0.00416666666667,0.00416666666667,0.00416666666667,0.00416666666667,0.00416666666667,0.00416666666667,0.00416666666667,0.00416666666667,0.0
0.00416666666674,0.00416666666688,0.00461052661798,0.00572994330419,0.897992863411,0.00416666666667,0.00416666666667,0.00416666666667,0.00416666666667,0.00416666666667,0.00416666666667,0.00416666666667,0.00416666666667,0.00416666666667,0.00416666666667,0.00416666666667,0.00416666666667,0.00416666666667,0.00416666666667,0.00416666666667,0.00416666666667,0.00416666666667,0.00416666666667,0.00416666666667,0.00416666666667,0.0
0.00416666666674,0.00416666666688,0.00461052661798,0.00572994330421,0.897992863411,0.00416666666667,0.00416666666667,0.00416666666667,0.00416666666667,0.00416666666667,0.00416666666667,0.00416666666667,0.00416666666667,0.00416666666667,0.00416666666667,0.00416666666667,0.00416666666667,0.00416666666667,0.00416666666667,0.00416666666667,0.00416666666667,0.00416666666667,0.00416666666667,0.00416666666667,0.00416666666667,0.0
0.00416666666674,0.00416666666688,0.00461052661798,0.00572994330423,0.897992863411,0.00416666666667,0.00416666666667,0.00416666666667,0.00416666666667,0.00416666666667,0.00416666666667,0.00416666666667,0.00416666666667,0.00416666666667,0.00416666666667,0.00416666666667,0.00416666666667,0.00416666666667,0.00416666666667,0.00416666666667,0.00416666666667,0.00416666666667,0.00416666666667,0.00416666666667,0.00416666666667,0.0
0.00416666666674,0.00416666666688,0.00461052661798,0.00572994330424,0.897992863411,0.00416666666667,0.00416666666667,0.00416666666667,0.00416666666667,0.00416666666667,0.00416666666667,0.00416666666667,0.00416666666667,0.00416666666667,0.00416666666667,0.00416666666667,0.00416666666667,0.00416666666667,0.00416666666667,0.00416666666667,0.00416666666667,0.00416666666667,0.00416666666667,0.00416666666667,0.00416666666667,0.0
0.00416666666674,0.00416666666688,0.00461052661798,0.00572994330425,0.897992863411,0.00416666666667,0.00416666666667,0.00416666666667,0.00416666666667,0.00416666666667,0.00416666666667,0.00416666666667,0.00416666666667,0.00416666666667,0.00416666666667,0.00416666666667,0.00416666666667,0.00416666666667,0.00416666666667,0.00416666666667,0.00416666666667,0.00416666666667,0.00416666666667,0.00416666666667,0.00416666666667,0.0
