-0.5 1.0,-0.5 2.0,0.0 1.0,0.0 1.5,0.0 2.0,other
0.0123456790123,0.0123456790123,0.0123456790123,0.0123456790123,0.0123456790123,0.938271604938
0.0124122629236,0.0123686662808,0.0144314080667,0.0144366974214,0.0143917647128,0.931959200595
0.0124694711808,0.0123812331738,0.0168404849882,0.0168544095411,0.0167463352144,0.924708065902
0.0125158518752,0.012381946118,0.0196133469483,0.0196407564518,0.0194459827792,0.916402115828
0.0125498682235,0.0123693007401,0.0227921632968,0.0228399648282,0.0225283250465,0.906920377865
0.012569936514,0.0123417618055,0.0264196811366,0.0264975539246,0.0260308131325,0.896140253487
0.0125744811548,0.0122978197806,0.0305376191255,0.0306589185158,0.0299891269288,0.883942034495
0.0125620090343,0.0122360658605,0.03518456538,0.0353674382808,0.0344351319899,0.870214789454
0.0125312039446,0.012155285774,0.0403933779267,0.040662100021,0.0393944167865,0.854863615547
0.0124810393638,0.0120545702049,0.0461881531301,0.0465746773848,0.0448834951248,0.837818064791
0.0124109044054,0.0119334362261,0.0525809189801,0.0531265942478,0.0509068446057,0.819041301535
0.0123207334107,0.011791949981,0.0595683188888,0.0603256972141,0.0574540494837,0.798539251022
0.0122111251269,0.0116308365987,0.0671286604347,0.068163265534,0.0644974072804,0.776368705025
0.0120834337547,0.0114515600923,0.0752197840856,0.0766116687356,0.0719904159888,0.752643137343
0.0119398128355,0.0112563551474,0.0837782240065,0.0856231118531,0.0798675510854,0.727534945072
0.0117831953942,0.0110481955962,0.0927200540032,0.0951298546501,0.0880456426511,0.701273057705
0.0116172007601,0.0108306916291,0.101943621528,0.10504613784,0.0964269655672,0.674135382676
0.0114459695546,0.0106079188062,0.111334088918,0.115271806517,0.104903884006,0.646436332199
0.0112739413094,0.0103841944844,0.120769379356,0.125697333321,0.113364602878,0.618510548651
0.011105600672,0.0101638280388,0.13012684878,0.13620968247,0.121699351596,0.590694688444
0.01094522461,0.00995087686251,0.139289857449,0.146698296259,0.12980623074,0.56330951408
0.0107966622446,0.00974893861264,0.14815344547,0.157060478011,0.137596024287,0.536644451375
0.0106631711312,0.00956100192181,0.156628517526,0.167205592444,0.144995499241,0.510946217735
0.0105473215385,0.00938936549263,0.164644250419,0.177057759237,0.151949013873,0.48641228944
0.0104509674141,0.00923562289795,0.172148760983,0.186557001647,0.158418548822,0.463189098236
0.0103752727454,0.00910070086426,0.17910832736,0.195659053829,0.164382489748,0.441374155454
0.0103207768407,0.00898493405087,0.185505595423,0.204334178905,0.169833590649,0.421020924132
0.010287481665,0.00888815923883,0.191337220777,0.212565392796,0.174776538834,0.40214520669
0.0102749473347,0.00880981497763,0.1966113257,0.220346445698,0.179225459619,0.384732006671
0.010282386289,0.0087490372248,0.201345035517,0.22767981995,0.183201584469,0.36874213655
0.0103087508325,0.00870474577175,0.205562242156,0.234574897374,0.186731197567,0.354118166298
0.0103528117498,0.00867571938133,0.209291651687,0.241046359093,0.189843894814,0.340789563275
0.0104132273159,0.00866065936688,0.212565117586,0.247112820484,0.192571142254,0.328677032992
0.0104886026052,0.00865824210129,0.215416238189,0.252795674779,0.19494510246,0.317696139866
0.0105775390616,0.00866716112165,0.21787919395,0.25811811315,0.196997696523,0.307760296193
0.0106786742889,0.00868615950247,0.219987805372,0.26310429625,0.198759875016,0.298783189571
0.0107907121936,0.00871405323608,0.221774797065,0.267778662083,0.200261076447,0.290680698974
0.0109124439693,0.00874974652996,0.2232712538,0.27216536215,0.201528853394,0.283372340156
0.0110427608349,0.00879224014212,0.224506251051,0.276287819848,0.202588645215,0.276782282909
0.011180659796,0.00884063403695,0.225506637769,0.280168403482,0.203463673923,0.270839990993
0.0113252438868,0.00889412569796,0.226296945316,0.283828202797,0.204174938289,0.265480544014
0.01147571837,0.008952005368,0.226899395014,0.287286894789,0.204741281458,0.260644705002
0.0116313842354,0.00901364933043,0.227333977774,0.29056268275,0.205179509378,0.256278796531
0.0117916301227,0.00907851213607,0.227618582229,0.293672292262,0.205504540651,0.2523344426
0.0119559235409,0.00914611846153,0.227769151836,0.296631009026,0.205729572292,0.248768224844
0.0121238020146,0.00921605508162,0.227799855791,0.299452745426,0.205866249812,0.245541291875
0.0122948645796,0.00928796326945,0.227723262641,0.302150125108,0.205924833462,0.24261895094
0.0124687638832,0.00936153180535,0.227550509003,0.304734577248,0.205914355411,0.23997026265
0.0126451990213,0.00943649067948,0.227291458569,0.307216434355,0.2058427648,0.237567652575
0.0128239091584,0.00951260550705,0.226954848703,0.309605029266,0.205717059266,0.235386548099
0.0130046679207,0.00958967263265,0.226548423413,0.311908788433,0.20554340264,0.233405044961
0.0131872785165,0.00966751487551,0.226079052542,0.314135319739,0.205327229228,0.231603605099
0.0133715695217,0.00974597785513,0.225552837655,0.316291493846,0.205073335563,0.229964785559
0.0135573912593,0.00982492683256,0.224975205492,0.318383518702,0.204785960682,0.228472997032
0.0137446127012,0.00990424400319,0.224350990061,0.320417007175,0.20446885612,0.227114289939
0.0139331188243,0.00998382618138,0.223684504512,0.322397038072,0.204125346782,0.225876165628
0.0141228083583,0.0100635828221,0.222979603929,0.324328210927,0.203758383799,0.224747410164
0.0143135918683,0.0101434343314,0.222239740113,0.326214695038,0.203370590394,0.223717948255
0.0145053901246,0.0102233106224,0.221468009354,0.328060273247,0.202964301678,0.222778714973
0.0146981327138,0.0103031498817,0.220667194089,0.329868380979,0.202541599198,0.221921543139
0.0148917568575,0.0103828975121,0.219839799236,0.331642141026,0.202104340942,0.221139064425
0.0150862064047,0.0104625052277,0.218988083927,0.33338439453,0.201654187449,0.220424622462
0.0152814309717,0.0105419302756,0.218114089232,0.335097728584,0.201192624536,0.2197721964
0.0154773852078,0.0106211347664,0.217219662436,0.336784500842,0.200720983136,0.219176333611
0.0156740281654,0.0107000850979,0.216306478307,0.338446861467,0.20024045663,0.218632090334
0.0158713227604,0.0107787514553,0.215376057775,0.340086772731,0.19975211602,0.218134979258
0.0160692353081,0.0108571073792,0.214429784358,0.34170602655,0.199256923251,0.217680923154
0.0162677351235,0.0109351293902,0.213468918634,0.343306260161,0.198755742904,0.217266213787
0.0164667941754,0.0110127966616,0.212494611017,0.344888970198,0.198249352513,0.216887475435
0.016666386788,0.0110900907336,0.21150791305,0.346455525312,0.197738451663,0.216541632453
0.0168664893811,0.011166995263,0.210509787421,0.348007177525,0.197223670037,0.216225880373
0.0170670802441,0.0112434958038,0.209501116841,0.349545072455,0.196705574545,0.215937660111
0.0172681393393,0.0113195796131,0.208482711948,0.351070258531,0.196184675667,0.215674634901
0.0174696481287,0.0113952354806,0.207455318344,0.352583695325,0.195661433077,0.215434669645
0.0176715894232,0.011470453577,0.206419622873,0.354086261075,0.195136260673,0.215215812378
0.0178739472491,0.0115452253195,0.205376259241,0.355578759514,0.194609531062,0.215016277615
0.0180767067301,0.0116195432522,0.204325813036,0.357061926055,0.194081579566,0.21483443136
0.0182798539836,0.0116934009394,0.203268826239,0.35853643341,0.193552707827,0.2146687776
0.0184833760277,0.0117667928696,0.202205801271,0.360002896708,0.193023187025,0.214517946099
0.0186872606988,0.0118397143701,0.201137204632,0.361461878144,0.19249326078,0.214380681375
0.0188914965782,0.0119121615293,0.20006347018,0.362913891231,0.191963147765,0.214255832716
0.0190960729256,0.0119841311276,0.198985002089,0.36435940467,0.191433044057,0.214142345131
0.0193009796202,0.0120556205745,0.197902177513,0.365798845895,0.190903125257,0.214039251141
0.0195062071069,0.0121266278512,0.196815348999,0.367232604312,0.190373548412,0.21394566332
0.0197117463479,0.0121971514598,0.195724846669,0.368661034265,0.189844453749,0.213860767509
0.0199175887792,0.0122671903756,0.194630980198,0.370084457759,0.189315966243,0.213783816646
0.0201237262705,0.0123367440049,0.193534040597,0.371503166953,0.188788197044,0.213714125132
0.0203301510892,0.0124058121458,0.192434301842,0.37291742645,0.188261244766,0.213651063707
0.0205368558669,0.012474394953,0.191332022351,0.374327475406,0.18773519666,0.213594054763
0.0207438335698,0.0125424929047,0.190227446313,0.375733529464,0.187210129678,0.21354256807
0.0209510774702,0.0126101067735,0.189120804916,0.377135782536,0.186686111442,0.213496116862
0.0211585811215,0.0126772375987,0.188012317445,0.378534408446,0.186163201122,0.213454254266
0.0213663383347,0.0127438866612,0.186902192294,0.379929562441,0.18564145024,0.21341657003
0.0215743431568,0.0128100554609,0.185790627878,0.381321382584,0.185120903398,0.213382687522
0.0217825898506,0.0128757456953,0.184677813472,0.382709991045,0.184601598942,0.213352260996
0.0219910728768,0.0129409592401,0.183563929967,0.384095495284,0.184083569566,0.213324973067
0.0221997868764,0.0130056981315,0.182449150562,0.385477989151,0.183566842868,0.213300532412
0.0224087266555,0.0130699645493,0.181333641396,0.386857553898,0.183051441849,0.213278671653
0.0226178871701,0.0131337608024,0.180217562122,0.388234259119,0.182537385371,0.213259145415
0.0228272635132,0.0131970893144,0.179101066431,0.38960816361,0.18202468858,0.213241728551
0.0230368509018,0.0132599526108,0.177984302526,0.39097931618,0.181513363281,0.2132262145
0.0232466446651,0.0133223533071,0.176867413559,0.392347756386,0.181003418293,0.213212413789
0.0234566402344,0.0133842940984,0.175750538026,0.393713515225,0.180494859759,0.213200152657
0.0236668331321,0.0134457777484,0.174633810127,0.395076615769,0.179987691439,0.213189271784
0.0238772189633,0.0135068070813,0.173517360093,0.396437073758,0.179481914976,0.213179625129
0.0240877934063,0.0135673849723,0.172401314488,0.397794898144,0.178977530131,0.213171078859
0.0242985522054,0.0136275143403,0.171285796477,0.399150091601,0.178474535007,0.213163510369
0.0245094911626,0.0136871981406,0.170170926075,0.400502651,0.177972926247,0.213156807375
0.0247206061315,0.0137464393581,0.169056820369,0.40185256784,0.177472699218,0.213150867084
0.0249318930102,0.0138052410017,0.167943593725,0.403199828661,0.176973848171,0.213145595431
0.0251433477361,0.0138636060982,0.166831357971,0.404544415418,0.176476366401,0.213140906377
0.0253549662798,0.0139215376875,0.165720222564,0.405886305834,0.175980246375,0.21313672126
0.0255667446404,0.0139790388179,0.164610294744,0.407225473728,0.175485479865,0.213132968205
0.0257786788408,0.0140361125417,0.16350167967,0.408561889318,0.174992058056,0.213129581574
0.0259907649234,0.0140927619115,0.162394480542,0.409895519504,0.174499971652,0.213126501467
0.0262029989462,0.0141489899766,0.161288798718,0.411226328134,0.174009210969,0.213123673256
0.0264153769791,0.0142047997797,0.16018473381,0.412554276248,0.173519766018,0.213121047165
0.0266278951011,0.0142601943541,0.159082383778,0.41387932231,0.173031626585,0.213118577872
0.0268405493964,0.0143151767211,0.157981845009,0.415201422418,0.172544782299,0.213116224157
0.0270533359526,0.0143697498874,0.156883212391,0.416520530509,0.172059222694,0.213113948566
0.0272662508579,0.0144239168432,0.15578657938,0.417836598545,0.171574937267,0.213111717107
0.0274792901986,0.0144776805601,0.154692038053,0.419149576685,0.17109191553,0.213109498974
0.0276924500577,0.0145310439896,0.153599679166,0.420459413449,0.170610147052,0.213107266286
0.0279057265127,0.0145840100615,0.152509592194,0.421766055878,0.170129621505,0.213104993849
0.0281191156342,0.0146365816824,0.151421865375,0.423069449666,0.169650328699,0.213102658944
0.0283326134848,0.0146887617347,0.150336585741,0.424369539305,0.169172258615,0.21310024112
0.0285462161175,0.0147405530759,0.149253839154,0.425666268207,0.168695401433,0.213097722013
0.0287599195749,0.0147919585369,0.148173710328,0.426959578821,0.16821974756,0.213095085178
0.0289737198884,0.0148429809222,0.147096282855,0.428249412749,0.167745287655,0.21309231593
0.0291876130777,0.0148936230085,0.146021639223,0.429535710848,0.167272012643,0.2130894012
0.0294015951499,0.0149438875448,0.144949860829,0.430818413328,0.16679991374,0.213086329408
0.0296156620992,0.0149937772516,0.143881028001,0.432097459849,0.166328982463,0.213083090336
0.0298298099069,0.0150432948209,0.14281522,0.433372789605,0.165859210647,0.21307967502
0.0300440345411,0.0150924429155,0.141752515034,0.43464434141,0.165390590454,0.213076075646
0.0302583319563,0.0151412241695,0.140692990261,0.435912053774,0.164923114383,0.213072285455
0.0304726980944,0.0151896411878,0.139636721799,0.437175864978,0.164456775282,0.213068298659
0.0306871288837,0.0152376965463,0.138583784723,0.438435713145,0.163991566347,0.213064110356
0.03090162024,0.0152853927918,0.137534253069,0.439691536305,0.163527481134,0.21305971646
0.031116168067,0.0153327324423,0.136488199836,0.440943272461,0.163064513558,0.213055113636
0.0313307682559,0.0153797179872,0.135445696982,0.442190859644,0.162602657901,0.21305029923
0.0315454166869,0.0154263518873,0.134406815425,0.443434235972,0.162141908809,0.21304527122
0.0317601092292,0.0154726365753,0.133371625035,0.444673339708,0.161682261295,0.213040028157
0.0319748417417,0.0155185744561,0.132340194638,0.445908109305,0.161223710739,0.21303456912
0.032189610074,0.015564167907,0.131312592003,0.447138483458,0.160766252887,0.213028893672
0.0324044100669,0.015609419278,0.130288883842,0.448364401149,0.160309883849,0.213023001815
0.0326192375533,0.0156543308927,0.129269135805,0.449585801695,0.159854600097,0.213016893957
0.0328340883592,0.0156989050481,0.128253412471,0.450802624785,0.159400398465,0.213010570873
0.0330489583042,0.0157431440156,0.127241777341,0.452014810524,0.158947276139,0.213004033676
0.033263843203,0.0157870500409,0.126234292838,0.453222299471,0.15849523066,0.212997283787
0.033478738866,0.0158306253452,0.125231020291,0.454425032674,0.158044259917,0.212990322906
0.0336936411007,0.0158738721251,0.124232019936,0.455622951707,0.157594362142,0.212983152989
0.0339085457122,0.0159167925533,0.123237350904,0.456815998702,0.157145535905,0.212975776224
0.0341234485048,0.0159593887793,0.122247071215,0.458004116381,0.156697780111,0.212968195009
0.0343383452828,0.0160016629296,0.121261237773,0.45918724809,0.15625109399,0.212960411935
0.0345532318519,0.0160436171087,0.120279906358,0.460365337821,0.155805477095,0.212952429766
0.0347681040201,0.0160852533993,0.119303131617,0.461538330247,0.155360929294,0.212944251423
0.0349829575988,0.0161265738628,0.118330967062,0.462706170747,0.154917450764,0.212935879966
0.0351977884044,0.0161675805402,0.117363465058,0.463868805428,0.154475041985,0.212927318585
0.0354125922589,0.0162082754524,0.116400676821,0.465026181152,0.154033703732,0.212918570584
0.0356273649917,0.0162486606006,0.115442652412,0.46617824556,0.153593437069,0.212909639367
0.0358421024402,0.0162887379673,0.114489440727,0.467324947093,0.153154243342,0.212900528431
0.0360568004515,0.0163285095166,0.113541089497,0.468466235012,0.15271612417,0.212891241352
0.0362714548833,0.0163679771946,0.11259764528,0.46960205942,0.152279081443,0.212881781779
0.0364860616053,0.0164071429302,0.111659153455,0.470732371279,0.151843117308,0.212872153423
0.0367006165003,0.0164460086355,0.110725658223,0.47185712243,0.151408234164,0.212862360047
0.0369151154652,0.0164845762062,0.109797202595,0.472976265611,0.150974434659,0.212852405463
0.0371295544126,0.0165228475226,0.108873828398,0.474089754471,0.150541721673,0.212842293523
0.0373439292719,0.0165608244494,0.107955576262,0.475197543584,0.150110098322,0.21283202811
0.0375582359899,0.0165985088369,0.107042485626,0.47629958847,0.14967956794,0.212821613137
0.0377724705329,0.0166359025211,0.10613459473,0.477395845603,0.149250134077,0.212811052536
0.0379866288871,0.0166730073241,0.105231940615,0.478486272424,0.148821800492,0.212800350258
0.0382007070601,0.016709825055,0.104334559122,0.479570827357,0.14839457114,0.212789510266
0.0384147010818,0.0167463575099,0.103442484891,0.480649469817,0.147968450172,0.212778536527
0.0386286070059,0.0167826064728,0.102555751361,0.481722160224,0.147543441921,0.212767433016
0.0388424209106,0.0168185737156,0.101674390766,0.482788860007,0.147119550897,0.212756203704
0.0390561388996,0.0168542609989,0.100798434145,0.48384953162,0.146696781778,0.212744852559
0.0392697571037,0.0168896700722,0.0999279113302,0.484904138545,0.146275139407,0.212733383543
0.0394832716814,0.0169248026744,0.0990628509599,0.485952645302,0.145854628777,0.212721800605
0.0396966788199,0.0169596605342,0.0982032804736,0.486995017456,0.145435255032,0.212710107684
0.0399099747362,0.0169942453706,0.0973492261171,0.488031221624,0.145017023452,0.2126983087
0.0401231556783,0.0170285588929,0.0965007129445,0.489061225478,0.14459993945,0.212686407557
0.0403362179256,0.0170626028015,0.095657764822,0.49008499775,0.144184008564,0.212674408136
0.0405491577904,0.017096378788,0.0948204044318,0.491102508242,0.14376923645,0.212662314297
0.0407619716183,0.0171298885357,0.0939886532761,0.492113727822,0.143355628873,0.212650129875
0.0409746557896,0.0171631337198,0.0931625316818,0.493118628429,0.142943191702,0.212637858677
0.0411872067196,0.0171961160076,0.0923420588065,0.494117183081,0.142531930903,0.212625504483
0.0413996208598,0.0172288370593,0.0915272526431,0.495109365868,0.142121852529,0.212613071041
0.0416118946985,0.0172612985275,0.0907181300268,0.496095151959,0.141712962718,0.212600562071
0.0418240247617,0.0172935020584,0.0899147066415,0.497074517601,0.141305267682,0.212587981255
0.0420360076136,0.0173254492913,0.0891169970264,0.498047440119,0.140898773704,0.212575332246
0.0422478398576,0.0173571418593,0.088325014584,0.499013897916,0.140493487126,0.212562618657
0.042459518137,0.0173885813892,0.0875387715876,0.499973870469,0.140089414351,0.212549844067
0.0426710391352,0.0174197695022,0.0867582791899,0.50092733833,0.139686561826,0.212537012016
0.0428823995768,0.0174507078137,0.0859835474314,0.501874283125,0.139284936047,0.212524126007
0.0430935962281,0.0174813979336,0.0852145852495,0.502814687547,0.138884543541,0.212511189501
0.0433046258974,0.0175118414668,0.0844514004881,0.503748535356,0.138485390872,0.21249820592
0.0435154854359,0.017542040013,0.0836939999075,0.504675811374,0.138087484626,0.212485178644
0.043726171738,0.0175719951669,0.0829423891944,0.505596501481,0.137690831407,0.212472111013
0.0439366817417,0.0176017085187,0.0821965729724,0.506510592611,0.137295437835,0.212459006321
0.0441470124293,0.0176311816541,0.0814565548133,0.507418072744,0.136901310536,0.212445867823
0.0443571608276,0.0176604161541,0.080722337248,0.508318930904,0.13650845614,0.212432698726
0.0445671240085,0.0176894135957,0.079993921778,0.50921315715,0.136116881273,0.212419502195
0.0447768990892,0.0177181755517,0.0792713088875,0.51010074257,0.135726592551,0.212406281351
0.0449864832323,0.0177467035908,0.0785544980554,0.510981679276,0.135337596578,0.212393039267
0.0451958736469,0.0177749992778,0.077843487768,0.511855960394,0.13494989994,0.212379778974
0.0454050675879,0.0178030641737,0.0771382755312,0.512723580057,0.134563509197,0.212366503453
0.045614062357,0.0178308998357,0.0764388578842,0.513584533399,0.134178430881,0.212353215642
0.0458228553025,0.0178585078175,0.0757452304121,0.514438816543,0.133794671493,0.212339918432
0.0460314438197,0.017885889669,0.0750573877597,0.515286426592,0.133412237493,0.212326614667
0.0462398253508,0.0179130469367,0.0743753236453,0.516127361625,0.1330311353,0.212313307142
0.0464479973855,0.0179399811637,0.0736990308745,0.516961620681,0.132651371286,0.212299998609
0.0466559574606,0.0179666938895,0.0730285013541,0.517789203753,0.132272951773,0.212286691769
0.0468637031607,0.0179931866503,0.0723637261068,0.518610111777,0.131895883027,0.212273389279
0.0470712321174,0.0180194609789,0.0717046952857,0.519424346619,0.131520171254,0.212260093745
0.0472785420103,0.0180455184049,0.0710513981887,0.520231911068,0.131145822599,0.212246807729
0.0474856305662,0.0180713604545,0.0704038232734,0.521032808824,0.130772843139,0.212233533743
0.0476924955597,0.0180969886505,0.0697619581724,0.521827044484,0.13040123888,0.212220274253
0.0478991348126,0.0181224045125,0.0691257897078,0.522614623533,0.130031015755,0.212207031678
0.0481055461945,0.0181476095569,0.0684953039071,0.523395552332,0.129662179621,0.212193808388
0.0483117276219,0.0181726052965,0.0678704860181,0.524169838104,0.129294736252,0.212180606707
0.0485176770591,0.0181973932412,0.0672513205245,0.524937488925,0.128928691339,0.212167428911
0.048723392517,0.0182219748971,0.0666377911614,0.525698513708,0.128564050487,0.212154277229
0.0489288720537,0.0182463517673,0.0660298809308,0.526452922192,0.128200819211,0.212141153845
0.0491341137741,0.0182705253513,0.0654275721176,0.527200724931,0.127839002933,0.212128060893
0.0493391158298,0.0182944971452,0.0648308463048,0.527941933279,0.127478606979,0.212115000463
0.0495438764184,0.0183182686418,0.0642396843897,0.528676559374,0.12711963658,0.212101974597
0.0497483937842,0.0183418413301,0.0636540665997,0.529404616131,0.126762096863,0.212088985292
0.049952666217,0.0183652166957,0.0630739725076,0.530126117224,0.126405992857,0.212076034499
0.0501566920524,0.0183883962207,0.0624993810481,0.530841077075,0.126051329481,0.212063124122
0.0503604696714,0.0184113813834,0.0619302705333,0.531549510839,0.125698111552,0.212050256021
0.0505639974998,0.0184341736584,0.0613666186684,0.532251434389,0.125346343773,0.212037432011
0.0507672740085,0.0184567745166,0.0608084025679,0.532946864304,0.124996030742,0.212024653861
0.0509702977126,0.0184791854249,0.060255598771,0.533635817857,0.124647176938,0.212011923296
0.0511730671712,0.0185014078464,0.0597081832574,0.534318312997,0.124299786731,0.211999241997
0.0513755809871,0.0185234432403,0.0591661314635,0.534994368337,0.123953864372,0.2119866116
0.0515778378065,0.0185452930616,0.0586294182972,0.53566400314,0.123609413994,0.2119740337
0.0517798363185,0.0185669587612,0.0580980181542,0.536327237305,0.123266439615,0.211961509847
0.0519815752544,0.0185884417859,0.0575719049332,0.536984091351,0.122924945128,0.211949041547
0.052183053388,0.0186097435781,0.0570510520515,0.537634586407,0.122584934309,0.211936630267
0.0523842695345,0.018630865576,0.0565354324602,0.538278744193,0.122246410808,0.211924277429
0.0525852225502,0.0186518092132,0.0560250186594,0.53891658701,0.121909378153,0.211911984414
0.0527859113324,0.0186725759188,0.0555197827137,0.539548137722,0.121573839749,0.211899752564
0.0529863348185,0.0186931671175,0.0550196962669,0.540173419746,0.121239798874,0.211887583177
0.0531864919857,0.0187135842291,0.0545247305573,0.540792457034,0.120907258681,0.211875477513
0.0533863818505,0.0187338286686,0.0540348564322,0.541405274062,0.120576222196,0.21186343679
0.0535860034684,0.0187539018464,0.0535500443626,0.542011895815,0.120246692318,0.21185146219
0.0537853559329,0.0187738051677,0.053070264458,0.54261234777,0.119918671819,0.211839554852
0.0539844383757,0.0187935400328,0.0525954864809,0.543206655889,0.119592163343,0.211827715878
0.0541832499653,0.0188131078369,0.0521256798607,0.543794846599,0.119267169405,0.211815946333
0.0543817899074,0.0188325099698,0.051660813708,0.544376946779,0.118943692391,0.211804247244
0.0545800574438,0.0188517478164,0.0512008568288,0.544952983751,0.118621734561,0.211792619599
0.0547780518518,0.0188708227557,0.0507457777381,0.545522985259,0.118301298043,0.211781064352
0.054975772444,0.0188897361617,0.0502955446736,0.546086979462,0.11798238484,0.211769582419
0.0551732185677,0.0189084894027,0.0498501256094,0.546644994918,0.117664996822,0.21175817468
0.0553703896042,0.0189270838412,0.0494094882688,0.54719706057,0.117349135733,0.211746841982
0.0555672849682,0.0189455208342,0.0489736001382,0.547743205734,0.11703480319,0.211735585135
0.0557639041074,0.0189638017328,0.0485424284796,0.548283460085,0.116722000679,0.211724404916
0.0559602465018,0.0189819278823,0.0481159403432,0.548817853645,0.11641072956,0.211713302068
0.0561563116636,0.0189999006218,0.0476941025807,0.549346416769,0.116100991064,0.211702277301
0.0563520991357,0.0190177212845,0.0472768818572,0.549869180133,0.115792786298,0.211691331291
0.056547608492,0.0190353911976,0.0468642446635,0.550386174721,0.115486116241,0.211680464685
0.0567428393365,0.0190529116819,0.0464561573282,0.550897431815,0.115180981744,0.211669678095
0.0569377913027,0.0190702840519,0.0460525860298,0.551402982976,0.114877383537,0.211658972102
0.0571324640531,0.0190875096158,0.0456534968079,0.551902860041,0.114575322222,0.21164834726
0.0573268572786,0.0191045896753,0.045258855575,0.552397095104,0.114274798279,0.211637804088
0.0575209706979,0.0191215255257,0.0448686281277,0.552885720506,0.113975812064,0.211627343079
0.057714804057,0.0191383184555,0.0444827801575,0.553368768823,0.113678363812,0.211616964695
0.0579083571286,0.0191549697468,0.0441012772621,0.553846272858,0.113382453634,0.21160666937
0.0581016297114,0.0191714806747,0.0437240849558,0.554318265624,0.113088081525,0.211596457509
0.0582946216299,0.0191878525076,0.0433511686799,0.554784780336,0.112795247355,0.211586329492
0.0584873327335,0.0192040865071,0.0429824938131,0.555245850399,0.112503950879,0.211576285668
0.0586797628959,0.0192201839277,0.0426180256815,0.555701509398,0.112214191733,0.211566326363
0.0588719120148,0.0192361460171,0.0422577295683,0.556151791086,0.111925969438,0.211556451875
0.0590637800112,0.0192519740157,0.0419015707238,0.556596729374,0.111639283398,0.211546662477
0.059255366829,0.0192676691571,0.0415495143745,0.557036358319,0.111354132904,0.211536958417
0.0594466724339,0.0192832326674,0.0412015257322,0.557470712118,0.111070517132,0.211527339917
0.0596376968137,0.0192986657655,0.0408575700035,0.557899825093,0.110788435147,0.211517807177
0.0598284399772,0.0193139696633,0.0405176123982,0.558323731684,0.110507885905,0.211508360372
0.0600189019536,0.019329145565,0.0401816181383,0.558742466439,0.110228868249,0.211498999655
0.0602090827923,0.0193441946675,0.0398495524661,0.559156064001,0.109951380917,0.211489725156
0.0603989825622,0.0193591181605,0.0395213806522,0.559564559105,0.109675422538,0.211480536982
0.0605886013511,0.0193739172259,0.0391970680043,0.559967986563,0.109400991637,0.211471435219
0.0607779392654,0.0193885930382,0.0388765798742,0.560366381258,0.109128086632,0.211462419932
0.0609669964293,0.0194031467643,0.0385598816658,0.560759778134,0.108856705842,0.211453491165
0.0611557729845,0.0194175795635,0.0382469388425,0.561148212188,0.10858684748,0.211444648942
0.0613442690896,0.0194318925875,0.0379377169343,0.56153171846,0.108318509662,0.211435893267
0.0615324849196,0.01944608698,0.037632181545,0.561910332027,0.108051690403,0.211427224125
0.0617204206654,0.0194601638774,0.0373302983589,0.562284087992,0.107786387624,0.211418641482
0.0619080765335,0.0194741244081,0.0370320331472,0.56265302148,0.107522599146,0.211410145285
0.0620954527451,0.0194879696928,0.0367373517752,0.563017167625,0.107260322698,0.211401735464
0.0622825495361,0.0195017008441,0.0364462202076,0.563376561567,0.106999555914,0.211393411931
0.062469367156,0.0195153189672,0.0361586045154,0.563731238441,0.106740296339,0.211385174581
0.0626559058684,0.0195288251591,0.0358744708812,0.564081233373,0.106482541426,0.211377023292
0.0628421659495,0.019542220509,0.0355937856054,0.56442658147,0.106226288539,0.211368957927
0.0630281476882,0.0195555060982,0.0353165151113,0.564767317815,0.105971534957,0.211360978331
0.0632138513856,0.019568683,0.0350426259506,0.565103477458,0.105718277871,0.211353084335
0.0633992773547,0.0195817522799,0.0347720848089,0.565435095412,0.105466514388,0.211345275757
0.0635844259194,0.0195947149951,0.0345048585102,0.565762206645,0.105216241535,0.211337552396
0.0637692974147,0.0196075721952,0.034240914022,0.566084846074,0.104967456254,0.211329914041
0.0639538921861,0.0196203249216,0.03398021846,0.566403048559,0.104720155409,0.211322360465
0.0641382105888,0.0196329742076,0.0337227390924,0.566716848896,0.104474335788,0.211314891427
0.0643222529878,0.0196455210787,0.0334684433446,0.567026281814,0.104229994098,0.211307506677
0.0645060197574,0.0196579665523,0.033217298803,0.567331381966,0.103987126974,0.211300205947
0.0646895112805,0.0196703116376,0.0329692732191,0.567632183926,0.103745730977,0.21129298896
0.0648727279484,0.0196825573361,0.0327243345136,0.56792872218,0.103505802594,0.211285855428
0.0650556701606,0.0196947046411,0.0324824507797,0.568221031127,0.103267338243,0.211278805049
0.0652383383242,0.0197067545377,0.0322435902871,0.568509145068,0.103030334273,0.21127183751
0.0654207328534,0.0197187080032,0.032007721485,0.568793098205,0.102794786963,0.211264952491
0.0656028541696,0.0197305660068,0.0317748130059,0.569072924633,0.102560692528,0.211258149656
0.0657847027005,0.0197423295097,0.0315448336679,0.56934865834,0.102328047118,0.211251428664
0.0659662788803,0.0197539994651,0.0313177524785,0.569620333197,0.102096846819,0.211244789161
0.0661475831488,0.019765576818,0.0310935386369,0.569887982957,0.101867087655,0.211238230784
0.0663286159515,0.0197770625058,0.030872161537,0.570151641252,0.10163876559,0.211231753163
0.066509377739,0.0197884574575,0.0306535907699,0.570411341586,0.10141187653,0.211225355918
0.066689868967,0.0197997625943,0.0304377961261,0.570667117332,0.101186416321,0.211219038659
0.0668700900954,0.0198109788296,0.0302247475983,0.57091900173,0.100962380756,0.21121280099
0.0670500415888,0.0198221070685,0.0300144153829,0.571167027881,0.100739765571,0.211206642507
0.0672297239155,0.0198331482086,0.0298067698828,0.571411228745,0.10051856645,0.211200562798
0.0674091375474,0.0198441031393,0.029601781709,0.571651637137,0.100298779024,0.211194561443
0.06758828296,0.0198549727421,0.0293994216821,0.571888285725,0.100080398875,0.211188638016
0.0677671606319,0.0198657578907,0.0291996608348,0.572121207023,0.0998634215348,0.211182792085
0.0679457710442,0.0198764594512,0.0290024704126,0.572350433394,0.0996478424875,0.21117702321
0.0681241146809,0.0198870782814,0.028807821876,0.572575997043,0.0994336571713,0.211171330947
0.0683021920281,0.0198976152317,0.0286156869016,0.572797930015,0.0992208609791,0.211165714844
0.0684800035741,0.0199080711446,0.0284260373833,0.573016264193,0.09900944926,0.211160174445
0.0686575498088,0.0199184468547,0.0282388454335,0.573231031295,0.0987994173208,0.211154709287
0.0688348312236,0.0199287431892,0.0280540833844,0.573442262871,0.0985907604272,0.211149318905
0.0690118483115,0.0199389609672,0.0278717237886,0.573649990302,0.0983834738049,0.211144002826
0.0691886015663,0.0199491010006,0.0276917394205,0.573854244798,0.0981775526412,0.211138760574
0.0693650914827,0.0199591640934,0.0275141032765,0.574055057394,0.0979729920859,0.211133591668
0.0695413185561,0.019969151042,0.027338788576,0.574252458949,0.0977697872529,0.211128495624
0.0697172832821,0.0199790626352,0.0271657687623,0.574446480146,0.0975679332213,0.211123471953
0.0698929861568,0.0199888996546,0.0269950175023,0.574637151487,0.0973674250363,0.211118520163
0.0700684276761,0.0199986628738,0.0268265086879,0.574824503292,0.0971682577109,0.211113639759
0.0702436083357,0.0200083530594,0.0266602164358,0.575008565701,0.0969704262269,0.211108830241
0.070418528631,0.0200179709704,0.0264961150878,0.575189368667,0.0967739255357,0.211104091109
0.0705931890568,0.0200275173582,0.0263341792111,0.575366941957,0.0965787505602,0.211099421856
0.070767590107,0.0200369929671,0.0261743835987,0.575541315155,0.0963848961952,0.211094821977
0.0709417322749,0.0200463985342,0.0260167032688,0.575712517651,0.0961923573089,0.211090290962
0.0711156160522,0.020055734789,0.0258611134655,0.575880578651,0.0960011287441,0.211085828298
0.0712892419298,0.020065002454,0.0257075896582,0.576045527166,0.0958112053189,0.211081433473
0.0714626103969,0.0200742022444,0.0255561075419,0.576207392019,0.0956225818281,0.21107710597
0.0716357219412,0.0200833348683,0.0254066430365,0.576366201837,0.0954352530444,0.211072845272
0.0718085770488,0.0200924010267,0.0252591722869,0.576521985058,0.0952492137188,0.211068650861
0.0719811762037,0.0201014014136,0.0251136716626,0.576674769922,0.0950644585823,0.211064522216
0.0721535198879,0.0201103367157,0.024970117757,0.576824584477,0.0948809823468,0.211060458815
0.0723256085815,0.0201192076131,0.0248284873876,0.576971456574,0.0946987797056,0.211056460138
0.0724974427621,0.0201280147787,0.0246887575949,0.57711541387,0.0945178453349,0.21105252566
0.0726690229048,0.0201367588787,0.024550905642,0.577256483822,0.0943381738948,0.211048654857
0.0728403494826,0.0201454405721,0.0244149090141,0.577394693695,0.0941597600299,0.211044847206
0.0730114229653,0.0201540605116,0.0242807454178,0.577530070553,0.0939825983702,0.211041102182
0.0731822438204,0.0201626193427,0.0241483927806,0.577662641265,0.0938066835326,0.211037419258
0.0733528125124,0.0201711177044,0.0240178292497,0.577792432501,0.0936320101211,0.211033797911
0.0735231295026,0.0201795562292,0.0238890331915,0.577919470733,0.0934585727283,0.211030237615
0.0736931952496,0.0201879355425,0.0237619831908,0.578043782236,0.0932863659357,0.211026737845
0.0738630102086,0.0201962562637,0.0236366580499,0.578165393087,0.0931153843149,0.211023298076
0.0740325748317,0.0202045190052,0.0235130367876,0.578284329163,0.0929456224287,0.211019917784
0.0742018895674,0.0202127243733,0.0233910986384,0.578400616145,0.0927770748311,0.211016596444
0.0743709548611,0.0202208729675,0.0232708230511,0.578514279517,0.0926097360691,0.211013333534
0.0745397711545,0.0202289653813,0.0231521896885,0.578625344562,0.0924436006827,0.211010128531
0.0747083388858,0.0202370022015,0.0230351784258,0.578733836368,0.0922786632062,0.211006980913
0.0748766584894,0.020244984009,0.0229197693496,0.578839779824,0.0921149181687,0.211003890159
0.0750447303963,0.0202529113782,0.0228059427568,0.578943199625,0.0919523600949,0.211000855749
0.0752125550332,0.0202607848774,0.0226936791536,0.579044120265,0.091790983506,0.210997877165
0.0753801328235,0.0202686050687,0.0225829592543,0.579142566044,0.0916307829201,0.210994953889
0.0755474641863,0.0202763725082,0.0224737639799,0.579238561067,0.0914717528532,0.210992085405
0.0757145495369,0.0202840877459,0.0223660744571,0.579332129241,0.0913138878199,0.210989271199
0.0758813892866,0.0202917513258,0.0222598720168,0.57942329428,0.0911571823339,0.210986510757
0.0760479838425,0.0202993637861,0.0221551381933,0.579512079703,0.0910016309086,0.210983803567
0.0762143336076,0.0203069256589,0.0220518547224,0.579598508834,0.0908472280581,0.210981149119
0.076380438981,0.0203144374706,0.0219500035405,0.579682604805,0.0906939682977,0.210978546906
0.0765463003573,0.0203218997418,0.0218495667831,0.579764390554,0.0905418461442,0.21097599642
0.0767119181269,0.0203293129873,0.0217505267837,0.579843888828,0.090390856117,0.210973497157
0.076877292676,0.0203366777162,0.0216528660721,0.579921122182,0.0902409927384,0.210971048615
0.0770424243866,0.0203439944321,0.0215565673731,0.579996112981,0.0900922505344,0.210968650293
0.0772073136362,0.0203512636327,0.0214616136052,0.5800688834,0.0899446240349,0.210966301691
0.0773719607978,0.0203584858105,0.0213679878792,0.580139455422,0.0897981077747,0.210964002315
0.0775363662405,0.0203656614524,0.0212756734968,0.580207850847,0.0896526962939,0.21096175167
0.0777005303284,0.0203727910397,0.0211846539488,0.580274091282,0.0895083841381,0.210959549263
0.0778644534215,0.0203798750484,0.0210949129142,0.58033819815,0.0893651658594,0.210957394606
0.0780281358755,0.0203869139492,0.0210064342584,0.580400192689,0.0892230360169,0.210955287211
0.0781915780412,0.0203939082074,0.0209192020318,0.58046009595,0.0890819891767,0.210953226593
0.0783547802652,0.0204008582833,0.0208332004683,0.5805179288,0.0889420199129,0.21095121227
0.0785177428896,0.0204077646316,0.0207484139838,0.580573711925,0.0888031228078,0.210949243762
0.078680466252,0.0204146277021,0.0206648271748,0.580627465826,0.0886652924524,0.210947320592
0.0788429506853,0.0204214479395,0.0205824248169,0.580679210825,0.0885285234471,0.210945442286
0.0790051965182,0.0204282257834,0.0205011918631,0.580728967063,0.0883928104017,0.210943608371
0.0791672040747,0.0204349616683,0.0204211134426,0.580776754501,0.0882581479362,0.210941818378
0.0793289736742,0.0204416560239,0.0203421748588,0.580822592922,0.0881245306811,0.21094007184
0.0794905056318,0.0204483092749,0.0202643615886,0.580866501933,0.0879919532777,0.210938368294
0.079651800258,0.0204549218411,0.0201876592798,0.580908500964,0.0878604103786,0.210936707279
0.0798128578586,0.0204614941376,0.0201120537505,0.580948609269,0.0877298966481,0.210935088336
0.0799736787352,0.0204680265746,0.020037530987,0.58098684593,0.0876004067627,0.21093351101
0.0801342631848,0.0204745195576,0.0199640771428,0.581023229855,0.087471935411,0.210931974849
0.0802946114997,0.0204809734874,0.0198916785363,0.581057779779,0.0873444772946,0.210930479403
0.080454723968,0.0204873887604,0.0198203216501,0.581090514267,0.0872180271281,0.210929024226
0.0806146008732,0.0204937657682,0.019749993129,0.581121451716,0.0870925796397,0.210927608874
0.0807742424943,0.0205001048977,0.0196806797783,0.581150610353,0.0869681295712,0.210926232906
0.080933649106,0.0205064065318,0.019612368563,0.581178008237,0.0868446716785,0.210924895884
0.0810928209785,0.0205126710484,0.0195450466053,0.581203663261,0.0867222007321,0.210923597374
0.0812517583776,0.0205188988214,0.019478701184,0.581227593155,0.086600711517,0.210922336945
0.0814104615646,0.0205250902202,0.0194133197324,0.581249815482,0.0864801988333,0.210921114168
0.0815689307965,0.0205312456098,0.0193488898369,0.581270347644,0.0863606574961,0.210919928616
0.0817271663261,0.0205373653511,0.0192853992356,0.581289206882,0.0862420823364,0.210918779869
0.0818851684017,0.0205434498006,0.0192228358167,0.581306410274,0.0861244682009,0.210917667506
0.0820429372672,0.0205494993109,0.019161187617,0.581321974741,0.0860078099521,0.210916591112
0.0822004731625,0.0205555142302,0.0191004428204,0.581335917045,0.0858921024691,0.210915550273
0.082357776323,0.0205614949026,0.0190405897565,0.581348253792,0.0857773406474,0.210914544579
0.0825148469799,0.0205674416683,0.0189816168988,0.58135900143,0.0856635193993,0.210913573624
0.0826716853603,0.0205733548635,0.0189235128638,0.581368176255,0.085550633654,0.210912637004
0.0828282916871,0.0205792348204,0.0188662664088,0.581375794408,0.0854386783579,0.210911734318
0.082984666179,0.0205850818672,0.0188098664311,0.581381871879,0.0853276484751,0.210910865169
0.0831408090504,0.0205908963282,0.0187543019659,0.581386424506,0.0852175389868,0.210910029163
0.083296720512,0.020596678524,0.0186995621853,0.581389467978,0.0851083448924,0.210909225908
0.0834524007702,0.0206024287714,0.0186456363968,0.581391017834,0.0850000612092,0.210908455018
0.0836078500272,0.0206081473834,0.0185925140417,0.581391089468,0.0848926829725,0.210907716107
0.0837630684816,0.0206138346692,0.0185401846935,0.581389698126,0.0847862052361,0.210907008793
0.0839180563277,0.0206194909345,0.0184886380571,0.58138685891,0.0846806230721,0.210906332699
0.084072813756,0.0206251164812,0.0184378639666,0.581382586776,0.0845759315715,0.210905687449
0.0842273409531,0.0206307116076,0.0183878523845,0.581376896541,0.0844721258439,0.21090507267
0.0843816381017,0.0206362766087,0.0183385933998,0.581369802877,0.084369201018,0.210904487995
0.0845357053807,0.0206418117757,0.0182900772271,0.581361320318,0.0842671522413,0.210903933057
0.0846895429651,0.0206473173965,0.0182422942047,0.581351463259,0.0841659746809,0.210903407494
0.0848431510264,0.0206527937555,0.0181952347938,0.581340245956,0.0840656635229,0.210902910946
0.0849965297321,0.0206582411337,0.0181488895765,0.581327682528,0.0839662139731,0.210902443057
0.0851496792461,0.0206636598087,0.0181032492549,0.58131378696,0.0838676212567,0.210902003473
0.0853025997286,0.0206690500548,0.0180583046496,0.581298573103,0.0837698806186,0.210901591846
0.0854552913364,0.0206744121431,0.0180140466982,0.581282054672,0.0836729873237,0.210901207827
0.0856077542226,0.0206797463414,0.0179704664544,0.581264245252,0.0835769366564,0.210900851073
0.0857599885365,0.0206850529143,0.0179275550861,0.581245158298,0.0834817239215,0.210900521244
0.0859119944244,0.020690332123,0.0178853038746,0.581224807134,0.0833873444434,0.210900218001
0.0860637720287,0.020695584226,0.017843704213,0.581203204955,0.0832937935671,0.21089994101
