-10.0 -10.0 -10.0,-10.0 -10.0 0.0,-10.0 -10.0 10.0,-10.0 0.0 -10.0,-10.0 0.0 0.0,-10.0 0.0 10.0,-10.0 10.0 -10.0,-10.0 10.0 0.0,-10.0 10.0 10.0,0.0 -10.0 -10.0,0.0 -10.0 0.0,0.0 -10.0 10.0,0.0 0.0 -10.0,0.0 0.0 0.0,0.0 0.0 10.0,0.0 10.0 -10.0,0.0 10.0 0.0,0.0 10.0 10.0,10.0 -10.0 -10.0,10.0 -10.0 0.0,10.0 -10.0 10.0,10.0 0.0 -10.0,10.0 0.0 0.0,10.0 0.0 10.0,10.0 10.0 -10.0,10.0 10.0 0.0,10.0 10.0 10.0,other
0.037037037037,0.037037037037,0.037037037037,0.037037037037,0.037037037037,0.037037037037,0.037037037037,0.037037037037,0.037037037037,0.037037037037,0.037037037037,0.037037037037,0.037037037037,0.037037037037,0.037037037037,0.037037037037,0.037037037037,0.037037037037,0.037037037037,0.037037037037,0.037037037037,0.037037037037,0.037037037037,0.037037037037,0.037037037037,0.037037037037,0.037037037037,0.0
0.0359203296703,0.0359203296719,0.0359203296759,0.0359203296703,0.035920329672,0.0359203296771,0.0359203296703,0.0359203296703,0.0359203296703,0.0359203296707,0.0359203297929,0.0359203303289,0.0359290918852,0.0388868996597,0.0498169704506,0.0359203296703,0.0359203296753,0.0359203296882,0.0359203297746,0.035920360471,0.0359204480239,0.0359258323531,0.0379365991108,0.0471775333584,0.0359203296703,0.0359203296755,0.0359203296921,0.0
0.0345354877193,0.0345354877217,0.0345354877356,0.0345354877193,0.0345354877217,0.0345354877387,0.0345354877193,0.0345354877193,0.0345354877193,0.0345354877199,0.0345354878884,0.0345354893953,0.0345471494186,0.0383097722218,0.069103019471,0.0345354877193,0.0345354877247,0.0345354877444,0.0345354878667,0.0345355281997,0.0345357615127,0.0345427666746,0.0370743465442,0.0611773871905,0.0345354877193,0.0345354877249,0.0345354877497,0.0
0.0327695932203,0.0327695932229,0.0327695932619,0.0327695932203,0.0327695932229,0.0327695932681,0.0327695932203,0.0327695932203,0.0327695932203,0.0327695932209,0.0327695933978,0.0327695967295,0.03278141081,0.0364997926848,0.0960633285116,0.0327695932203,0.0327695932254,0.0327695932458,0.0327695933777,0.0327696344653,0.0327700946376,0.0327769428978,0.0352706144445,0.0784459063565,0.0327695932203,0.0327695932255,0.0327695932512,0.0
0.0305712764093,0.0305712764118,0.0305712765274,0.0305712764093,0.0305712764118,0.0305712765388,0.0305712764093,0.0305712764093,0.0305712764093,0.0305712764099,0.0305712765775,0.0305712839198,0.0305822838425,0.034019936156,0.132028521662,0.0305712764093,0.0305712764139,0.030571276433,0.0305712765597,0.0305713149822,0.0305721584751,0.0305781138108,0.0328820878205,0.0979113233302,0.0305712764093,0.0305712764141,0.030571276438,0.0
0.0279473866737,0.027947386676,0.0279473870983,0.0279473866737,0.027947386676,0.0279473871092,0.0279473866737,0.0279473866737,0.0279473866737,0.0279473866743,0.0279473868251,0.0279474048854,0.0279572465629,0.0310327163353,0.178288228562,0.0279473866737,0.0279473866779,0.0279473866949,0.0279473868096,0.0279474212643,0.0279490031873,0.0279535097864,0.0300146057243,0.117856902358,0.0279473866737,0.027947386678,0.0279473866994,0.0
0.0249690917536,0.0249690917556,0.0249690937691,0.0249690917536,0.0249690917556,0.0249690936575,0.0249690917536,0.0249690917536,0.0249690917536,0.024969091754,0.0249690918848,0.0249691444969,0.0249776287832,0.0276401544441,0.23548841711,0.0249690917536,0.0249690917572,0.0249690917719,0.0249690918715,0.0249691217086,0.0249723271923,0.0249743932034,0.0267587380574,0.135806419219,0.0249690917536,0.0249690917573,0.0249690917758,0.0
0.0217787134834,0.0217787134851,0.0217787256513,0.0217787134834,0.0217787134851,0.0217787239625,0.0217787134834,0.0217787134834,0.0217787134834,0.0217787134838,0.0217787135928,0.0217788947695,0.0217858320029,0.0240059359362,0.302922957876,0.0217787134834,0.0217787134864,0.0217787134987,0.0217787135817,0.0217787384615,0.0217858820883,0.0217831340363,0.023270980891,0.148870778339,0.0217787134834,0.0217787134865,0.0217787135019,0.0
0.0185761035084,0.0185761035098,0.0185761878872,0.0185761035084,0.0185761035098,0.0185761694752,0.0185761035084,0.0185761035084,0.0185761035084,0.0185761035087,0.018576103596,0.0185767968994,0.0185817980091,0.0203577822478,0.378007106148,0.0185761035084,0.0185761035108,0.0185761035207,0.0185761035871,0.0185761234898,0.0185932009526,0.0185796397547,0.0197698509486,0.154587687852,0.0185761035084,0.0185761035109,0.0185761035232,0.0
0.0155804764796,0.0155804764806,0.0155810623005,0.0155804764796,0.0155804764806,0.0155808929927,0.0155804764796,0.0155804764796,0.0155804764796,0.0155804764798,0.0155804765467,0.0155831492415,0.0155848389924,0.0169454067207,0.456271298928,0.0155804764796,0.0155804764814,0.015580476489,0.0155804765399,0.0155804917872,0.0156217738762,0.0155831855704,0.0164949971196,0.151885278643,0.0155804764796,0.0155804764815,0.015580476491,0.0
0.0129787852113,0.0129787852121,0.0129823188648,0.0129787852113,0.0129787852121,0.0129810885812,0.0129787852113,0.0129787852113,0.0129787852113,0.0129787852115,0.0129787852606,0.0129881471022,0.0129819908974,0.0139817708844,0.532143469593,0.0129787852113,0.0129787852127,0.0129787852182,0.0129787852556,0.0129787964598,0.013072936169,0.0129807759206,0.0136507983825,0.141597343651,0.0129787852113,0.0129787852127,0.0129787852197,0.0
0.010882004966,0.0108820049666,0.0108985559813,0.010882004966,0.0108820049666,0.0108920262166,0.010882004966,0.010882004966,0.010882004966,0.0108820049661,0.010882005001,0.0109094950269,0.0108842783311,0.0115932887646,0.600353232369,0.010882004966,0.010882004967,0.0108820049709,0.0108820049974,0.010882012943,0.011073621595,0.0108834167103,0.0113585741672,0.126159418358,0.010882004966,0.010882004967,0.0108820049719,0.0
0.00930761936147,0.00930761936184,0.00936449562688,0.00930761936147,0.00930761936184,0.00934010178125,0.00930761936147,0.00930761936147,0.00930761936147,0.00930761936156,0.00930761938566,0.00937265066371,0.0093091926852,0.00979987628143,0.657350577461,0.00930761936147,0.00930761936213,0.00930761936485,0.0093076193832,0.0093076248821,0.00964655606177,0.00930859638481,0.00963743776533,0.108640980568,0.00930761936147,0.00930761936215,0.00930761936557,0.0
0.00819278895187,0.00819278895212,0.00833702786104,0.00819278895187,0.00819278895212,0.00827159257644,0.00819278895187,0.00819278895187,0.00819278895187,0.00819278895193,0.00819278896844,0.0083172528334,0.0081938665728,0.00852995183131,0.702098493057,0.00819278895187,0.00819278895232,0.00819278895418,0.00819278896675,0.00819279273313,0.00871560424988,0.00819345814714,0.0084186923739,0.0916466444955,0.00819278895187,0.00819278895233,0.00819278895467,0.0
0.00743181550517,0.00743181550535,0.00771611220717,0.00743181550517,0.00743181550535,0.00758193977716,0.00743181550517,0.00743181550517,0.00743181550517,0.00743181550522,0.00743181551654,0.00763148622915,0.00743255476372,0.00766311255465,0.735802897316,0.00743181550517,0.00743181550548,0.00743181550676,0.00743181551539,0.00743181809916,0.00815171746832,0.00743227457971,0.00758678747323,0.0766602514231,0.00743181550517,0.00743181550549,0.0074318155071,0.0
0.00691880290109,0.00691880290121,0.00738412609047,0.00691880290109,0.00691880290121,0.00715777870846,0.00691880290109,0.00691880290109,0.00691880290109,0.00691880290112,0.00691880290895,0.0071996717686,0.0069193140516,0.00707873017368,0.760755143827,0.00691880290109,0.00691880290131,0.00691880290219,0.00691880290815,0.00691880469467,0.00782956794821,0.00691912032208,0.00702595620994,0.0641109397698,0.00691880290109,0.00691880290131,0.00691880290242,0.0
0.00657152917632,0.0065715291764,0.00724070227068,0.00657152917632,0.0065715291764,0.00690694615318,0.00657152917632,0.00657152917632,0.00657152917632,0.00657152917634,0.00657152918181,0.00693167033115,0.0065718859136,0.00668314409155,0.779232971075,0.00657152917632,0.00657152917647,0.00657152917709,0.00657152918125,0.00657153042808,0.0076564077153,0.00657175070775,0.00664631259062,0.0538422118889,0.00657152917632,0.00657152917648,0.00657152917725,0.0
0.00633384924058,0.00633384924063,0.00721384196845,0.00633384924058,0.00633384924063,0.00676528031021,0.00633384924058,0.00633384924058,0.00633384924058,0.00633384924059,0.00633384924444,0.00676676295802,0.00633410029487,0.00641239837174,0.793034522464,0.00633384924058,0.00633384924068,0.00633384924112,0.00633384924404,0.0063338501215,0.00757225989395,0.00633400514358,0.00638647815856,0.0455049124569,0.00633384924058,0.00633384924068,0.00633384924123,0.0
0.00616923057007,0.00616923057012,0.00725577696606,0.00616923057007,0.00616923057012,0.00669110166883,0.00616923057007,0.00616923057007,0.00616923057008,0.00616923057009,0.00616923057281,0.0066664132853,0.00616940842764,0.00622487812399,0.803456279826,0.00616923057007,0.00616923057015,0.00616923057046,0.00616923057253,0.00616923119416,0.00754031136561,0.00616934101841,0.00620651513971,0.038743053857,0.00616923057007,0.00616923057015,0.00616923057054,0.0
0.00605403080445,0.00605403080448,0.00733569300595,0.00605403080445,0.00605403080448,0.00665796131096,0.00605403080445,0.00605403080445,0.00605403080445,0.00605403080446,0.0060540308064,0.00660651680535,0.00605415743912,0.00609365188746,0.811408972394,0.00605403080445,0.00605403080451,0.00605403080472,0.0060540308062,0.0060540312488,0.00753822813501,0.00605410944372,0.00608057743453,0.0332516080198,0.00605403080445,0.00605403080451,0.00605403080478,0.0
0.0059727528382,0.00597275283823,0.00743391992432,0.0059727528382,0.00597275283823,0.00664916071785,0.0059727528382,0.0059727528382,0.0059727528382,0.00597275283821,0.0059727528396,0.00657194083262,0.0059728433331,0.00600106661557,0.817533816125,0.0059727528382,0.00597275283824,0.0059727528384,0.00597275283945,0.00597275315574,0.00755243750568,0.00597280903492,0.00599172342953,0.0287834839117,0.0059727528382,0.00597275283824,0.00597275283844,0.0
0.00591505347105,0.00591505347106,0.00753804803281,0.00591505347105,0.00591505347106,0.00665417751004,0.00591505347105,0.00591505347105,0.00591505347105,0.00591505347105,0.00591505347204,0.00655310996362,0.00591511831026,0.0059353401728,0.822288166657,0.00591505347105,0.00591505347107,0.00591505347119,0.00591505347194,0.00591505369856,0.00757468818319,0.00591509373575,0.00592864581951,0.0251417023772,0.00591505347105,0.00591505347107,0.00591505347122,0.0
0.00587390688614,0.00587390688615,0.0076404375686,0.00587390688614,0.00587390688615,0.00666642286147,0.00587390688614,0.00587390688614,0.00587390688614,0.00587390688614,0.00587390688685,0.00654393010825,0.00587395342976,0.00588846931804,0.826003380651,0.00587390688614,0.00587390688616,0.00587390688624,0.00587390688678,0.00587390704946,0.00760000856287,0.00587393578941,0.00588366390092,0.02216938058,0.00587390688614,0.00587390688616,0.00587390688626,0.0
0.00584446860957,0.00584446860958,0.00773660910829,0.00584446860957,0.00584446860958,0.00668183276839,0.00584446860957,0.00584446860957,0.00584446860957,0.00584446860957,0.00584446861009,0.00654051859654,0.00584450206364,0.00585493561923,0.828923152972,0.00584446860957,0.00584446860959,0.00584446860964,0.00584446861003,0.00584446872696,0.00762547591609,0.00584448938432,0.00585148163931,0.0197410354512,0.00584446860957,0.00584446860959,0.00584446860966,0.0
0.0058233581532,0.0058233581532,0.00782417895347,0.0058233581532,0.0058233581532,0.0066979702573,0.0058233581532,0.0058233581532,0.0058233581532,0.0058233581532,0.00582335815357,0.00654041342392,0.00582338222062,0.00583088829824,0.831229091281,0.0058233581532,0.00582335815321,0.00582335815325,0.00582335815353,0.00582335823765,0.00764945638217,0.0058233730989,0.00582840344625,0.0177557539487,0.0058233581532,0.00582335815321,0.00582335815326,0.0
0.00580819497269,0.00580819497269,0.00790213901509,0.00580819497269,0.00580819497269,0.00671344420976,0.00580819497269,0.00580819497269,0.00580819497269,0.00580819497269,0.00580819497295,0.00654207128782,0.00580821229789,0.00581361563192,0.83305806772,0.00580819497269,0.0058081949727,0.00580819497273,0.00580819497293,0.00580819503348,0.00767112493965,0.00580820573152,0.00581182688339,0.016131977686,0.00580819497269,0.0058081949727,0.00580819497273,0.0
0.00579729125583,0.00579729125584,0.00797036264289,0.00579729125583,0.00579729125584,0.00672752881949,0.00579729125583,0.00579729125583,0.00579729125584,0.00579729125584,0.00579729125603,0.00654454377664,0.00579730373277,0.00580119500138,0.834514226478,0.00579729125583,0.00579729125584,0.00579729125586,0.00579729125601,0.00579729129962,0.00769015714551,0.00579729900392,0.00579990681505,0.0148035251914,0.00579729125583,0.00579729125584,0.00579729125587,0.0
0.00578944438894,0.00578944438895,0.00802926406141,0.00578944438894,0.00578944438895,0.00673991311415,0.00578944438894,0.00578944438894,0.00578944438895,0.00578944438895,0.00578944438908,0.00654726613258,0.00578945337681,0.00579225648658,0.835677454368,0.00578944438894,0.00578944438895,0.00578944438896,0.00578944438907,0.00578944442048,0.00770652945406,0.00578944997035,0.00579132853016,0.0137165298619,0.00578944438894,0.00578944438895,0.00578944438897,0.0
0.00578379441528,0.00578379441529,0.008079565035,0.00578379441528,0.00578379441529,0.00675053633,0.00578379441528,0.00578379441528,0.00578379441528,0.00578379441528,0.00578379441538,0.00654991863185,0.00578380089092,0.00578582049449,0.836609460085,0.00578379441528,0.00578379441529,0.0057837944153,0.00578379441537,0.00578379443801,0.00772038985032,0.00578379843661,0.00578515191415,0.0128270532486,0.00578379441528,0.00578379441529,0.0057837944153,0.0
0.00577972484555,0.00577972484555,0.00812213747891,0.00577972484555,0.00577972484555,0.00675948060474,0.00577972484555,0.00577972484555,0.00577972484555,0.00577972484555,0.00577972484562,0.00655233553744,0.00577972951168,0.00578118477047,0.837358202331,0.00577972484555,0.00577972484555,0.00577972484556,0.00577972484561,0.00577972486192,0.00773197477182,0.00577972774318,0.00578070301383,0.0120992018462,0.00577972484555,0.00577972484555,0.00577972484556,0.0
0.00577679294427,0.00577679294427,0.00815790004267,0.00577679294427,0.00577679294427,0.00676690211245,0.00577679294427,0.00577679294427,0.00577679294427,0.00577679294427,0.00577679294432,0.00655444552821,0.00577679630674,0.00577784498615,0.83796115586,0.00577679294427,0.00577679294427,0.00577679294427,0.00577679294431,0.00577679295606,0.00774155675959,0.00577679503234,0.00577749782572,0.011503625482,0.00577679294427,0.00577679294427,0.00577679294427,0.0
0.005774680368,0.005774680368,0.00818775283484,0.005774680368,0.005774680368,0.00677298793616,0.005774680368,0.005774680368,0.005774680368,0.005774680368,0.00577468036803,0.00655623305379,0.00577468279113,0.00577543851048,0.838447745928,0.005774680368,0.005774680368,0.005774680368,0.00577468036803,0.0057746803765,0.00774941252455,0.00577468187275,0.00577518833311,0.0110163099503,0.005774680368,0.005774680368,0.005774680368,0.0
0.00577315802398,0.00577315802398,0.00821253875431,0.00577315802398,0.00577315802398,0.00677793004454,0.00577315802398,0.00577315802398,0.00577315802398,0.00577315802398,0.00577315802401,0.0065577136037,0.00577315977022,0.00577370437956,0.838841179215,0.00577315802398,0.00577315802399,0.00577315802399,0.00577315802401,0.00577315803011,0.00775580449067,0.00577315910838,0.00577352408917,0.0106176001304,0.00577315802398,0.00577315802399,0.00577315802399,0.0
0.00577206095503,0.00577206095503,0.00823302302191,0.00577206095503,0.00577206095503,0.00678191048787,0.00577206095503,0.00577206095503,0.00577206095503,0.00577206095503,0.00577206095505,0.00655891819263,0.00577206221345,0.00577245468752,0.839159831534,0.00577206095503,0.00577206095503,0.00577206095503,0.00577206095505,0.00577206095944,0.00776097111303,0.0057720617365,0.00577232476081,0.0102914060125,0.00577206095503,0.00577206095503,0.00577206095503,0.0
0.0057712703404,0.0057712703404,0.0082498848305,0.0057712703404,0.0057712703404,0.00678509381283,0.0057712703404,0.0057712703404,0.0057712703404,0.0057712703404,0.00577127034041,0.00655988390279,0.00577127124728,0.00577155408341,0.839418306827,0.0057712703404,0.0057712703404,0.0057712703404,0.00577127034041,0.00577127034358,0.00776512278381,0.00577127090357,0.00577146045183,0.010024555367,0.0057712703404,0.0057712703404,0.0057712703404,0.0
0.0057707005717,0.0057707005717,0.00826371676968,0.0057707005717,0.0057707005717,0.00678762399585,0.0057707005717,0.0057707005717,0.0057707005717,0.0057707005717,0.00577070057171,0.00656064836071,0.00577070122524,0.00577090504908,0.839628250279,0.0057707005717,0.0057707005717,0.0057707005717,0.00577070057171,0.00577070057399,0.00776844117738,0.00577070097754,0.00577083757415,0.00980626487001,0.0057707005717,0.0057707005717,0.0057707005717,0.0
0.00577028996042,0.00577028996042,0.00827502897395,0.00577028996042,0.00577028996042,0.00678962409395,0.00577028996042,0.00577028996042,0.00577028996042,0.00577028996042,0.00577028996042,0.00656124672767,0.00577029043138,0.00577043731399,0.839798976147,0.00577028996042,0.00577028996042,0.00577028996042,0.00577028996042,0.00577028996207,0.00777108060177,0.00577029025288,0.00577038868919,0.00962770743903,0.00577028996042,0.00577028996042,0.00577028996042,0.0
0.0057699940507,0.0057699940507,0.00828425589639,0.0057699940507,0.0057699940507,0.00679119743037,0.0057699940507,0.0057699940507,0.0057699940507,0.0057699940507,0.0057699940507,0.00656171025997,0.00576999439009,0.00577010023762,0.839937955051,0.0057699940507,0.0057699940507,0.0057699940507,0.0057699940507,0.00576999405189,0.0077731704169,0.00576999426146,0.00577006519729,0.00948165799535,0.0057699940507,0.0057699940507,0.0057699940507,0.0
0.00576978080397,0.00576978080397,0.00829176430211,0.00576978080397,0.00576978080397,0.00679242955523,0.00576978080397,0.00576978080397,0.00576978080397,0.00576978080397,0.00576978080397,0.00656206581813,0.00576978104854,0.00576985732423,0.840051194022,0.00576978080397,0.00576978080397,0.00576978080397,0.00576978080397,0.00576978080483,0.00777481791757,0.00576978095585,0.00576983207352,0.00936220331489,0.00576978080397,0.00576978080397,0.00576978080397,0.0
0.00576962713017,0.00576962713017,0.00829786157157,0.00576962713017,0.00576962713017,0.00679339050724,0.00576962713017,0.00576962713017,0.00576962713017,0.00576962713017,0.00576962713017,0.00656233592263,0.00576962730641,0.00576968227149,0.840143534253,0.00576962713017,0.00576962713017,0.00576962713017,0.00576962713017,0.00576962713079,0.00777611130929,0.00576962723961,0.00576966407555,0.00926450432983,0.00576962713017,0.00576962713017,0.00576962713017,0.0
0.00576951638837,0.00576951638837,0.00830280375172,0.00576951638837,0.00576951638837,0.00679413709304,0.00576951638837,0.00576951638837,0.00576951638837,0.00576951638837,0.00576951638837,0.00656253909993,0.00576951651537,0.00576955612341,0.840218885382,0.00576951638837,0.00576951638837,0.00576951638837,0.00576951638837,0.00576951638882,0.00777712255813,0.00576951646724,0.00576954301135,0.00918460139484,0.00576951638837,0.00576951638837,0.00576951638837,0.0
0.00576943658562,0.00576943658562,0.0083068030324,0.00576943658562,0.00576943658562,0.00679471502569,0.00576943658562,0.00576943658562,0.00576943658562,0.00576943658562,0.00576943658562,0.00656269035986,0.00576943667713,0.00576946521858,0.840280410557,0.00576943658562,0.00576943658562,0.00576943658562,0.00576943658562,0.00576943658594,0.00777790999732,0.00576943664245,0.00576945577006,0.00911925476362,0.00576943658562,0.00576943658562,0.00576943658562,0.0
0.00576937907882,0.00576937907882,0.00831003448664,0.00576937907882,0.00576937907882,0.00679516084355,0.00576937907882,0.00576937907882,0.00576937907882,0.00576937907882,0.00576937907882,0.00656280170929,0.00576937914476,0.00576939971149,0.840330673177,0.00576937907882,0.00576937907882,0.00576937907882,0.00576937907882,0.00576937907905,0.00777852063804,0.00576937911977,0.00576939290297,0.00906581392624,0.00576937907882,0.00576937907882,0.00576937907882,0.0
0.00576933763917,0.00576933763917,0.00831264201776,0.00576933763917,0.00576933763917,0.00679550358042,0.00576933763917,0.00576933763917,0.00576933763917,0.00576933763917,0.00576933763917,0.00656288264809,0.00576933768669,0.00576935250681,0.84037175365,0.00576933763917,0.00576933763917,0.00576933763917,0.00576933763917,0.00576933763934,0.00777899217228,0.00576933766868,0.00576934760068,0.00902211060225,0.00576933763917,0.00576933763917,0.00576933763917,0.0
0.00576930777786,0.00576930777786,0.00831474352202,0.00576930777786,0.00576930777786,0.00679576618751,0.00576930777786,0.00576930777786,0.00576930777786,0.00576930777786,0.00576930777786,0.0065629406197,0.00576930781211,0.00576931849122,0.840405342588,0.00576930777786,0.00576930777786,0.00576930777786,0.00576930777786,0.00576930777798,0.00777935467918,0.00576930779913,0.00576931495595,0.00898637112147,0.00576930777786,0.00576930777786,0.00576930777786,0.0
0.00576928626005,0.00576928626005,0.00831643531353,0.00576928626005,0.00576928626005,0.00679596672367,0.00576928626005,0.00576928626005,0.00576928626005,0.00576928626005,0.00576928626005,0.00656298140455,0.00576928628472,0.00576929397987,0.840432815414,0.00576928626005,0.00576928626005,0.00576928626005,0.00576928626005,0.00576928626013,0.00777963205946,0.00576928627537,0.00576929143243,0.00895714469139,0.00576928626005,0.00576928626005,0.00576928626005,0.0
0.00576927075459,0.00576927075459,0.0083177958786,0.00576927075459,0.00576927075459,0.00679611933858,0.00576927075459,0.00576927075459,0.00576927075459,0.00576927075459,0.00576927075459,0.0065630094541,0.00576927077237,0.00576927631731,0.840455292256,0.00576927075459,0.00576927075459,0.00576927075459,0.00576927075459,0.00576927075465,0.00777984322813,0.00576927076563,0.00576927448168,0.0089332446798,0.00576927075459,0.00576927075459,0.00576927075459,0.0
0.00576925958162,0.00576925958162,0.00831888903501,0.00576925958162,0.00576925958162,0.0067962350763,0.00576925958162,0.00576925958162,0.00576925958162,0.00576925958162,0.00576925958162,0.00656302816871,0.00576925959443,0.00576926358997,0.840473686136,0.00576925958162,0.00576925958162,0.00576925958162,0.00576925958162,0.00576925958167,0.0077800030974,0.00576925958958,0.00576926226727,0.008913700558,0.00576925958162,0.00576925958162,0.00576925958162,0.0
0.00576925153061,0.00576925153061,0.00831976657233,0.00576925153061,0.00576925153061,0.00679632252597,0.00576925153061,0.00576925153061,0.00576925153061,0.00576925153061,0.00576925153061,0.00656304012492,0.00576925153985,0.00576925441892,0.840488741841,0.00576925153061,0.00576925153061,0.00576925153061,0.00576925153061,0.00576925153065,0.00778012338049,0.00576925153635,0.00576925346581,0.00889771857408,0.00576925153061,0.00576925153061,0.00576925153061,0.0
0.00576924572925,0.00576924572925,0.00832047044613,0.00576924572925,0.00576924572925,0.00679638834501,0.00576924572925,0.00576924572925,0.00576924572925,0.00576924572925,0.00576924572925,0.00656304725894,0.0057692457359,0.00576924781048,0.84050106733,0.00576924572925,0.00576924572925,0.00576924572925,0.00576924572925,0.00576924572928,0.00778021324481,0.00576924573338,0.0057692471237,0.00888464957417,0.00576924572925,0.00576924572925,0.00576924572925,0.0
0.00576924154894,0.00576924154894,0.00832103459253,0.00576924154894,0.00576924154894,0.00679643767699,0.00576924154894,0.00576924154894,0.00576924154895,0.00576924154894,0.00576924154894,0.00656305101315,0.00576924155374,0.00576924304861,0.840511159163,0.00576924154894,0.00576924154894,0.00576924154894,0.00576924154894,0.00576924154896,0.00778027983963,0.00576924155192,0.00576924255374,0.00887396267483,0.00576924154894,0.00576924154894,0.00576924154894,0.0
0.00576923853673,0.00576923853673,0.00832148642283,0.00576923853673,0.00576923853673,0.00679647448358,0.00576923853673,0.00576923853673,0.00576923853674,0.00576923853673,0.00576923853674,0.00656305245192,0.00576923854019,0.00576923961734,0.840519423115,0.00576923853673,0.00576923853673,0.00576923853673,0.00576923853674,0.00576923853675,0.0077803287203,0.00576923853888,0.00576923926076,0.00886522372481,0.00576923853673,0.00576923853673,0.00576923853673,0.0
0.00576923636623,0.00576923636623,0.0083218480501,0.00576923636623,0.00576923636623,0.00679650180682,0.00576923636623,0.00576923636623,0.00576923636623,0.00576923636623,0.00576923636623,0.00656305235243,0.00576923636872,0.00576923714488,0.840526190922,0.00576923636623,0.00576923636623,0.00576923636623,0.00576923636623,0.00576923636624,0.00778036418775,0.00576923636777,0.00576923688793,0.00885807768603,0.00576923636623,0.00576923636623,0.00576923636623,0.0
0.00576923480223,0.00576923480223,0.00832213729289,0.00576923480223,0.00576923480223,0.0067965219756,0.00576923480223,0.00576923480223,0.00576923480223,0.00576923480223,0.00576923480223,0.00656305127526,0.00576923480402,0.0057692353633,0.840531733889,0.00576923480223,0.00576923480223,0.00576923480223,0.00576923480223,0.00576923480224,0.00778038955897,0.00576923480334,0.00576923517815,0.00885223422167,0.00576923480223,0.00576923480223,0.00576923480223,0.0
0.00576923367527,0.00576923367527,0.00832236849426,0.00576923367527,0.00576923367527,0.0067965367675,0.00576923367527,0.00576923367527,0.00576923367527,0.00576923367527,0.00576923367527,0.00656304961894,0.00576923367656,0.00576923407955,0.840536273971,0.00576923367527,0.00576923367527,0.00576923367527,0.00576923367527,0.00576923367527,0.00778040738186,0.00576923367607,0.00576923394614,0.00884745590824,0.00576923367527,0.00576923367527,0.00576923367527,0.0
0.00576923286321,0.00576923286321,0.00832255318862,0.00576923286321,0.00576923286321,0.00679654753506,0.00576923286321,0.00576923286321,0.00576923286321,0.00576923286321,0.00576923286321,0.00656304766177,0.00576923286415,0.00576923315453,0.8405399928,0.00576923286321,0.00576923286321,0.00576923286321,0.00576923286321,0.00576923286322,0.00778041960512,0.00576923286379,0.0057692330584,0.00884354859424,0.00576923286321,0.00576923286321,0.00576923286321,0.0
0.00576923227808,0.00576923227808,0.00832270064354,0.00576923227808,0.00576923227808,0.00679655530423,0.00576923227808,0.00576923227808,0.00576923227808,0.00576923227808,0.00576923227808,0.00656304559361,0.00576923227875,0.00576923248799,0.84054303904,0.00576923227808,0.00576923227808,0.00576923227808,0.00576923227808,0.00576923227808,0.00778042771224,0.00576923227849,0.00576923241872,0.00884035351491,0.00576923227808,0.00576923227808,0.00576923227808,0.0
0.00576923185645,0.00576923185645,0.00832281829913,0.00576923185645,0.00576923185645,0.00679656085059,0.00576923185645,0.00576923185645,0.00576923185645,0.00576923185645,0.00576923185645,0.00656304354006,0.00576923185693,0.0057692320077,0.840545534401,0.00576923185645,0.00576923185645,0.00576923185645,0.00576923185645,0.00576923185645,0.00778043282677,0.00576923185675,0.00576923195779,0.00883774084349,0.00576923185645,0.00576923185645,0.00576923185645,0.0
0.00576923155264,0.00576923155264,0.00832291212385,0.00576923155264,0.00576923155264,0.00679656475843,0.00576923155264,0.00576923155264,0.00576923155264,0.00576923155264,0.00576923155264,0.00656304158044,0.00576923155299,0.00576923166163,0.840547578537,0.00576923155264,0.00576923155264,0.00576923155264,0.00576923155264,0.00576923155264,0.00778043579478,0.00576923155286,0.00576923162566,0.00883560441723,0.00576923155264,0.00576923155264,0.00576923155264,0.0
0.00576923133373,0.00576923133373,0.00832298690216,0.00576923133373,0.00576923133373,0.00679656746629,0.00576923133373,0.00576923133373,0.00576923133373,0.00576923133373,0.00576923133373,0.00656303976134,0.00576923133398,0.00576923141226,0.840549253057,0.00576923133373,0.00576923133373,0.00576923133373,0.00576923133373,0.00576923133373,0.00778043724928,0.00576923133388,0.00576923138634,0.00883385742448,0.00576923133373,0.00576923133373,0.00576923133373,0.0
0.00576923117598,0.00576923117598,0.00832304646681,0.00576923117598,0.00576923117598,0.00679656930193,0.00576923117598,0.00576923117598,0.00576923117598,0.00576923117598,0.00576923117598,0.00656303810656,0.00576923117617,0.00576923123257,0.840550624796,0.00576923117598,0.00576923117598,0.00576923117598,0.00576923117598,0.00576923117598,0.00778043766034,0.0057692311761,0.0057692312139,0.00883242887766,0.00576923117598,0.00576923117598,0.00576923117598,0.0
0.00576923106232,0.00576923106232,0.00832309388616,0.00576923106232,0.00576923106232,0.00679657050925,0.00576923106232,0.00576923106232,0.00576923106232,0.00576923106232,0.00576923106232,0.00656303662443,0.00576923106245,0.0057692311031,0.8405517485,0.00576923106232,0.00576923106232,0.00576923106232,0.00576923106232,0.00576923106232,0.00778043737397,0.0057692310624,0.00576923108964,0.008831260729,0.00576923106232,0.00576923106232,0.00576923106232,0.0
0.00576923098042,0.00576923098042,0.00832313161516,0.00576923098042,0.00576923098042,0.00679657126882,0.00576923098042,0.00576923098042,0.00576923098042,0.00576923098042,0.00576923098042,0.00656303531308,0.00576923098051,0.0057692310098,0.840552669011,0.00576923098042,0.00576923098042,0.00576923098042,0.00576923098042,0.00576923098042,0.00778043664221,0.00576923098048,0.00576923100011,0.00883030551191,0.00576923098042,0.00576923098042,0.00576923098042,0.0
0.00576923092141,0.00576923092141,0.00832316161676,0.00576923092141,0.00576923092141,0.00679657171357,0.00576923092141,0.00576923092141,0.00576923092141,0.00576923092141,0.00576923092141,0.00656303416425,0.00576923092147,0.00576923094258,0.840553423062,0.00576923092141,0.00576923092141,0.00576923092141,0.00576923092141,0.00576923092141,0.00778043564631,0.00576923092145,0.00576923093559,0.00882952441227,0.00576923092141,0.00576923092141,0.00576923092141,0.0
0.00576923087888,0.00576923087888,0.00832318545967,0.00576923087888,0.00576923087888,0.00679657194071,0.00576923087888,0.00576923087888,0.00576923087888,0.00576923087888,0.00576923087888,0.00656303316596,0.00576923087893,0.00576923089414,0.840554040746,0.00576923087888,0.00576923087888,0.00576923087888,0.00576923087888,0.00576923087888,0.0077804345145,0.00576923087891,0.0057692308891,0.00882888569123,0.00576923087888,0.00576923087888,0.00576923087888,0.0
0.00576923084824,0.00576923084824,0.00832320439682,0.00576923084824,0.00576923084824,0.0067965720208,0.00576923084824,0.00576923084824,0.00576923084824,0.00576923084824,0.00576923084824,0.00656303230437,0.00576923084828,0.00576923085923,0.840554546715,0.00576923084824,0.00576923084824,0.00576923084824,0.00576923084824,0.00576923084824,0.00778043333561,0.00576923084826,0.00576923085561,0.0088283633955,0.00576923084824,0.00576923084824,0.00576923084824,0.0
0.00576923082616,0.00576923082616,0.00832321942837,0.00576923082616,0.00576923082616,0.00679657200459,0.00576923082616,0.00576923082616,0.00576923082616,0.00576923082616,0.00576923082616,0.00656303156506,0.00576923082619,0.00576923083408,0.840554961167,0.00576923082616,0.00576923082616,0.00576923082616,0.00576923082616,0.00576923082616,0.00778043216942,0.00576923082618,0.00576923083147,0.00882793630273,0.00576923082616,0.00576923082616,0.00576923082616,0.0
0.00576923081025,0.00576923081025,0.00832323135232,0.00576923081025,0.00576923081025,0.00679657192818,0.00576923081025,0.00576923081025,0.00576923081025,0.00576923081025,0.00576923081025,0.00656303093379,0.00576923081027,0.00576923081596,0.840555300647,0.00576923081025,0.00576923081025,0.00576923081025,0.00576923081025,0.00576923081025,0.00778043105454,0.00576923081027,0.00576923081408,0.0088275870591,0.00576923081025,0.00576923081025,0.00576923081025,0.0
0.00576923079879,0.00576923079879,0.00832324080496,0.00576923079879,0.00576923079879,0.00679657181688,0.00576923079879,0.00576923079879,0.00576923079879,0.00576923079879,0.00576923079879,0.00656303039708,0.0057692307988,0.0057692308029,0.840555578711,0.00576923079879,0.00576923079879,0.00576923079879,0.00576923079879,0.00576923079879,0.00778043001428,0.0057692307988,0.00576923080155,0.00882730147417,0.00576923079879,0.00576923079879,0.00576923079879,0.0
0.00576923079053,0.00576923079053,0.00832324829347,0.00576923079053,0.00576923079053,0.00679657168817,0.00576923079053,0.00576923079053,0.00576923079053,0.00576923079053,0.00576923079053,0.00656302994246,0.00576923079054,0.00576923079349,0.840555806464,0.00576923079053,0.00576923079053,0.00576923079053,0.00576923079053,0.00576923079053,0.00778042906112,0.00576923079054,0.00576923079252,0.00882706794418,0.00576923079053,0.00576923079053,0.00576923079053,0.0
0.00576923078458,0.00576923078458,0.00832325422181,0.00576923078458,0.00576923078458,0.00679657155381,0.00576923078458,0.00576923078458,0.00576923078458,0.00576923078458,0.00576923078458,0.00656302955862,0.00576923078459,0.00576923078671,0.840555993005,0.00576923078458,0.00576923078458,0.00576923078458,0.00576923078458,0.00576923078458,0.0077804282,0.00576923078458,0.00576923078601,0.00882687698059,0.00576923078458,0.00576923078458,0.00576923078458,0.0
0.00576923078029,0.00576923078029,0.00832325891162,0.00576923078029,0.00576923078029,0.00679657142145,0.00576923078029,0.00576923078029,0.00576923078029,0.00576923078029,0.00576923078029,0.00656302923549,0.00576923078029,0.00576923078183,0.840556145788,0.00576923078029,0.00576923078029,0.00576923078029,0.00576923078029,0.00576923078029,0.00778042743074,0.00576923078029,0.00576923078132,0.00882672082446,0.00576923078029,0.00576923078029,0.00576923078029,0.0
0.0057692307772,0.0057692307772,0.00832326261882,0.0057692307772,0.0057692307772,0.00679657129587,0.0057692307772,0.0057692307772,0.0057692307772,0.0057692307772,0.0057692307772,0.00656302896415,0.0057692307772,0.00576923077831,0.840556270917,0.0057692307772,0.0057692307772,0.0057692307772,0.0057692307772,0.0057692307772,0.00778042674983,0.0057692307772,0.00576923077794,0.00882659313116,0.0057692307772,0.0057692307772,0.0057692307772,0.0
0.00576923077497,0.00576923077497,0.00832326554697,0.00576923077497,0.00576923077497,0.00679657117978,0.00576923077497,0.00576923077497,0.00576923077497,0.00576923077497,0.00576923077497,0.00656302873682,0.00576923077498,0.00576923077577,0.840556373396,0.00576923077497,0.00576923077497,0.00576923077497,0.00576923077497,0.00576923077497,0.00778042615172,0.00576923077497,0.00576923077551,0.00882648871259,0.00576923077497,0.00576923077497,0.00576923077497,0.0
0.00576923077337,0.00576923077337,0.00832326785783,0.00576923077337,0.00576923077337,0.00679657107452,0.00576923077337,0.00576923077337,0.00576923077337,0.00576923077337,0.00576923077337,0.00656302854675,0.00576923077337,0.00576923077394,0.840556457323,0.00576923077337,0.00576923077337,0.00576923077337,0.00576923077337,0.00576923077337,0.00778042562973,0.00576923077337,0.00576923077375,0.00882640332634,0.00576923077337,0.00576923077337,0.00576923077337,0.0
0.00576923077221,0.00576923077221,0.00832326967993,0.00576923077221,0.00576923077221,0.00679657098046,0.00576923077221,0.00576923077221,0.00576923077221,0.00576923077221,0.00576923077221,0.00656302838812,0.00576923077221,0.00576923077263,0.840556526054,0.00576923077221,0.00576923077221,0.00576923077221,0.00576923077221,0.00576923077221,0.00778042517669,0.00576923077221,0.00576923077249,0.00882633350331,0.00576923077221,0.00576923077221,0.00576923077221,0.0
0.00576923077138,0.00576923077138,0.00832327111532,0.00576923077138,0.00576923077138,0.0067965708974,0.00576923077138,0.00576923077138,0.00576923077138,0.00576923077138,0.00576923077138,0.00656302825594,0.00576923077138,0.00576923077168,0.84055658234,0.00576923077138,0.00576923077138,0.00576923077138,0.00576923077138,0.00576923077138,0.00778042478537,0.00576923077138,0.00576923077158,0.00882627640674,0.00576923077138,0.00576923077138,0.00576923077138,0.0
0.00576923077078,0.00576923077078,0.00832327224494,0.00576923077078,0.00576923077078,0.00679657082473,0.00576923077078,0.00576923077078,0.00576923077078,0.00576923077078,0.00576923077078,0.00656302814598,0.00576923077078,0.00576923077099,0.840556628432,0.00576923077078,0.00576923077078,0.00576923077078,0.00576923077078,0.00576923077078,0.00778042444876,0.00576923077078,0.00576923077092,0.00882622971694,0.00576923077078,0.00576923077078,0.00576923077078,0.0
0.00576923077035,0.00576923077035,0.00832327313301,0.00576923077035,0.00576923077035,0.00679657076164,0.00576923077035,0.00576923077035,0.00576923077035,0.00576923077035,0.00576923077035,0.00656302805462,0.00576923077035,0.0057692307705,0.840556666176,0.00576923077035,0.00576923077035,0.00576923077035,0.00576923077035,0.00576923077035,0.00778042416029,0.00576923077035,0.00576923077045,0.00882619153708,0.00576923077035,0.00576923077035,0.00576923077035,0.0
0.00576923077003,0.00576923077003,0.00832327383039,0.00576923077003,0.00576923077003,0.00679657070722,0.00576923077003,0.00576923077003,0.00576923077003,0.00576923077003,0.00576923077003,0.0065630279788,0.00576923077003,0.00576923077015,0.840556697083,0.00576923077003,0.00576923077003,0.00576923077003,0.00576923077003,0.00576923077003,0.00778042391388,0.00576923077003,0.00576923077011,0.00882616031603,0.00576923077003,0.00576923077003,0.00576923077003,0.0
0.00576923076981,0.00576923076981,0.00832327437739,0.00576923076981,0.00576923076981,0.00679657066054,0.00576923076981,0.00576923076981,0.00576923076981,0.00576923076981,0.00576923076981,0.00656302791595,0.00576923076981,0.00576923076989,0.840556722391,0.00576923076981,0.00576923076981,0.00576923076981,0.00576923076981,0.00576923076981,0.00778042370401,0.00576923076981,0.00576923076986,0.00882613478543,0.00576923076981,0.00576923076981,0.00576923076981,0.0
0.00576923076965,0.00576923076965,0.00832327480588,0.00576923076965,0.00576923076965,0.00679657062068,0.00576923076965,0.00576923076965,0.00576923076965,0.00576923076965,0.00576923076965,0.00656302786391,0.00576923076965,0.00576923076971,0.840556743113,0.00576923076965,0.00576923076965,0.00576923076965,0.00576923076965,0.00576923076965,0.00778042352572,0.00576923076965,0.00576923076969,0.0088261139081,0.00576923076965,0.00576923076965,0.00576923076965,0.0
0.00576923076953,0.00576923076953,0.00832327514109,0.00576923076953,0.00576923076953,0.00679657058679,0.00576923076953,0.00576923076953,0.00576923076953,0.00576923076953,0.00576923076953,0.00656302782085,0.00576923076953,0.00576923076957,0.840556760081,0.00576923076953,0.00576923076953,0.00576923076953,0.00576923076953,0.00576923076953,0.00778042337463,0.00576923076953,0.00576923076956,0.00882609683589,0.00576923076953,0.00576923076953,0.00576923076953,0.0
0.00576923076945,0.00576923076945,0.00832327540293,0.00576923076945,0.00576923076945,0.00679657055808,0.00576923076945,0.00576923076945,0.00576923076945,0.00576923076945,0.00576923076945,0.00656302778525,0.00576923076945,0.00576923076948,0.840556773973,0.00576923076945,0.00576923076945,0.00576923076945,0.00576923076945,0.00576923076945,0.00778042324685,0.00576923076945,0.00576923076947,0.00882608287526,0.00576923076945,0.00576923076945,0.00576923076945,0.0
0.00576923076939,0.00576923076939,0.00832327560714,0.00576923076939,0.00576923076939,0.00679657053382,0.00576923076939,0.00576923076939,0.00576923076939,0.00576923076939,0.00576923076939,0.00656302775585,0.00576923076939,0.00576923076941,0.840556785348,0.00576923076939,0.00576923076939,0.00576923076939,0.00576923076939,0.00576923076939,0.00778042313901,0.00576923076939,0.0057692307694,0.00882607145908,0.00576923076939,0.00576923076939,0.00576923076939,0.0
0.00576923076934,0.00576923076934,0.00832327576612,0.00576923076934,0.00576923076934,0.00679657051339,0.00576923076934,0.00576923076934,0.00576923076934,0.00576923076934,0.00576923076934,0.00656302773158,0.00576923076934,0.00576923076936,0.840556794661,0.00576923076934,0.00576923076934,0.00576923076934,0.00576923076934,0.00576923076934,0.00778042304815,0.00576923076934,0.00576923076935,0.0088260621236,0.00576923076934,0.00576923076934,0.00576923076934,0.0
0.00576923076931,0.00576923076931,0.00832327588967,0.00576923076931,0.00576923076931,0.00679657049622,0.00576923076931,0.00576923076931,0.00576923076931,0.00576923076931,0.00576923076931,0.00656302771156,0.00576923076931,0.00576923076932,0.840556802286,0.00576923076931,0.00576923076931,0.00576923076931,0.00576923076931,0.00576923076931,0.00778042297172,0.00576923076931,0.00576923076932,0.00882605448958,0.00576923076931,0.00576923076931,0.00576923076931,0.0
