0.0 0.0,0.0 1.0,0.0 2.0,0.0 3.0,0.0 4.0,1.0 0.0,1.0 1.0,1.0 2.0,1.0 3.0,1.0 4.0,2.0 0.0,2.0 1.0,2.0 2.0,2.0 3.0,2.0 4.0,3.0 0.0,3.0 1.0,3.0 2.0,3.0 3.0,3.0 4.0,4.0 0.0,4.0 1.0,4.0 2.0,4.0 3.0,4.0 4.0,other
0.04,0.04,0.04,0.04,0.04,0.04,0.04,0.04,0.04,0.04,0.04,0.04,0.04,0.04,0.04,0.04,0.04,0.04,0.04,0.04,0.04,0.04,0.04,0.04,0.04,0.0
0.0385817307692,0.0385817307692,0.0385817307692,0.0385817307692,0.0385817308405,0.0385817307692,0.0385817307692,0.0385817307692,0.0385817307692,0.0385817307692,0.0385817307692,0.0385817307692,0.0385817307692,0.0385817307692,0.0385817307692,0.0385817307692,0.0385817307692,0.0385817307692,0.0385817307692,0.0385817307692,0.0385817307699,0.0385817461608,0.03858173077,0.0385817473596,0.0740384294837,0.0
0.0361375355253,0.0361375355253,0.0361375355253,0.0361375355253,0.0361375363645,0.0361375355253,0.0361375355253,0.0361375355253,0.0361375355253,0.0361375355253,0.0361375355253,0.0361375355253,0.0361375355253,0.0361375355253,0.0361375355253,0.0361375355253,0.0361375355253,0.0361375355253,0.0361375355253,0.0361375355253,0.0361375355275,0.0361375740222,0.0361375355263,0.0361375554437,0.132699088135,0.0
0.0322700266325,0.0322700266326,0.0322700266325,0.0322700266325,0.0322700743251,0.0322700266325,0.0322700266325,0.0322700266325,0.0322700266325,0.0322700266325,0.0322700266325,0.0322700266325,0.0322700266325,0.0322700266325,0.0322700266325,0.0322700266325,0.0322700266325,0.0322700266325,0.0322700266325,0.0322700266325,0.0322700266407,0.0322701131564,0.0322700266334,0.0322700446838,0.225519208543,0.0
0.0269115968387,0.026911597067,0.0269115968386,0.0269115968386,0.0269426449159,0.0269115968386,0.0269115968386,0.0269115968386,0.0269115968386,0.0269115968386,0.0269115968386,0.0269115968386,0.0269115968386,0.0269115968386,0.0269115968386,0.0269115968386,0.0269115968386,0.0269115968386,0.0269115968386,0.0269115968386,0.0269115969013,0.0269118460212,0.0269115968394,0.0269116115841,0.354090363576,0.0
0.0257891037038,0.0257902549984,0.0257891023242,0.0257891023243,0.0478493285133,0.0257891023242,0.0257891023242,0.0257891023242,0.0257891023242,0.0257891023242,0.0257891023242,0.0257891023242,0.0257891023242,0.0257891023242,0.0257891023242,0.0257891023242,0.0257891023242,0.0257891023242,0.0257891023242,0.0257891023242,0.0257891024863,0.0257894252135,0.0257891023249,0.0257891163739,0.358999826874,0.0
0.0246867001247,0.0246888187226,0.024686697188,0.0246866971882,0.0871951279851,0.024686697188,0.024686697188,0.024686697188,0.024686697188,0.024686697188,0.024686697188,0.024686697188,0.024686697188,0.024686697188,0.024686697188,0.024686697188,0.024686697188,0.024686697188,0.024686697188,0.024686697188,0.0246866973594,0.0246870152899,0.0246866971887,0.0246867105543,0.345008380579,0.0
0.0229500039284,0.0229524773057,0.022950000129,0.0229500001296,0.154213404681,0.022950000129,0.022950000129,0.022950000129,0.022950000129,0.022950000129,0.022950000129,0.022950000129,0.022950000129,0.022950000129,0.022950000129,0.022950000129,0.022950000129,0.022950000129,0.022950000129,0.022950000129,0.0229500002884,0.0229502934434,0.0229500001297,0.0229500124187,0.317933805611,0.0
0.0203010289572,0.0203033304777,0.0203010251527,0.0203010251551,0.257184151567,0.0203010251527,0.0203010251527,0.0203010251527,0.0203010251527,0.0203010251527,0.0203010251527,0.0203010251527,0.0203010251527,0.0203010251527,0.0203010251527,0.0203010251527,0.0203010251527,0.0203010251527,0.0203010251527,0.0203010251527,0.0203010252908,0.0203012792876,0.0203010251532,0.0203010358003,0.275889695868,0.0
0.0167873058725,0.0167891613875,0.0167873026904,0.0167873027221,0.393799945292,0.0167873026902,0.0167873026902,0.0167873026902,0.0167873026902,0.0167873026902,0.0167873026902,0.0167873026902,0.0167873026902,0.0167873026902,0.0167873026902,0.0167873026902,0.0167873026902,0.0167873026902,0.0167873026902,0.0167873026902,0.0167873028,0.0167875048363,0.0167873026906,0.0167873111595,0.220090020196,0.0
0.0129272008495,0.0129285341846,0.0129271985516,0.0129271996752,0.543883539305,0.0129271985346,0.0129271985346,0.0129271985346,0.0129271985346,0.0129271985346,0.0129271985346,0.0129271985346,0.0129271985346,0.0129271985346,0.0129271985346,0.0129271985346,0.0129271985346,0.0129271985346,0.0129271985346,0.0129271985346,0.0129271986135,0.0129273435671,0.012927198535,0.0129272046111,0.158789404088,0.0
0.00947407138236,0.00947493513666,0.0094740721397,0.00947412762297,0.678143581599,0.00947406987774,0.00947406987774,0.00947406987774,0.00947406987774,0.00947406987774,0.00947406987774,0.00947406987774,0.00947406987774,0.00947406987774,0.00947406987774,0.00947406987774,0.00947406987774,0.00947406987774,0.00947406987774,0.00947406987774,0.00947406992881,0.009474163818,0.00947406987795,0.00947407381359,0.103951786515,0.0
0.00690895768524,0.00690947248025,0.00690912595417,0.00691078377473,0.777875069157,0.00690895678753,0.00690895678753,0.00690895678753,0.00690895678753,0.00690895678753,0.00690895678753,0.00690895678753,0.00690895678753,0.00690895678753,0.00690895678753,0.00690895678753,0.00690895678753,0.00690895678753,0.00690895678753,0.00690895678753,0.00690895681796,0.0069090127746,0.00690895678765,0.00690895913323,0.0632163536227,0.0
0.00525983669183,0.00526012713055,0.00526372647934,0.00528221849976,0.841969776163,0.0052598361851,0.0052598361851,0.0052598361851,0.0052598361851,0.0052598361851,0.0052598361851,0.0052598361851,0.0052598361851,0.0052598361851,0.0052598361851,0.0052598361851,0.0052598361851,0.0052598361851,0.0052598361851,0.0052598361851,0.00525983620227,0.00525986777194,0.00525983618516,0.0052598375085,0.0370273945908,0.0
0.00430839562634,0.00430855662437,0.00433639380549,0.00441739154169,0.878851751546,0.00430839534534,0.00430839534534,0.00430839534534,0.00430839534534,0.00430839534534,0.00430839534534,0.00430839534534,0.00430839534534,0.00430839534534,0.00430839534534,0.00430839534534,0.00430839534534,0.00430839534534,0.00430839534534,0.00430839534534,0.00430839535486,0.00430841285475,0.00430839534538,0.00430839607894,0.0219179810422,0.0
0.00379426381435,0.00379435486613,0.00388277519217,0.00407328268838,0.898611021884,0.00379426365538,0.00379426365538,0.00379426365538,0.00379426365538,0.00379426365538,0.00379426365538,0.00379426365538,0.00379426365538,0.00379426365538,0.00379426365538,0.00379426365538,0.00379426365538,0.00379426365538,0.00379426365538,0.00379426365538,0.00379426366076,0.00379427355774,0.0037942636554,0.00379426407026,0.0137532817802,0.0
0.0035161886132,0.00351624183356,0.00369051691107,0.00401134284111,0.909120829031,0.00351618852025,0.00351618852025,0.00351618852025,0.00351618852025,0.00351618852025,0.00351618852025,0.00351618852025,0.00351618852025,0.00351618852025,0.00351618852025,0.00351618852025,0.00351618852025,0.00351618852025,0.00351618852025,0.00351618852025,0.00351618852339,0.00351619430824,0.00351618852026,0.00351618876275,0.00933729285195,0.0
0.00335994701083,0.0033599789749,0.00362631136946,0.00408056802179,0.914878109589,0.00335994695497,0.00335994695497,0.00335994695497,0.00335994695497,0.00335994695497,0.00335994695497,0.00335994695497,0.00335994695497,0.00335994695497,0.00335994695497,0.00335994695497,0.00335994695497,0.00335994695497,0.00335994695497,0.00335994695497,0.00335994695686,0.00335995043122,0.00335994695497,0.00335994710061,0.00685608926615,0.0
0.00326873709058,0.00326875664576,0.00362147040906,0.00420425164318,0.918123152944,0.00326873705638,0.00326873705638,0.00326873705638,0.00326873705638,0.00326873705638,0.00326873705638,0.00326873705638,0.00326873705638,0.00326873705638,0.00326873705638,0.00326873705638,0.00326873705638,0.00326873705638,0.00326873705638,0.00326873705638,0.00326873705754,0.0032687391831,0.00326873705638,0.00326873714548,0.00540762497925,0.0
0.003213985307,0.00321399741332,0.0036421307605,0.00434453097854,0.919981497548,0.0032139852858,0.0032139852858,0.0032139852858,0.0032139852858,0.0032139852858,0.0032139852858,0.0032139852858,0.0032139852858,0.0032139852858,0.0032139852858,0.0032139852858,0.0032139852858,0.0032139852858,0.0032139852858,0.0032139852858,0.00321398528652,0.00321398660242,0.0032139852858,0.00321398534096,0.0045381361896,0.0
0.00318050454435,0.00318051209569,0.00367159207507,0.00448251298086,0.921048848308,0.00318050453111,0.00318050453111,0.00318050453111,0.00318050453111,0.00318050453111,0.00318050453111,0.00318050453111,0.00318050453111,0.00318050453111,0.00318050453111,0.00318050453111,0.00318050453111,0.00318050453111,0.00318050453111,0.00318050453111,0.00318050453155,0.00318050535235,0.00318050453111,0.00318050456551,0.00400644304855,0.0
0.00315978546242,0.00315979019497,0.00370177400017,0.00460906530888,0.921656248371,0.0031597854541,0.0031597854541,0.0031597854541,0.0031597854541,0.0031597854541,0.0031597854541,0.0031597854541,0.0031597854541,0.0031597854541,0.0031597854541,0.0031597854541,0.0031597854541,0.0031597854541,0.0031597854541,0.0031597854541,0.00315978545438,0.00315978596878,0.0031597854541,0.00315978547566,0.00367741249845,0.0
0.00314686595198,0.00314686892687,0.00372905025726,0.00472036231821,0.921994155737,0.00314686594673,0.00314686594673,0.00314686594673,0.00314686594673,0.00314686594673,0.00314686594673,0.00314686594673,0.00314686594673,0.00314686594673,0.00314686594673,0.00314686594673,0.00314686594673,0.00314686594673,0.00314686594673,0.00314686594673,0.00314686594691,0.00314686627026,0.00314686594673,0.00314686596029,0.00347224348379,0.0
0.00313877092306,0.00313877279663,0.00375210860217,0.00481552261874,0.922174487452,0.00313877091973,0.00313877091973,0.00313877091973,0.00313877091973,0.00313877091973,0.00313877091973,0.00313877091973,0.00313877091973,0.00313877091973,0.00313877091973,0.00313877091973,0.00313877091973,0.00313877091973,0.00313877091973,0.00313877091973,0.00313877091984,0.00313877112348,0.00313877091973,0.00313877092827,0.00334368992004,0.0
0.00313368321562,0.00313368439702,0.00377080392335,0.0048952571858,0.922263695793,0.0031336832135,0.0031336832135,0.0031336832135,0.0031336832135,0.0031336832135,0.0031336832135,0.0031336832135,0.0031336832135,0.0031336832135,0.0031336832135,0.0031336832135,0.0031336832135,0.0031336832135,0.0031336832135,0.0031336832135,0.00313368321357,0.00313368334197,0.0031336832135,0.00313368321888,0.00326289429484,0.0
0.00313047936934,0.00313048011486,0.00378553285788,0.0049610651386,0.92230131901,0.00313047936798,0.00313047936798,0.00313047936798,0.00313047936798,0.00313047936798,0.00313047936798,0.00313047936798,0.00313047936798,0.00313047936798,0.00313047936798,0.00313047936798,0.00313047936798,0.00313047936798,0.00313047936798,0.00313047936798,0.00313047936803,0.00313047944905,0.00313047936798,0.00313047937138,0.00321201543319,0.0
0.00312845933327,0.00312845980397,0.00379689632172,0.00501475427469,0.922310766761,0.00312845933239,0.00312845933239,0.00312845933239,0.00312845933239,0.00312845933239,0.00312845933239,0.00312845933239,0.00312845933239,0.00312845933239,0.00312845933239,0.00312845933239,0.00312845933239,0.00312845933239,0.00312845933239,0.00312845933239,0.00312845933241,0.00312845938357,0.00312845933239,0.00312845933453,0.00317993613628,0.0
0.0031271846885,0.00312718498579,0.00380552477414,0.00505816375316,0.922305738626,0.00312718468792,0.00312718468792,0.00312718468792,0.00312718468792,0.00312718468792,0.00312718468792,0.00312718468792,0.00312718468792,0.00312718468792,0.00312718468792,0.00312718468792,0.00312718468792,0.00312718468792,0.00312718468792,0.00312718468792,0.00312718468794,0.00312718472025,0.00312718468792,0.00312718468928,0.00315969406813,0.0
0.00312637998151,0.00312638016932,0.00381199534453,0.00509301413104,0.922294095838,0.00312637998113,0.00312637998113,0.00312637998113,0.00312637998113,0.00312637998113,0.00312637998113,0.00312637998113,0.00312637998113,0.00312637998113,0.00312637998113,0.00312637998113,0.00312637998113,0.00312637998113,0.00312637998113,0.00312637998113,0.00312637998114,0.00312638000155,0.00312637998113,0.00312637998198,0.00314691487339,0.0
0.00312587179152,0.00312587191019,0.00381679960188,0.00512083651294,0.922280211602,0.00312587179126,0.00312587179126,0.00312587179126,0.00312587179126,0.00312587179126,0.00312587179126,0.00312587179126,0.00312587179126,0.00312587179126,0.00312587179126,0.00312587179126,0.00312587179126,0.00312587179126,0.00312587179126,0.00312587179126,0.00312587179127,0.00312587180416,0.00312587179126,0.0031258717918,0.00313884453359,0.0
0.0031255507923,0.0031255508673,0.00382033791555,0.00514294920371,0.922266399275,0.00312555079211,0.00312555079211,0.00312555079211,0.00312555079211,0.00312555079211,0.00312555079211,0.00312555079211,0.00312555079211,0.00312555079211,0.00312555079211,0.00312555079211,0.00312555079211,0.00312555079211,0.00312555079211,0.00312555079211,0.00312555079212,0.00312555080026,0.00312555079211,0.00312555079245,0.00313374688731,0.0
0.00312534800563,0.00312534805304,0.00382292658566,0.00516046133691,0.922253777387,0.00312534800549,0.00312534800549,0.00312534800549,0.00312534800549,0.00312534800549,0.00312534800549,0.00312534800549,0.00312534800549,0.00312534800549,0.00312534800549,0.00312534800549,0.00312534800549,0.00312534800549,0.00312534800549,0.00312534800549,0.00312534800549,0.00312534801064,0.00312534800549,0.00312534800571,0.00313052652213,0.0
0.0031252198871,0.00312521991708,0.00382481004899,0.00517429046127,0.922242789901,0.00312521988699,0.00312521988699,0.00312521988699,0.00312521988699,0.00312521988699,0.00312521988699,0.00312521988699,0.00312521988699,0.00312521988699,0.00312521988699,0.00312521988699,0.00312521988699,0.00312521988699,0.00312521988699,0.00312521988699,0.00312521988699,0.00312521989024,0.00312521988699,0.00312521988713,0.00312849192861,0.0
0.00312513893866,0.00312513895762,0.00382617409537,0.0051851861115,0.92223351564,0.00312513893857,0.00312513893857,0.00312513893857,0.00312513893857,0.00312513893857,0.00312513893857,0.00312513893857,0.00312513893857,0.00312513893857,0.00312513893857,0.00312513893857,0.00312513893857,0.00312513893857,0.00312513893857,0.00312513893857,0.00312513893857,0.00312513894062,0.00312513893857,0.00312513893865,0.00312720642227,0.0
0.00312508779159,0.0031250878036,0.00382715812995,0.00519375470557,0.922225849351,0.00312508779152,0.00312508779152,0.00312508779152,0.00312508779152,0.00312508779152,0.00312508779152,0.00312508779152,0.00312508779152,0.00312508779152,0.00312508779152,0.00312508779152,0.00312508779152,0.00312508779152,0.00312508779152,0.00312508779152,0.00312508779152,0.00312508779282,0.00312508779152,0.00312508779157,0.00312639417847,0.0
0.0031250554737,0.00312505548131,0.0038278656884,0.00520048323204,0.922219605173,0.00312505547363,0.00312505547363,0.00312505547363,0.00312505547363,0.00312505547363,0.00312505547363,0.00312505547363,0.00312505547363,0.00312505547363,0.00312505547363,0.00312505547363,0.00312505547363,0.00312505547363,0.00312505547363,0.00312505547363,0.00312505547363,0.00312505547445,0.00312505547363,0.00312505547366,0.00312588095228,0.0
0.00312503505292,0.00312503505776,0.00382837303288,0.00520576050336,0.922214573689,0.00312503505286,0.00312503505286,0.00312503505286,0.00312503505286,0.00312503505286,0.00312503505286,0.00312503505286,0.00312503505286,0.00312503505286,0.00312503505286,0.00312503505286,0.00312503505286,0.00312503505286,0.00312503505286,0.00312503505286,0.00312503505286,0.00312503505338,0.00312503505286,0.00312503505288,0.00312555665901,0.0
0.00312502214947,0.00312502215255,0.00382873595714,0.00520989553078,0.922210551626,0.00312502214941,0.00312502214941,0.00312502214941,0.00312502214941,0.00312502214941,0.00312502214941,0.00312502214941,0.00312502214941,0.00312502214941,0.00312502214941,0.00312502214941,0.00312502214941,0.00312502214941,0.00312502214941,0.00312502214941,0.00312502214941,0.00312502214974,0.00312502214941,0.00312502214943,0.00312535174507,0.0
0.00312501399601,0.00312501399798,0.00382899505167,0.0052131330151,0.922207355753,0.00312501399595,0.00312501399595,0.00312501399595,0.00312501399595,0.00312501399595,0.00312501399595,0.00312501399595,0.00312501399595,0.00312501399595,0.00312501399595,0.00312501399595,0.00312501399595,0.00312501399595,0.00312501399595,0.00312501399595,0.00312501399595,0.00312501399615,0.00312501399595,0.00312501399596,0.00312522226347,0.0
0.00312500884395,0.00312500884522,0.00382917970828,0.00521566617341,0.922204827949,0.00312500884389,0.00312500884389,0.00312500884389,0.00312500884389,0.00312500884389,0.00312500884389,0.00312500884389,0.00312500884389,0.00312500884389,0.00312500884389,0.00312500884389,0.00312500884389,0.00312500884389,0.00312500884389,0.00312500884389,0.00312500884389,0.00312500884402,0.00312500884389,0.00312500884389,0.0031251404459,0.0
0.00312500558842,0.00312500558925,0.00382931112596,0.00521764722064,0.92220283555,0.00312500558837,0.00312500558837,0.00312500558837,0.00312500558837,0.00312500558837,0.00312500558837,0.00312500558837,0.00312500558837,0.00312500558837,0.00312500558837,0.00312500558837,0.00312500558837,0.00312500558837,0.00312500558837,0.00312500558837,0.00312500558837,0.00312500558845,0.00312500558837,0.00312500558837,0.00312508874638,0.0
0.00312500353129,0.00312500353184,0.00382940454363,0.00521919585003,0.922201269372,0.00312500353124,0.00312500353124,0.00312500353124,0.00312500353124,0.00312500353124,0.00312500353124,0.00312500353124,0.00312500353124,0.00312500353124,0.00312500353124,0.00312500353124,0.00312500353124,0.00312500353124,0.00312500353124,0.00312500353124,0.00312500353124,0.00312500353129,0.00312500353124,0.00312500353124,0.00312505607802,0.0
0.00312500223141,0.00312500223178,0.00382947088484,0.00522040604273,0.922200040778,0.00312500223136,0.00312500223136,0.00312500223136,0.00312500223136,0.00312500223136,0.00312500223136,0.00312500223136,0.00312500223136,0.00312500223136,0.00312500223136,0.00312500223136,0.00312500223136,0.00312500223136,0.00312500223136,0.00312500223136,0.00312500223136,0.00312500223139,0.00312500223136,0.00312500223136,0.0031250354352,0.0
0.00312500141003,0.00312500141029,0.00382951796097,0.00522135150359,0.922199078534,0.00312500140998,0.00312500140998,0.00312500140998,0.00312500140998,0.00312500140998,0.00312500140998,0.00312500140998,0.00312500140998,0.00312500140998,0.00312500140998,0.00312500140998,0.00312500140998,0.00312500140998,0.00312500140998,0.00312500140998,0.00312500140998,0.00312500141,0.00312500140998,0.00312500140998,0.00312502239121,0.0
0.00312500089101,0.0031250008912,0.00382955134646,0.00522208998047,0.922198325814,0.00312500089095,0.00312500089095,0.00312500089095,0.00312500089095,0.00312500089095,0.00312500089095,0.00312500089095,0.00312500089095,0.00312500089095,0.00312500089095,0.00312500089095,0.00312500089095,0.00312500089095,0.00312500089095,0.00312500089095,0.00312500089095,0.00312500089097,0.00312500089095,0.00312500089095,0.00312501414882,0.0
0.00312500056304,0.00312500056318,0.00382957501246,0.00522266668409,0.92219773754,0.00312500056299,0.00312500056299,0.00312500056299,0.00312500056299,0.00312500056299,0.00312500056299,0.00312500056299,0.00312500056299,0.00312500056299,0.00312500056299,0.00312500056299,0.00312500056299,0.00312500056299,0.00312500056299,0.00312500056299,0.00312500056299,0.00312500056299,0.00312500056299,0.00312500056299,0.00312500894052,0.0
0.0031250003558,0.00312500035592,0.00382959178385,0.00522311698777,0.922197278108,0.00312500035575,0.00312500035575,0.00312500035575,0.00312500035575,0.00312500035575,0.00312500035575,0.00312500035575,0.00312500035575,0.00312500035575,0.00312500035575,0.00312500035575,0.00312500035575,0.00312500035575,0.00312500035575,0.00312500035575,0.00312500035575,0.00312500035575,0.00312500035575,0.00312500035575,0.00312500564945,0.0
0.00312500022485,0.00312500022495,0.00382960366758,0.00522346855404,0.922196919488,0.00312500022479,0.00312500022479,0.00312500022479,0.00312500022479,0.00312500022479,0.00312500022479,0.00312500022479,0.00312500022479,0.00312500022479,0.00312500022479,0.00312500022479,0.00312500022479,0.00312500022479,0.00312500022479,0.00312500022479,0.00312500022479,0.0031250002248,0.00312500022479,0.00312500022479,0.00312500356984,0.0
0.0031250001421,0.00312500014219,0.00382961208806,0.00522374300668,0.922196639666,0.00312500014204,0.00312500014204,0.00312500014204,0.00312500014204,0.00312500014204,0.00312500014204,0.00312500014204,0.00312500014204,0.00312500014204,0.00312500014204,0.00312500014204,0.00312500014204,0.00312500014204,0.00312500014204,0.00312500014204,0.00312500014204,0.00312500014205,0.00312500014204,0.00312500014205,0.00312500225575,0.0
0.00312500008981,0.00312500008989,0.00382961805538,0.0052239572434,0.922196421391,0.00312500008976,0.00312500008976,0.00312500008976,0.00312500008976,0.00312500008976,0.00312500008976,0.00312500008976,0.00312500008976,0.00312500008976,0.00312500008976,0.00312500008976,0.00312500008976,0.00312500008976,0.00312500008976,0.00312500008976,0.00312500008976,0.00312500008976,0.00312500008976,0.00312500008976,0.00312500142539,0.0
0.00312500005677,0.00312500005685,0.00382962228535,0.00522412446524,0.922196251157,0.00312500005672,0.00312500005672,0.00312500005672,0.00312500005672,0.00312500005672,0.00312500005672,0.00312500005672,0.00312500005672,0.00312500005672,0.00312500005672,0.00312500005672,0.00312500005672,0.00312500005672,0.00312500005672,0.00312500005672,0.00312500005672,0.00312500005672,0.00312500005672,0.00312500005672,0.0031250009007,0.0
0.00312500003589,0.00312500003597,0.00382962528499,0.00522425498305,0.92219611841,0.00312500003584,0.00312500003584,0.00312500003584,0.00312500003584,0.00312500003584,0.00312500003584,0.00312500003584,0.00312500003584,0.00312500003584,0.00312500003584,0.00312500003584,0.00312500003584,0.00312500003584,0.00312500003584,0.00312500003584,0.00312500003584,0.00312500003584,0.00312500003584,0.00312500003584,0.00312500056914,0.0
0.0031250000227,0.00312500002277,0.00382962741328,0.00522435684886,0.922196014902,0.00312500002265,0.00312500002265,0.00312500002265,0.00312500002265,0.00312500002265,0.00312500002265,0.00312500002265,0.00312500002265,0.00312500002265,0.00312500002265,0.00312500002265,0.00312500002265,0.00312500002265,0.00312500002265,0.00312500002265,0.00312500002265,0.00312500002265,0.00312500002265,0.00312500002265,0.00312500035964,0.0
0.00312500001437,0.00312500001443,0.00382962892432,0.00522443634981,0.922195934198,0.00312500001431,0.00312500001431,0.00312500001431,0.00312500001431,0.00312500001431,0.00312500001431,0.00312500001431,0.00312500001431,0.00312500001431,0.00312500001431,0.00312500001431,0.00312500001431,0.00312500001431,0.00312500001431,0.00312500001431,0.00312500001431,0.00312500001431,0.00312500001431,0.00312500001431,0.00312500022725,0.0
0.0031250000091,0.00312500000917,0.00382962999798,0.00522449839444,0.922195871274,0.00312500000904,0.00312500000904,0.00312500000904,0.00312500000904,0.00312500000904,0.00312500000904,0.00312500000904,0.00312500000904,0.00312500000904,0.00312500000904,0.00312500000904,0.00312500000904,0.00312500000904,0.00312500000904,0.00312500000904,0.00312500000904,0.00312500000904,0.00312500000904,0.00312500000904,0.0031250001436,0.0
0.00312500000577,0.00312500000584,0.00382963076157,0.0052245468146,0.922195822213,0.00312500000571,0.00312500000571,0.00312500000571,0.00312500000571,0.00312500000571,0.00312500000571,0.00312500000571,0.00312500000571,0.00312500000571,0.00312500000571,0.00312500000571,0.00312500000571,0.00312500000571,0.00312500000571,0.00312500000571,0.00312500000571,0.00312500000571,0.00312500000571,0.00312500000571,0.00312500009074,0.0
0.00312500000367,0.00312500000373,0.00382963130521,0.00522458460141,0.92219578396,0.00312500000361,0.00312500000361,0.00312500000361,0.00312500000361,0.00312500000361,0.00312500000361,0.00312500000361,0.00312500000361,0.00312500000361,0.00312500000361,0.00312500000361,0.00312500000361,0.00312500000361,0.00312500000361,0.00312500000361,0.00312500000361,0.00312500000361,0.00312500000361,0.00312500000361,0.00312500005734,0.0
0.00312500000234,0.0031250000024,0.00382963169271,0.00522461408958,0.922195754133,0.00312500000228,0.00312500000228,0.00312500000228,0.00312500000228,0.00312500000228,0.00312500000228,0.00312500000228,0.00312500000228,0.00312500000228,0.00312500000228,0.00312500000228,0.00312500000228,0.00312500000228,0.00312500000228,0.00312500000228,0.00312500000228,0.00312500000228,0.00312500000228,0.00312500000228,0.00312500003623,0.0
0.0031250000015,0.00312500000156,0.0038296319693,0.00522463710135,0.922195730876,0.00312500000144,0.00312500000144,0.00312500000144,0.00312500000144,0.00312500000144,0.00312500000144,0.00312500000144,0.00312500000144,0.00312500000144,0.00312500000144,0.00312500000144,0.00312500000144,0.00312500000144,0.00312500000144,0.00312500000144,0.00312500000144,0.00312500000144,0.00312500000144,0.00312500000144,0.00312500002289,0.0
0.00312500000097,0.00312500000103,0.00382963216701,0.00522465505893,0.92219571274,0.00312500000091,0.00312500000091,0.00312500000091,0.00312500000091,0.00312500000091,0.00312500000091,0.00312500000091,0.00312500000091,0.00312500000091,0.00312500000091,0.00312500000091,0.00312500000091,0.00312500000091,0.00312500000091,0.00312500000091,0.00312500000091,0.00312500000091,0.00312500000091,0.00312500000091,0.00312500001447,0.0
0.00312500000063,0.0031250000007,0.00382963230856,0.00522466907228,0.922195698598,0.00312500000058,0.00312500000058,0.00312500000058,0.00312500000058,0.00312500000058,0.00312500000058,0.00312500000058,0.00312500000058,0.00312500000058,0.00312500000058,0.00312500000058,0.00312500000058,0.00312500000058,0.00312500000058,0.00312500000058,0.00312500000058,0.00312500000058,0.00312500000058,0.00312500000058,0.00312500000914,0.0
0.00312500000042,0.00312500000049,0.00382963241009,0.00522468000765,0.922195687569,0.00312500000036,0.00312500000036,0.00312500000036,0.00312500000036,0.00312500000036,0.00312500000036,0.00312500000036,0.00312500000036,0.00312500000036,0.00312500000036,0.00312500000036,0.00312500000036,0.00312500000036,0.00312500000036,0.00312500000036,0.00312500000036,0.00312500000036,0.00312500000036,0.00312500000036,0.00312500000578,0.0
0.00312500000029,0.00312500000035,0.00382963248304,0.00522468854105,0.922195678967,0.00312500000023,0.00312500000023,0.00312500000023,0.00312500000023,0.00312500000023,0.00312500000023,0.00312500000023,0.00312500000023,0.00312500000023,0.00312500000023,0.00312500000023,0.00312500000023,0.00312500000023,0.00312500000023,0.00312500000023,0.00312500000023,0.00312500000023,0.00312500000023,0.00312500000023,0.00312500000365,0.0
0.0031250000002,0.00312500000027,0.00382963253557,0.00522469520005,0.922195672259,0.00312500000015,0.00312500000015,0.00312500000015,0.00312500000015,0.00312500000015,0.00312500000015,0.00312500000015,0.00312500000015,0.00312500000015,0.00312500000015,0.00312500000015,0.00312500000015,0.00312500000015,0.00312500000015,0.00312500000015,0.00312500000015,0.00312500000015,0.00312500000015,0.00312500000015,0.00312500000231,0.0
0.00312500000015,0.00312500000021,0.00382963257348,0.00522470039636,0.922195667027,0.00312500000009,0.00312500000009,0.00312500000009,0.00312500000009,0.00312500000009,0.00312500000009,0.00312500000009,0.00312500000009,0.00312500000009,0.00312500000009,0.00312500000009,0.00312500000009,0.00312500000009,0.00312500000009,0.00312500000009,0.00312500000009,0.00312500000009,0.00312500000009,0.00312500000009,0.00312500000146,0.0
0.00312500000011,0.00312500000018,0.0038296326009,0.00522470445124,0.922195662946,0.00312500000006,0.00312500000006,0.00312500000006,0.00312500000006,0.00312500000006,0.00312500000006,0.00312500000006,0.00312500000006,0.00312500000006,0.00312500000006,0.00312500000006,0.00312500000006,0.00312500000006,0.00312500000006,0.00312500000006,0.00312500000006,0.00312500000006,0.00312500000006,0.00312500000006,0.00312500000092,0.0
0.00312500000009,0.00312500000016,0.00382963262078,0.00522470761542,0.922195659762,0.00312500000004,0.00312500000004,0.00312500000004,0.00312500000004,0.00312500000004,0.00312500000004,0.00312500000004,0.00312500000004,0.00312500000004,0.00312500000004,0.00312500000004,0.00312500000004,0.00312500000004,0.00312500000004,0.00312500000004,0.00312500000004,0.00312500000004,0.00312500000004,0.00312500000004,0.00312500000058,0.0
0.00312500000008,0.00312500000015,0.00382963263523,0.00522471008455,0.922195657279,0.00312500000002,0.00312500000002,0.00312500000002,0.00312500000002,0.00312500000002,0.00312500000002,0.00312500000002,0.00312500000002,0.00312500000002,0.00312500000002,0.00312500000002,0.00312500000002,0.00312500000002,0.00312500000002,0.00312500000002,0.00312500000002,0.00312500000002,0.00312500000002,0.00312500000002,0.00312500000037,0.0
0.00312500000007,0.00312500000014,0.00382963264576,0.0052247120113,0.922195655342,0.00312500000001,0.00312500000001,0.00312500000001,0.00312500000001,0.00312500000001,0.00312500000001,0.00312500000001,0.00312500000001,0.00312500000001,0.00312500000001,0.00312500000001,0.00312500000001,0.00312500000001,0.00312500000001,0.00312500000001,0.00312500000001,0.00312500000001,0.00312500000001,0.00312500000001,0.00312500000023,0.0
0.00312500000007,0.00312500000013,0.00382963265345,0.0052247135148,0.922195653831,0.00312500000001,0.00312500000001,0.00312500000001,0.00312500000001,0.00312500000001,0.00312500000001,0.00312500000001,0.00312500000001,0.00312500000001,0.00312500000001,0.00312500000001,0.00312500000001,0.00312500000001,0.00312500000001,0.00312500000001,0.00312500000001,0.00312500000001,0.00312500000001,0.00312500000001,0.00312500000015,0.0
0.00312500000006,0.00312500000013,0.00382963265909,0.00522471468804,0.922195652652,0.00312500000001,0.00312500000001,0.00312500000001,0.00312500000001,0.00312500000001,0.00312500000001,0.00312500000001,0.00312500000001,0.00312500000001,0.00312500000001,0.00312500000001,0.00312500000001,0.00312500000001,0.00312500000001,0.00312500000001,0.00312500000001,0.00312500000001,0.00312500000001,0.00312500000001,0.00312500000009,0.0
0.00312500000006,0.00312500000013,0.00382963266323,0.00522471560355,0.922195651733,0.003125,0.003125,0.003125,0.003125,0.003125,0.003125,0.003125,0.003125,0.003125,0.003125,0.003125,0.003125,0.003125,0.003125,0.003125,0.003125,0.003125,0.003125,0.003125,0.00312500000006,0.0
0.00312500000006,0.00312500000012,0.00382963266629,0.00522471631796,0.922195651015,0.003125,0.003125,0.003125,0.003125,0.003125,0.003125,0.003125,0.003125,0.003125,0.003125,0.003125,0.003125,0.003125,0.003125,0.003125,0.003125,0.003125,0.003125,0.003125,0.00312500000004,0.0
0.00312500000006,0.00312500000012,0.00382963266854,0.00522471687543,0.922195650456,0.003125,0.003125,0.003125,0.003125,0.003125,0.003125,0.003125,0.003125,0.003125,0.003125,0.003125,0.003125,0.003125,0.003125,0.003125,0.003125,0.003125,0.003125,0.003125,0.00312500000002,0.0
0.00312500000006,0.00312500000012,0.00382963267022,0.00522471731044,0.922195650019,0.003125,0.003125,0.003125,0.003125,0.003125,0.003125,0.003125,0.003125,0.003125,0.003125,0.003125,0.003125,0.003125,0.003125,0.003125,0.003125,0.003125,0.003125,0.003125,0.00312500000001,0.0
0.00312500000006,0.00312500000012,0.00382963267146,0.0052247176499,0.922195649678,0.003125,0.003125,0.003125,0.003125,0.003125,0.003125,0.003125,0.003125,0.003125,0.003125,0.003125,0.003125,0.003125,0.003125,0.003125,0.003125,0.003125,0.003125,0.003125,0.00312500000001,0.0
0.00312500000006,0.00312500000012,0.00382963267239,0.00522471791478,0.922195649413,0.003125,0.003125,0.003125,0.003125,0.003125,0.003125,0.003125,0.003125,0.003125,0.003125,0.003125,0.003125,0.003125,0.003125,0.003125,0.003125,0.003125,0.003125,0.003125,0.00312500000001,0.0
0.00312500000006,0.00312500000012,0.00382963267308,0.00522471812148,0.922195649205,0.003125,0.003125,0.003125,0.003125,0.003125,0.003125,0.003125,0.003125,0.003125,0.003125,0.003125,0.003125,0.003125,0.003125,0.003125,0.003125,0.003125,0.003125,0.003125,0.003125,0.0
0.00312500000006,0.00312500000012,0.0038296326736,0.00522471828277,0.922195649043,0.003125,0.003125,0.003125,0.003125,0.003125,0.003125,0.003125,0.003125,0.003125,0.003125,0.003125,0.003125,0.003125,0.003125,0.003125,0.003125,0.003125,0.003125,0.003125,0.003125,0.0
0.00312500000006,0.00312500000012,0.00382963267399,0.00522471840863,0.922195648917,0.003125,0.003125,0.003125,0.003125,0.003125,0.003125,0.003125,0.003125,0.003125,0.003125,0.003125,0.003125,0.003125,0.003125,0.003125,0.003125,0.003125,0.003125,0.003125,0.003125,0.0
0.00312500000006,0.00312500000012,0.00382963267429,0.00522471850685,0.922195648819,0.003125,0.003125,0.003125,0.003125,0.003125,0.003125,0.003125,0.003125,0.003125,0.003125,0.003125,0.003125,0.003125,0.003125,0.003125,0.003125,0.003125,0.003125,0.003125,0.003125,0.0
0.00312500000006,0.00312500000012,0.00382963267451,0.00522471858349,0.922195648742,0.003125,0.003125,0.003125,0.003125,0.003125,0.003125,0.003125,0.003125,0.003125,0.003125,0.003125,0.003125,0.003125,0.003125,0.003125,0.003125,0.003125,0.003125,0.003125,0.003125,0.0
0.00312500000006,0.00312500000012,0.00382963267468,0.00522471864329,0.922195648682,0.003125,0.003125,0.003125,0.003125,0.003125,0.003125,0.003125,0.003125,0.003125,0.003125,0.003125,0.003125,0.003125,0.003125,0.003125,0.003125,0.003125,0.003125,0.003125,0.003125,0.0
0.00312500000006,0.00312500000012,0.00382963267481,0.00522471868996,0.922195648635,0.003125,0.003125,0.003125,0.003125,0.003125,0.003125,0.003125,0.003125,0.003125,0.003125,0.003125,0.003125,0.003125,0.003125,0.003125,0.003125,0.003125,0.003125,0.003125,0.003125,0.0
0.00312500000006,0.00312500000012,0.0038296326749,0.00522471872637,0.922195648599,0.003125,0.003125,0.003125,0.003125,0.003125,0.003125,0.003125,0.003125,0.003125,0.003125,0.003125,0.003125,0.003125,0.003125,0.003125,0.003125,0.003125,0.003125,0.003125,0.003125,0.0
0.00312500000006,0.00312500000012,0.00382963267498,0.00522471875479,0.92219564857,0.003125,0.003125,0.003125,0.003125,0.003125,0.003125,0.003125,0.003125,0.003125,0.003125,0.003125,0.003125,0.003125,0.003125,0.003125,0.003125,0.003125,0.003125,0.003125,0.003125,0.0
0.00312500000006,0.00312500000012,0.00382963267503,0.00522471877696,0.922195648548,0.003125,0.003125,0.003125,0.003125,0.003125,0.003125,0.003125,0.003125,0.003125,0.003125,0.003125,0.003125,0.003125,0.003125,0.003125,0.003125,0.003125,0.003125,0.003125,0.003125,0.0
0.00312500000006,0.00312500000012,0.00382963267508,0.00522471879426,0.92219564853,0.003125,0.003125,0.003125,0.003125,0.003125,0.003125,0.003125,0.003125,0.003125,0.003125,0.003125,0.003125,0.003125,0.003125,0.003125,0.003125,0.003125,0.003125,0.003125,0.003125,0.0
0.00312500000006,0.00312500000012,0.00382963267511,0.00522471880777,0.922195648517,0.003125,0.003125,0.003125,0.003125,0.003125,0.003125,0.003125,0.003125,0.003125,0.003125,0.003125,0.003125,0.003125,0.003125,0.003125,0.003125,0.003125,0.003125,0.003125,0.003125,0.0
0.00312500000006,0.00312500000012,0.00382963267514,0.0052247188183,0.922195648506,0.003125,0.003125,0.003125,0.003125,0.003125,0.003125,0.003125,0.003125,0.003125,0.003125,0.003125,0.003125,0.003125,0.003125,0.003125,0.003125,0.003125,0.003125,0.003125,0.003125,0.0
0.00312500000006,0.00312500000012,0.00382963267516,0.00522471882652,0.922195648498,0.003125,0.003125,0.003125,0.003125,0.003125,0.003125,0.003125,0.003125,0.003125,0.003125,0.003125,0.003125,0.003125,0.003125,0.003125,0.003125,0.003125,0.003125,0.003125,0.003125,0.0
0.00312500000006,0.00312500000012,0.00382963267517,0.00522471883294,0.922195648492,0.003125,0.003125,0.003125,0.003125,0.003125,0.003125,0.003125,0.003125,0.003125,0.003125,0.003125,0.003125,0.003125,0.003125,0.003125,0.003125,0.003125,0.003125,0.003125,0.003125,0.0
0.00312500000006,0.00312500000012,0.00382963267518,0.00522471883794,0.922195648487,0.003125,0.003125,0.003125,0.003125,0.003125,0.003125,0.003125,0.003125,0.003125,0.003125,0.003125,0.003125,0.003125,0.003125,0.003125,0.003125,0.003125,0.003125,0.003125,0.003125,0.0
0.00312500000006,0.00312500000012,0.00382963267519,0.00522471884185,0.922195648483,0.003125,0.003125,0.003125,0.003125,0.003125,0.003125,0.003125,0.003125,0.003125,0.003125,0.003125,0.003125,0.003125,0.003125,0.003125,0.003125,0.003125,0.003125,0.003125,0.003125,0.0
0.00312500000006,0.00312500000012,0.0038296326752,0.0052247188449,0.92219564848,0.003125,0.003125,0.003125,0.003125,0.003125,0.003125,0.003125,0.003125,0.003125,0.003125,0.003125,0.003125,0.003125,0.003125,0.003125,0.003125,0.003125,0.003125,0.003125,0.003125,0.0
0.00312500000006,0.00312500000012,0.0038296326752,0.00522471884728,0.922195648477,0.003125,0.003125,0.003125,0.003125,0.003125,0.003125,0.003125,0.003125,0.003125,0.003125,0.003125,0.003125,0.003125,0.003125,0.003125,0.003125,0.003125,0.003125,0.003125,0.003125,0.0
0.00312500000006,0.00312500000012,0.00382963267521,0.00522471884913,0.922195648475,0.003125,0.003125,0.003125,0.003125,0.003125,0.003125,0.003125,0.003125,0.003125,0.003125,0.003125,0.003125,0.003125,0.003125,0.003125,0.003125,0.003125,0.003125,0.003125,0.003125,0.0
0.00312500000006,0.00312500000012,0.00382963267521,0.00522471885058,0.922195648474,0.003125,0.003125,0.003125,0.003125,0.003125,0.003125,0.003125,0.003125,0.003125,0.003125,0.003125,0.003125,0.003125,0.003125,0.003125,0.003125,0.003125,0.003125,0.003125,0.003125,0.0
0.00312500000006,0.00312500000012,0.00382963267521,0.00522471885171,0.922195648473,0.003125,0.003125,0.003125,0.003125,0.003125,0.003125,0.003125,0.003125,0.003125,0.003125,0.003125,0.003125,0.003125,0.003125,0.003125,0.003125,0.003125,0.003125,0.003125,0.003125,0.0
0.00312500000006,0.00312500000012,0.00382963267522,0.00522471885259,0.922195648472,0.003125,0.003125,0.003125,0.003125,0.003125,0.003125,0.003125,0.003125,0.003125,0.003125,0.003125,0.003125,0.003125,0.003125,0.003125,0.003125,0.003125,0.003125,0.003125,0.003125,0.0
0.00312500000006,0.00312500000012,0.00382963267522,0.00522471885328,0.922195648471,0.003125,0.003125,0.003125,0.003125,0.003125,0.003125,0.003125,0.003125,0.003125,0.003125,0.003125,0.003125,0.003125,0.003125,0.003125,0.003125,0.003125,0.003125,0.003125,0.003125,0.0
0.00312500000006,0.00312500000012,0.00382963267522,0.00522471885382,0.922195648471,0.003125,0.003125,0.003125,0.003125,0.003125,0.003125,0.003125,0.003125,0.003125,0.003125,0.003125,0.003125,0.003125,0.003125,0.003125,0.003125,0.003125,0.003125,0.003125,0.003125,0.0
0.00312500000006,0.00312500000012,0.00382963267522,0.00522471885424,0.92219564847,0.003125,0.003125,0.003125,0.003125,0.003125,0.003125,0.003125,0.003125,0.003125,0.003125,0.003125,0.003125,0.003125,0.003125,0.003125,0.003125,0.003125,0.003125,0.003125,0.003125,0.0
0.00312500000006,0.00312500000012,0.00382963267522,0.00522471885457,0.92219564847,0.003125,0.003125,0.003125,0.003125,0.003125,0.003125,0.003125,0.003125,0.003125,0.003125,0.003125,0.003125,0.003125,0.003125,0.003125,0.003125,0.003125,0.003125,0.003125,0.003125,0.0
0.00312500000006,0.00312500000012,0.00382963267522,0.00522471885482,0.92219564847,0.003125,0.003125,0.003125,0.003125,0.003125,0.003125,0.003125,0.003125,0.003125,0.003125,0.003125,0.003125,0.003125,0.003125,0.003125,0.003125,0.003125,0.003125,0.003125,0.003125,0.0
0.00312500000006,0.00312500000012,0.00382963267522,0.00522471885502,0.92219564847,0.003125,0.003125,0.003125,0.003125,0.003125,0.003125,0.003125,0.003125,0.003125,0.003125,0.003125,0.003125,0.003125,0.003125,0.003125,0.003125,0.003125,0.003125,0.003125,0.003125,0.0
0.00312500000006,0.00312500000012,0.00382963267522,0.00522471885518,0.922195648469,0.003125,0.003125,0.003125,0.003125,0.003125,0.003125,0.003125,0.003125,0.003125,0.003125,0.003125,0.003125,0.003125,0.003125,0.003125,0.003125,0.003125,0.003125,0.003125,0.003125,0.0
0.00312500000006,0.00312500000012,0.00382963267522,0.0052247188553,0.922195648469,0.003125,0.003125,0.003125,0.003125,0.003125,0.003125,0.003125,0.003125,0.003125,0.003125,0.003125,0.003125,0.003125,0.003125,0.003125,0.003125,0.003125,0.003125,0.003125,0.003125,0.0
0.00312500000006,0.00312500000012,0.00382963267522,0.00522471885539,0.922195648469,0.003125,0.003125,0.003125,0.003125,0.003125,0.003125,0.003125,0.003125,0.003125,0.003125,0.003125,0.003125,0.003125,0.003125,0.003125,0.003125,0.003125,0.003125,0.003125,0.003125,0.0
