-10.0 -10.0 -10.0,-10.0 -10.0 0.0,-10.0 -10.0 10.0,-10.0 0.0 -10.0,-10.0 0.0 0.0,-10.0 0.0 10.0,-10.0 10.0 -10.0,-10.0 10.0 0.0,-10.0 10.0 10.0,0.0 -10.0 -10.0,0.0 -10.0 0.0,0.0 -10.0 10.0,0.0 0.0 -10.0,0.0 0.0 0.0,0.0 0.0 10.0,0.0 10.0 -10.0,0.0 10.0 0.0,0.0 10.0 10.0,10.0 -10.0 -10.0,10.0 -10.0 0.0,10.0 -10.0 10.0,10.0 0.0 -10.0,10.0 0.0 0.0,10.0 0.0 10.0,10.0 10.0 -10.0,10.0 10.0 0.0,10.0 10.0 10.0,other
0.037037037037,0.037037037037,0.037037037037,0.037037037037,0.037037037037,0.037037037037,0.037037037037,0.037037037037,0.037037037037,0.037037037037,0.037037037037,0.037037037037,0.037037037037,0.037037037037,0.037037037037,0.037037037037,0.037037037037,0.037037037037,0.037037037037,0.037037037037,0.037037037037,0.037037037037,0.037037037037,0.037037037037,0.037037037037,0.037037037037,0.037037037037,0.0
0.0359260835887,0.0359265901551,0.0357196207686,0.0364787879807,0.0363784814188,0.0357336982579,0.0415834394262,0.0409936849153,0.0358810940329,0.035910185772,0.0359370066179,0.0357186652291,0.0377156349337,0.0374207813522,0.0357478920876,0.0449454952265,0.0446735012732,0.0358805866585,0.0357142893257,0.0357142891418,0.0357142857771,0.0357143124921,0.0357143125469,0.0357142864002,0.0357143480997,0.0357143595985,0.0357142869231,0.0
0.0346989823811,0.0346998114129,0.0342840480884,0.035798809611,0.0355990108849,0.0343219238846,0.0463723080025,0.0451008517794,0.034712393158,0.0346668255318,0.0347210190584,0.0342811596319,0.0382723467391,0.0376761693216,0.0343606768301,0.0539714257283,0.0533372162644,0.0347078655512,0.0342685421496,0.0342685418143,0.0342685356166,0.0342685811952,0.0342685813214,0.0342685370382,0.0342686399562,0.0342686589192,0.0342685381296,0.0
0.0333678980997,0.0333688191084,0.0327508248292,0.0349988827252,0.0347022535725,0.0328308961929,0.0512862902884,0.0492549340984,0.0336443464436,0.0333193379976,0.0334010812113,0.0327437616208,0.0386825500127,0.0377848662571,0.0329145951871,0.0639908230183,0.0628989814064,0.0336268081711,0.0327146340051,0.0327146335514,0.032714625102,0.0327146829793,0.0327146831777,0.0327146275725,0.0327147553691,0.0327147787311,0.032714629271,0.0
0.0319586392977,0.0319593949077,0.0311643244906,0.0340886933484,0.0337007286131,0.0313212751744,0.0561291972687,0.0532883699635,0.0329011216704,0.0318939907009,0.032002692227,0.0311478758492,0.0389168158456,0.0377273169529,0.031490402261,0.0746701895427,0.0730310053034,0.0328483196281,0.0310843631075,0.0310843625678,0.0310843525049,0.031084417406,0.0310844176654,0.0310843563761,0.0310844965361,0.0310845220928,0.0310843586981,0.0
0.0305161004858,0.0305164666875,0.0296066918005,0.033088727257,0.0326191969209,0.0299023670268,0.0605896345307,0.0569397093765,0.0328915109878,0.0304365575063,0.0305701828688,0.029569265067,0.0389386059983,0.0374821882268,0.0302343522261,0.0853448084632,0.0830926313909,0.0327507208483,0.0294344320973,0.0294344315019,0.0294344205274,0.029434488419,0.0294344887203,0.0294344262705,0.0294345696652,0.0294345959428,0.0294344291864,0.0
0.0291028508667,0.0291027464131,0.0281990954456,0.0320304714316,0.031494624803,0.0287294447692,0.0642480597061,0.0598605839681,0.0342484697163,0.0290109640974,0.0291652816361,0.0281183189895,0.0387084990081,0.0370300954789,0.0293562616467,0.0949796060748,0.0920963934715,0.0339039342865,0.0278459890649,0.0278459884402,0.0278459772974,0.0278460453269,0.0278460456479,0.0278459854931,0.0278461259426,0.0278461520674,0.0278459889104,0.0
0.0277731511881,0.0277727213943,0.0270483576796,0.0309437893672,0.0303612791397,0.0279309152353,0.0667255274505,0.0617410222492,0.0377163763395,0.0276728025205,0.0278414446571,0.0268915578107,0.0382012207585,0.036362901817,0.0290350680351,0.102492902056,0.0990201473034,0.0369398794613,0.0263920599594,0.026392059325,0.0263920487196,0.0263921151083,0.0263921154288,0.0263920600458,0.0263921937781,0.0263922193329,0.026392063839,0.0
0.026531309104,0.0265308518185,0.0261539087561,0.0298313987744,0.0292223753179,0.0274973668201,0.0678882639544,0.0624779774763,0.0439756840752,0.0264267951866,0.0266027332628,0.0258897216993,0.037415085078,0.0354827027785,0.0292733657418,0.107333215291,0.103354632729,0.0423580330909,0.0250837981074,0.0250837974762,0.0250837879894,0.0250838517555,0.025083852059,0.0250838033355,0.0250839280184,0.0250839528612,0.0250838074429,0.0
0.0253272199589,0.0253270049076,0.0253973721548,0.0286590489784,0.0280411460934,0.0272799301781,0.0678085283424,0.0621376935057,0.0537405517703,0.0252222679597,0.0253993642006,0.0250104385235,0.0363491756173,0.0343811316197,0.0298902891893,0.109526628726,0.105142410044,0.0505764351482,0.023864773684,0.0238647730642,0.0238647651573,0.0238648257112,0.0238648259826,0.0238647859891,0.02386489942,0.0238649235176,0.0238647905558,0.0
0.0240846813538,0.0240848352935,0.0246124209327,0.0273670586869,0.0267553269444,0.0270717013394,0.0665681101259,0.0607899605137,0.0680445267982,0.0239821607711,0.024155599942,0.024109902658,0.0349772042342,0.0330233167627,0.0306160481599,0.109240293855,0.104561503964,0.0621192061053,0.0226484145556,0.0226484139535,0.0226484080415,0.0226484648642,0.0226484650849,0.0226484371482,0.0226485358784,0.0226485592169,0.0226484428162,0.0
0.022718128854,0.0227186237375,0.0236325811934,0.0258800268331,0.0252881088902,0.0266506541031,0.0641652738107,0.0584317455013,0.0884276764324,0.0226202226845,0.0227862308145,0.0230428920269,0.0332419209639,0.0313470641758,0.0311341779865,0.106521681871,0.101680923493,0.0776449265223,0.0213407450147,0.0213407444372,0.0213407409608,0.0213407934228,0.0213407935643,0.021340784166,0.0213408614943,0.0213408840608,0.0213407929855,0.0
0.0211376899373,0.0211383963547,0.0223104049112,0.0241128722563,0.0235539266868,0.0257912359711,0.0605298862081,0.0550012039587,0.116950490134,0.0210461798352,0.0212015913401,0.0216770463863,0.0310643918874,0.0292717195518,0.0310867698969,0.101299264433,0.0964622895217,0.0977433486247,0.0198467554744,0.0198467549297,0.0198467544027,0.0198468016753,0.0198468016892,0.0198468252108,0.0198468664442,0.0198468882696,0.0198468440096,0.0
0.019261694291,0.0192624627947,0.0205398094204,0.0219866685722,0.021473533249,0.0242940086986,0.0555937856411,0.0504375020832,0.155925715099,0.0191782083637,0.0193201154064,0.0199114384958,0.0283691817877,0.0267209591719,0.0301164202168,0.0935169766529,0.088880506692,0.122469695181,0.0180822967615,0.0180822962596,0.0180822992884,0.0180823403322,0.0180823401329,0.0180824332753,0.0180824014413,0.0180824227496,0.0180824879413,0.0
0.0170484433738,0.0170491674296,0.0182920077529,0.0194647615466,0.0190092042641,0.0220544135067,0.0493970163199,0.0447721096097,0.207188737781,0.0169745389799,0.0171002024996,0.0177112439879,0.0251320405348,0.0236672603975,0.0279846294092,0.0833303927531,0.0790954555739,0.15069264032,0.0160038445612,0.0160038441131,0.0160038513821,0.0160038850443,0.0160038844805,0.0160041562077,0.0160039424597,0.0160039640556,0.016004361656,0.0
0.0145388359339,0.0145394638227,0.0156484535679,0.016600529914,0.016211652025,0.0191408732762,0.0421936728104,0.03822367326,0.270946648889,0.0144758112362,0.0145829856354,0.0151441424576,0.0214388943202,0.0201878206749,0.0247216855172,0.07127436839,0.0676023857124,0.179694176337,0.0136478861631,0.0136478857786,0.013647897987,0.0136479232353,0.0136479220517,0.0136487422559,0.0136479778523,0.0136480020111,0.013649688886,0.0
0.011876809165,0.0118773238232,0.0128011357253,0.0135612073178,0.0132434518779,0.0158116076999,0.0344882058981,0.0312360332491,0.344725409459,0.0118253246021,0.0119128765441,0.0123866958205,0.0175149194307,0.0164924181126,0.0206771497242,0.0582896148225,0.0552675517681,0.205660704154,0.0111489753673,0.0111489750519,0.0111489927632,0.0111490090329,0.0111490068408,0.01115172536,0.011149063482,0.0111490957046,0.0111567172033,0.0
0.00928034473574,0.00928074710875,0.0100083279898,0.0105965359391,0.0103482329758,0.012438221509,0.0269537805298,0.0244098117508,0.42315756487,0.00924011562987,0.00930852735874,0.0096840276814,0.0136861494916,0.0128870728405,0.0164005197006,0.0455643514911,0.0431959061759,0.225109072254,0.00871162578291,0.00871162553587,0.00871164887297,0.00871165644873,0.00871165275836,0.00872101194219,0.00871171561198,0.00871176717138,0.00874798584267,0.0
0.00698126228551,0.00698156500385,0.00753064171421,0.00797138900054,0.00778459746987,0.00939407347536,0.0202776829554,0.0183631415006,0.498759749309,0.00695099942128,0.00700246305542,0.00728665539176,0.0102956393871,0.00969449965926,0.0124528945964,0.0342810250273,0.0324972736226,0.23632425092,0.006553435768,0.00655343558188,0.00655346379234,0.00655346408521,0.00655345847835,0.00658319984437,0.00655353423336,0.00655362317691,0.0067125812437,0.0
0.00517545540956,0.0051756798291,0.00558326743963,0.00590947191469,0.00577099636003,0.00698033329954,0.015032924106,0.0136133657403,0.563089648433,0.00515302048541,0.00519117228873,0.0054024200002,0.00763253041756,0.00718687899022,0.00928431491164,0.0254149846395,0.0240920236448,0.239954323853,0.00485829253934,0.00485829240124,0.00485832365316,0.00485831909675,0.00485831153686,0.00493504881268,0.00485840460099,0.00485854902765,0.00541364656869,0.0
0.00394209598828,0.00394226692721,0.00425289933915,0.00450118964382,0.0043957140178,0.0053238256431,0.0114505489637,0.0103692056042,0.61009586537,0.00392500751675,0.00395406738858,0.00411516976932,0.00581362962268,0.00547417968073,0.00709526046177,0.0193587331208,0.0183508548533,0.23876321495,0.00370051599334,0.00370051588811,0.00370054798878,0.0037005411572,0.003700532114,0.00384911515435,0.0037006410696,0.00370084483395,0.00512301694031,0.0
0.00315626699381,0.00315640385744,0.00340518216439,0.00360390931961,0.00351945948774,0.00426580258961,0.00916800507175,0.00830218858499,0.64137575626,0.00314258498849,0.0031658519801,0.00329491910101,0.00465472444667,0.00438294097165,0.00569207335088,0.0154998463034,0.014692808223,0.235783246829,0.00296284426414,0.00296284417986,0.00296287573871,0.00296286827153,0.00296285832462,0.00318742728913,0.00296297848384,0.00296323117884,0.00581010174528,0.0
0.00263449510824,0.00263460934659,0.00284229421455,0.00300813636665,0.00293764717642,0.0035623678026,0.00765243559667,0.00692973403275,0.662302550968,0.00262307491596,0.00264249557197,0.00275026549287,0.00388523846959,0.00365838410912,0.00475726963827,0.0129375880604,0.0122639279382,0.232428802131,0.00247304766517,0.00247304759481,0.00247307805316,0.00247307070703,0.00247306023232,0.00276500841704,0.00247318782711,0.00247347775612,0.00747170480786,0.0
0.00226202323269,0.00226212131975,0.00244046196559,0.00258283811238,0.00252231486389,0.00305980008207,0.00657052654052,0.00594999275544,0.676536812444,0.00225221765737,0.00226889256975,0.0023614486204,0.0033359334015,0.00314115218293,0.00408854271422,0.0111084778219,0.0105300399969,0.228995842417,0.00212340165538,0.00212340159496,0.00212343076623,0.00212342389949,0.00212341309145,0.00247208088048,0.0021235459901,0.00212386518456,0.0103939982392,0.0
0.00197890938879,0.00197899519934,0.00213502690208,0.00225957122353,0.00220662303452,0.00267757680778,0.00574817106654,0.00520529615324,0.685749957997,0.00197033107502,0.00198491896262,0.00206590567069,0.00291840956642,0.0027480069944,0.003579476167,0.00971817345779,0.00921211762728,0.225389645512,0.00185763762774,0.00185763757488,0.00185766539866,0.00185765923917,0.00185764817647,0.00225331739676,0.00185778552899,0.001858129825,0.0152154064266,0.0
0.00175240591471,0.0017524819035,0.00189066278772,0.00200094355402,0.00195405574498,0.00237163803815,0.00509024963643,0.0046095059912,0.690298980527,0.00174480946393,0.0017577276403,0.00182945513996,0.0025843721931,0.00243347361757,0.00317170456311,0.00860586567092,0.00815772045295,0.221338593555,0.00164501476652,0.0016450147197,0.0016450411628,0.00164503593666,0.00164502460848,0.00207897729341,0.00164516671605,0.00164553563768,0.0230605427638,0.0
0.00156267943577,0.00156274719756,0.00168597382122,0.00178430883191,0.00174249738916,0.00211526767497,0.00453915354491,0.00411045321188,0.689484506745,0.00155590542451,0.00156742499791,0.00163139442269,0.00230457191056,0.00217001050318,0.00282977273416,0.00767416059329,0.00727452367243,0.216397087357,0.00146691512826,0.0014669150865,0.00146694009553,0.0014669361296,0.00146692441919,0.00193073753168,0.00146707311136,0.00146747099274,0.0358076480374,0.0
0.00139603521015,0.00139609574582,0.00150618598341,0.0015940300386,0.00155667736781,0.00188999694605,0.00405510466847,0.00367211562621,0.681451153982,0.00138998357985,0.00140027470527,0.00145742806768,0.00205881232877,0.00193860049387,0.00252912474789,0.00685580911135,0.00649877817396,0.209870479997,0.00131048321391,0.0013104831766,0.00131050664409,0.00131050453953,0.00131049213176,0.00179499332203,0.00131065229614,0.0013110925803,0.0565141053212,0.0
0.00124141841189,0.001241472243,0.00133937287839,0.00141748448176,0.00138426877349,0.00168089859891,0.00360599359814,0.00326541514864,0.662863744094,0.00123603702523,0.00124518836502,0.00129601592605,0.00183079029884,0.00172389234689,0.00224987227068,0.00609652827747,0.0057790251218,0.200703713309,0.00116534166068,0.00116534162749,0.00116536335803,0.00116536448305,0.00116535052763,0.00165919876144,0.00116553565333,0.00116605596121,0.0899813167979,0.0
0.00108854305812,0.00108859026018,0.00117443729385,0.00124292735656,0.00121380201355,0.00147406784513,0.00316194732475,0.00286329675232,0.628604500714,0.00108382436616,0.0010918487577,0.00113642011483,0.00160533658177,0.00151160249116,0.00197345283474,0.00534582233303,0.00506739122124,0.187401432553,0.0010218348325,0.00102183480338,0.00102185447993,0.0010218630049,0.00102184464232,0.00150970393228,0.00102210208952,0.00102282930817,0.143206889035,0.0
0.000927710199567,0.000927750427595,0.00100091518665,0.00105928416219,0.00103446208393,0.00125638445766,0.00269481665225,0.00244025395034,0.572274607694,0.000923688697087,0.000930527480196,0.000968515388733,0.00136814801092,0.00128826266758,0.00168232750621,0.00455615040186,0.00431877878793,0.168202214899,0.000870858152155,0.000870858127286,0.000870875299524,0.000870911005745,0.000870874108384,0.00133169923869,0.000871456161537,0.000873009921564,0.224714659331,0.0
0.000754328919924,0.000754361630246,0.000813853526748,0.000861313025523,0.00084112985066,0.00102164195134,0.00219146045866,0.00198426011218,0.490019537477,0.000751059002838,0.000756619674577,0.000787509121476,0.00111245799706,0.00104749923215,0.00136820021489,0.00370577682629,0.00351234408101,0.142216056849,0.000708102043236,0.000708102022673,0.000708116203115,0.00070835245769,0.000708175011014,0.0011161952965,0.000711562006991,0.000719177878194,0.339412807129,0.0
0.000612049400692,0.000612075947629,0.000660347020761,0.000698857066786,0.00068247928176,0.000828967870341,0.00178086693842,0.00161076762811,0.408686573516,0.000609396247535,0.000613908080787,0.000638971655396,0.000902692492668,0.000849948463968,0.00111025608345,0.00301965543161,0.00285943866786,0.117675563296,0.000574541694392,0.000574541673992,0.000574553246512,0.000577412120907,0.000575487823835,0.000922673560762,0.000622004373567,0.000702869336671,0.45042310108,0.0
0.000585715455663,0.000585740875928,0.000631934968352,0.000668795283935,0.00065311846345,0.000793303137862,0.00171028909742,0.001543407891,0.392298175829,0.000583176454379,0.000587494165338,0.000611479299388,0.000864020160666,0.000813450257829,0.00106249912444,0.00292256455695,0.00276540796618,0.112843150065,0.000549821490578,0.00054982146248,0.000549832520388,0.000560110450069,0.000553602326913,0.000885039602969,0.000751661985719,0.00106865919564,0.472007727912,0.0
0.000570017451485,0.000570042206057,0.000614998129809,0.00065087795969,0.00063561758171,0.000772042644152,0.00167040277765,0.00150400710842,0.382424889215,0.000567546495692,0.00057174848942,0.000595090704863,0.000841033203991,0.000791722390805,0.00103402940773,0.00287776248019,0.00272188975137,0.109940973044,0.00053508543281,0.000535085397067,0.000535096137824,0.00055287425783,0.000541789842414,0.000862440319847,0.000937756252789,0.00167553020331,0.484469651115,0.0
0.00055845301024,0.000558477278266,0.000602521030003,0.000637680499639,0.00062272599253,0.000756380281863,0.00164240941943,0.00147546929598,0.375105438048,0.000556032180871,0.000560148928871,0.000583017487566,0.00082414235551,0.000775735128565,0.0010130557502,0.00285340902717,0.00269833163902,0.107793695345,0.000524229622825,0.000524229579566,0.000524240080042,0.000549521477307,0.000533884391526,0.000845709819498,0.00118595904125,0.00265595263438,0.493039150655,0.0
0.000548988068939,0.000549011941617,0.000592309097521,0.000626880448859,0.000612175606455,0.000743561297481,0.00162049846782,0.00145246900268,0.369082939372,0.000546608264404,0.000550655243726,0.000573136114272,0.000810349938847,0.000762664679202,0.000995889461906,0.00283990986053,0.00268548754632,0.106029978626,0.000515344648285,0.000515344597585,0.000515354896611,0.000548142972064,0.00052796423676,0.000831953048617,0.00151145326971,0.00423125261946,0.499179676673,0.0
0.000540595111055,0.000540618635373,0.000583253732047,0.000617304712832,0.000602820741646,0.000732194092565,0.00160179617946,0.00143233804872,0.363713002666,0.000538251683863,0.0005422367971,0.000564373869988,0.000798143763324,0.00075108554307,0.000980667083384,0.00283277941338,0.00267903229438,0.104460359846,0.000507465959143,0.00050746590099,0.000507476017934,0.000547777903482,0.00052306055626,0.000819690510694,0.0019352976318,0.00675481394998,0.503386097355,0.0
0.000532547579983,0.000532570771957,0.00057457103971,0.000608123938005,0.000593851362412,0.000721294648199,0.00158434405728,0.00141321740588,0.35853123144,0.000530239031985,0.000534164825927,0.000555972235423,0.000786457285762,0.000739991012041,0.000966070871205,0.00282930019427,0.00267636129352,0.102949177814,0.000499911520344,0.000499911454613,0.000499921394787,0.000547738401421,0.000518487125991,0.000807859330041,0.00248430017196,0.0107823333383,0.505700050456,0.0
0.000524157168318,0.000524180015033,0.000565518390037,0.000598552635867,0.000584500187367,0.000709930727997,0.00156638446636,0.00139338345066,0.353089148524,0.000521884984675,0.000525748932399,0.000547212618982,0.000774283910121,0.000728429154149,0.000950852364122,0.00282750903073,0.00267562454407,0.101366286602,0.000492035199073,0.000492035125465,0.000492044880524,0.000547353044244,0.000513589232421,0.000795436109206,0.00319073927211,0.017170631487,0.505832547942,0.0
0.000514625838643,0.000514648294333,0.000555234754962,0.000587680440694,0.000573877801819,0.000697021457299,0.00154603369629,0.00137089721528,0.346859545032,0.000512394962996,0.000516188655252,0.000537261863987,0.000760462739066,0.000715299187524,0.000933563993268,0.00282607737453,0.00267562629599,0.0995594306624,0.000483087850202,0.000483087768139,0.000483097313441,0.000545812433616,0.000507599161079,0.000781220561501,0.00409022827277,0.0271961426298,0.503173853743,0.0
0.000502956707556,0.000502978687013,0.000542644547531,0.000574370948048,0.000560873605721,0.000681216613715,0.00152127252116,0.00134346512346,0.339178716803,0.000500776402742,0.000504484082807,0.000525079200108,0.00074355727089,0.000699232513758,0.000912397437941,0.0028253440581,0.00267684372699,0.0973374819244,0.000472133650717,0.000472133559114,0.000472142848836,0.000542059387679,0.000499543569061,0.000763704012946,0.00521469277908,0.0426363940279,0.496793503989,0.0
0.000487999319142,0.000488020696545,0.00052650642603,0.000557315166718,0.000544207244539,0.000660957903155,0.00149074228751,0.0013088156449,0.329277869191,0.000485883829147,0.000489481262662,0.000509463467712,0.000721950530969,0.000678669144569,0.000885265726456,0.00283142268681,0.00268541778974,0.0944794303307,0.000458092563598,0.000458092460366,0.000458101422141,0.000534790425539,0.000488271519138,0.000741140596471,0.00657397026156,0.065608928625,0.485569193478,0.0
0.000468937440996,0.000468958080407,0.000505939431943,0.000535594123697,0.000522975590515,0.000635139466994,0.00145697897057,0.00126670169682,0.316611007512,0.000466904529021,0.000470361473791,0.000489562224756,0.000694647930461,0.000652575658785,0.000850687928799,0.00286915844485,0.00272565874183,0.090828660002,0.000440198112413,0.000440197993438,0.000440206529267,0.000522860876233,0.000472890715717,0.000712290749092,0.0081131863634,0.0975580441208,0.468779675291,0.0
0.00044686618084,0.000446886061793,0.000482124025335,0.000510496087396,0.000498420358962,0.00060524330063,0.00143498316946,0.00122468353453,0.301912485585,0.000444928795639,0.000448223110095,0.000466517719814,0.000663812386549,0.000622740226861,0.000810649228182,0.00301353051234,0.00287016610531,0.0865969022829,0.00041947738742,0.00041947724523,0.000419485258841,0.000506754092905,0.000454227701973,0.000678820334349,0.00963701050013,0.136175264097,0.44778982471,0.0
0.000426534906537,0.00042655433193,0.000460181458396,0.000487526089946,0.000475882659288,0.000577698459581,0.00145772125183,0.00120301266205,0.288362895555,0.000424685212809,0.000427829830033,0.000445285430522,0.000637449840844,0.000596263868234,0.000773760418636,0.00340816321417,0.00325708205814,0.0826987637505,0.000400386200076,0.000400386025708,0.000400393494868,0.000490514454396,0.000436536445456,0.000647952040193,0.0108156621512,0.172046570782,0.427814307408,0.0
0.000411772289982,0.000411791733192,0.000444239082955,0.000471117025787,0.000459666483713,0.000557686121916,0.00154331901711,0.00121427762407,0.278524763066,0.000409985594929,0.000413021724438,0.000429859106782,0.000621653332134,0.000578716260677,0.000746960413953,0.00415705908037,0.00398600534353,0.0798698062831,0.000386515571306,0.00038651536136,0.000386522356358,0.00047808954277,0.000423473277506,0.000625515198417,0.0115340652821,0.19739778671,0.413129817116,0.0
0.000401295409785,0.000401315140757,0.000432912462029,0.000459772199177,0.000448324696306,0.00054346821055,0.00167947354035,0.00125027426071,0.271542355069,0.000399552530407,0.000402511905063,0.000418899125811,0.000613903211786,0.000568014773406,0.000727921012858,0.00528925030471,0.00508552510226,0.0778627033401,0.000376660926633,0.000376660682932,0.000376667279572,0.000468947468405,0.000414082982642,0.000609571660566,0.0119611491878,0.214235232354,0.402653555163,0.0
0.000393194522001,0.000393214622545,0.0004241423372,0.000451264168233,0.0004397022142,0.000532459610879,0.00185583362281,0.00130242965902,0.266141405681,0.00039148462202,0.000394384865015,0.000410412887193,0.000610801399079,0.000561207267857,0.000713179876975,0.00686978607168,0.00661960022154,0.0763105882805,0.000369030575816,0.00036903030134,0.000369036550659,0.000461632380308,0.000406720109988,0.000597225629169,0.0122276329916,0.225857502508,0.394527097022,0.0
0.000386356918185,0.000386377373799,0.000416729124102,0.000444292977668,0.000432542121428,0.000523154442791,0.00206924151648,0.00136635814085,0.261579937594,0.000384674045249,0.000387524561495,0.000403239636915,0.000610395941321,0.00055658166859,0.000700720220497,0.00901882840636,0.00870551390652,0.0749999979509,0.000362580804426,0.000362580502116,0.000362586437265,0.000455219531635,0.000400398949429,0.000586789221034,0.0123927126763,0.234053703246,0.387650962085,0.0
0.000380118400551,0.000380139145783,0.000409956748885,0.000438082576068,0.000426094185723,0.00051465381928,0.00232002240119,0.00143975806843,0.257415410087,0.000378459517417,0.00038126481302,0.000396686480215,0.000611533806063,0.000553120273248,0.000689338256653,0.0119087335993,0.0115112657136,0.0738036788783,0.000356688582168,0.000356688254835,0.00035669389773,0.000449116750029,0.000394514989016,0.000577254625548,0.0124820228018,0.239703735007,0.381364968321,0.0
0.000374008504208,0.000374029441354,0.000403317845439,0.000432084409912,0.000419827816665,0.000506320874882,0.00260994859501,0.0015211452962,0.25333483724,0.000372372627094,0.000375133748195,0.000390262474097,0.000613405648794,0.000550106455531,0.000678181178338,0.015768894939,0.015260602951,0.0726316717862,0.000350912465602,0.000350912116063,0.000350917481045,0.000442870652287,0.00038862536423,0.000567907651231,0.0125055094765,0.243226444883,0.375199748078,0.0
0.00036762693842,0.000367647943534,0.000396380487897,0.000425833294363,0.000413292666043,0.000497613484593,0.00294114357982,0.00160922417933,0.249072834769,0.000366014812413,0.000368729873642,0.000383549673565,0.00061532332862,0.000546932816775,0.000666523160349,0.020893561553,0.0202411022727,0.0714077234625,0.000344876645681,0.000344876276937,0.000344881372707,0.000436065950394,0.000382340048812,0.000558140224942,0.0124645990903,0.244788344488,0.368754817605,0.0
0.000360580858452,0.000360601780104,0.000388720502538,0.000418873969413,0.000406047748258,0.000487999329377,0.00331520366704,0.00170250223952,0.244370911028,0.000358994902786,0.000361659156495,0.000376137634275,0.000616602248915,0.00054300163099,0.000653651705999,0.027647241172,0.0268102313666,0.0700575624568,0.000338212052168,0.000338211667592,0.00033821649824,0.000428272313452,0.000375265877495,0.000547355134105,0.0123553775374,0.244406247746,0.361636317776,0.0
0.000352453724126,0.000352474376637,0.000379887803733,0.00041072429975,0.000397626127535,0.000476913724164,0.00373222177201,0.00179899310196,0.23895934253,0.000350898105882,0.000353503788567,0.000367590837359,0.000616495575146,0.000537672110174,0.000638811397661,0.0364608301151,0.0353929205565,0.0685036514501,0.000330527057306,0.000330526660835,0.000330531226441,0.000419018835461,0.000366979181149,0.00053491863983,0.0121703809148,0.242008127182,0.353425978905,0.0
0.000342799312116,0.000342819463209,0.000369399796057,0.000400867578796,0.000387527899493,0.000463751557561,0.00418959355018,0.00189597174089,0.232559578303,0.000341280032489,0.000343816179493,0.000357442302655,0.000614168261204,0.000530244187709,0.000621193680196,0.0478083163208,0.0464609205293,0.0666657932573,0.000321401717722,0.000321401314014,0.000321405611122,0.000407794034384,0.000357022727795,0.000520151172159,0.0119001118161,0.237480132108,0.343675095546,0.0
0.000331164847887,0.000331184199295,0.000356766105068,0.000388778481748,0.000375245894832,0.000447898952769,0.00468062878695,0.00198981086031,0.224916006048,0.000329689704219,0.000332142157029,0.000345217510662,0.000608717967292,0.00051998472524,0.00059998084417,0.0621502583121,0.0604803951669,0.0644700596285,0.000310409238056,0.000310408832578,0.000310412854813,0.000394077880971,0.000344931857263,0.00050236207672,0.0115348260031,0.230711099003,0.33192754206,0.0
0.000317148144092,0.000317166302099,0.000341549991844,0.00037398794154,0.000360329335336,0.000428812244329,0.00519305189768,0.00207593637282,0.215878827848,0.000315726407366,0.000318078279242,0.00033049379707,0.000599250717588,0.000506202716665,0.000574456553534,0.0798267142185,0.0778098847727,0.0618721195372,0.000297169218044,0.00029716881701,0.000297172556097,0.000377411658099,0.000330294845489,0.000480935799705,0.0110667783068,0.221636587816,0.317776743905,0.0
0.000300483607565,0.000300500040799,0.000323461575146,0.000356178691314,0.000342478159327,0.000406141339733,0.00570706071357,0.00214879629405,0.205593874903,0.000299125292908,0.000301358120805,0.000312990415422,0.000584990258257,0.000488358336428,0.00054418682537,0.100869317814,0.0985158053548,0.0589105503095,0.000281428016938,0.000281427627048,0.000281431074429,0.000357499264316,0.000312842014273,0.000455461963323,0.0104927731726,0.210279845811,0.300951633004,0.0
0.000281139078527,0.000281153079435,0.000302466942125,0.000335280926837,0.000321641467585,0.000379889597704,0.00619053549606,0.00220121041558,0.194982551885,0.000279853871246,0.000281949502164,0.000292673411284,0.000565329395963,0.000466144726949,0.000509290297654,0.124628552843,0.12199444989,0.0558415718393,0.000263150390215,0.000263150018177,0.000263153167526,0.000334320386843,0.000292546107655,0.000425883690484,0.00981676399072,0.196790697024,0.281414650559,0.0
0.000259435198145,0.000259445982172,0.000278941701875,0.000311549997674,0.000298112415439,0.000350686704602,0.00658317547592,0.00222129532463,0.187086740969,0.000258231525549,0.00026017457996,0.000269900637553,0.000539648429243,0.00043945234129,0.00047099798843,0.148835751703,0.146002307033,0.0535179135115,0.000242638251419,0.000242637903277,0.000242640754913,0.000308277863326,0.00026975251521,0.000392689821294,0.00905369286475,0.181515177793,0.259488730713,0.0
0.000236316106933,0.000236323537075,0.00025404671318,0.000285733678062,0.000272735194088,0.000320438416393,0.00676280389096,0.00218611308496,0.189898415334,0.000235201475298,0.000236982198367,0.000245772347145,0.000506955849168,0.000408311495749,0.000432954207091,0.167584265969,0.164558454911,0.054189350246,0.000220809906093,0.000220809586165,0.000220812155532,0.00028055104276,0.000245488808413,0.000357366748853,0.00823993226923,0.165207239123,0.236155815706,0.0
0.000213191611299,0.000213197281063,0.000229541002393,0.000258955380014,0.000246763712133,0.00029182330814,0.00658353480948,0.00207056463335,0.214778594401,0.000212174793434,0.000213788933395,0.000221955825394,0.000466504625915,0.000373105540066,0.000399886705806,0.172427154816,0.169076053477,0.0610391461402,0.000199066951091,0.000199066661023,0.000199068980218,0.000252927815494,0.000221317149404,0.000322182923505,0.00742879644519,0.148946629338,0.21291500674,0.0
0.00018954809912,0.000189553411667,0.000204647801742,0.000230658730739,0.00021964347209,0.000263079911672,0.00605960670365,0.00187997026872,0.263460455998,0.000188640905493,0.000190078575089,0.000197760002537,0.000418204662241,0.000333463029344,0.000367475783409,0.162658359038,0.159030387085,0.0744054824688,0.000176944444605,0.00017694418593,0.000176946270798,0.000224820775569,0.000196722562223,0.000286387140236,0.00660333651252,0.132397447325,0.189273434835,0.0
0.000163738793653,0.000163743641888,0.000177169686604,0.000199350314882,0.00018978999509,0.000230173044712,0.00530211795672,0.0016354223036,0.329851770691,0.000162954731563,0.00016419707551,0.000171139884202,0.000362171066405,0.000288494890537,0.000327206692138,0.143618410761,0.140074486444,0.0922392018868,0.000152842734157,0.000152842510293,0.000152844348662,0.000194198511941,0.000169927224384,0.000247395893077,0.00570397038424,0.114366186809,0.163538251723,0.0
0.00013599935609,0.000136003448142,0.000147328651597,0.000165594038783,0.000157645190897,0.000192949710266,0.00442151628978,0.00136094451113,0.406360092083,0.000135348108491,0.000136380025865,0.00014229460277,0.000300994311196,0.00023970057914,0.000277897858379,0.120102838736,0.116991578735,0.111997244625,0.000126948200718,0.000126948014601,0.000126949592017,0.000161298073992,0.000141138498237,0.000205527804267,0.00473767867806,0.0949931234347,0.135978036842,0.0
0.0001082830732,0.000108286340776,0.000117365825958,0.000131848529098,0.000125518478235,0.000154543528286,0.0035243039083,0.00108407023554,0.484618629726,0.000107764549956,0.000108586168241,0.000113352806208,0.000239681260493,0.000190862120401,0.000224541242526,0.0958054996173,0.0932780398201,0.13103509077,0.000101076425177,0.000101076276926,0.000101077596767,0.000128426339828,0.000112374948593,0.000163771507873,0.00377222019565,0.0756369027566,0.108806805952,0.0
8.30528278605e-05,8.3055335194e-05,9.0039669332e-05,0.000101127719607,9.62724374214e-05,0.000118970710771,0.00270393831112,0.000831563745981,0.556186679559,8.26551223752e-05,8.32853015376e-05,8.69616635831e-05,0.00018383920765,0.00014639236874,0.000173832494963,0.0735197085775,0.0715682400561,0.147017362133,7.75253403564e-05,7.75252266281e-05,7.75263140861e-05,9.85030331178e-05,8.61913992812e-05,0.000125965690625,0.0028933501255,0.0580168431627,0.0853895924658,0.0
6.2489832817e-05,6.24917194994e-05,6.77534049274e-05,7.60896077451e-05,7.24364201349e-05,8.97134742937e-05,0.0020346526456,0.000625693675832,0.612807418806,6.2190595043e-05,6.26647485648e-05,6.54379739941e-05,0.000138323299062,0.000110147429061,0.00013154686732,0.0553252903439,0.0538536579436,0.158151630169,5.83308915639e-05,5.8330805987e-05,5.83317021129e-05,7.41150293307e-05,6.48514082963e-05,9.55724978962e-05,0.00217704894263,0.0436561892577,0.069957600508,0.0
4.77263820352e-05,4.7727823005e-05,5.17486393243e-05,5.81131667812e-05,5.53230539171e-05,6.86065547385e-05,0.00155400866973,0.000477875240866,0.648751930641,4.74978402892e-05,4.78599733127e-05,4.99805482279e-05,0.000105644073147,8.41247487782e-05,0.000100811226932,0.0422567803708,0.0411318199719,0.163738684549,4.45500057096e-05,4.45499403482e-05,4.45506919434e-05,5.66053131112e-05,4.95300821595e-05,7.4301372932e-05,0.0016627671955,0.0333458677341,0.0660010141905,0.0
3.78908424958e-05,3.78919865143e-05,4.10850303453e-05,4.61371016599e-05,4.39219790318e-05,5.45086385e-05,0.00123377596712,0.000379395318654,0.664844466348,3.7709399052e-05,3.79969030436e-05,3.96814664536e-05,8.38728048757e-05,6.67881845526e-05,8.01974320761e-05,0.033549355949,0.0326558032721,0.164642738023,3.53690595505e-05,3.53690076577e-05,3.53696535617e-05,4.49401821397e-05,3.9322876212e-05,6.05603395142e-05,0.00132015186184,0.0264775161803,0.0740381841925,0.0
3.11209885568e-05,3.11219281799e-05,3.37448628675e-05,3.78939120081e-05,3.60745586213e-05,4.47905369068e-05,0.0010133534136,0.000311610685215,0.66445151668,3.09719631223e-05,3.12080995562e-05,3.25921493933e-05,6.88875101928e-05,5.48553305505e-05,6.59534581557e-05,0.0275557840525,0.0268216027433,0.161894134046,2.90497657111e-05,2.9049723089e-05,2.90502872571e-05,3.69110480471e-05,3.22972087709e-05,5.12999768384e-05,0.00108434216702,0.0217511270523,0.0944096558517,0.0
2.60279681355e-05,2.60287539899e-05,2.82226396752e-05,3.16924882225e-05,3.01708755045e-05,3.74721379762e-05,0.000847528564248,0.000260615770557,0.647834409408,2.59033310532e-05,2.61008232236e-05,2.72586127741e-05,5.76139430898e-05,4.58781402752e-05,5.52088908574e-05,0.0230468316505,0.022432523494,0.155553309235,2.42957056008e-05,2.42956699529e-05,2.42961642919e-05,3.08707684303e-05,2.70117602212e-05,4.43236213563e-05,0.000906977479288,0.0181981117475,0.130327020356,0.0
2.17827793122e-05,2.17834369972e-05,2.36196094075e-05,2.65234117154e-05,2.52499746251e-05,3.13671617278e-05,0.000709316063944,0.000218110500223,0.611617452482,2.16784706706e-05,2.18437516613e-05,2.28128385172e-05,4.82170976287e-05,3.83953823502e-05,4.62336875496e-05,0.0192889006944,0.0187743481139,0.144833392248,2.0333050595e-05,2.03330207596e-05,2.03334488587e-05,2.58363615633e-05,2.26062542996e-05,3.83150363552e-05,0.000759261983907,0.0152450407208,0.188056912418,0.0
1.78796278292e-05,1.78801676785e-05,1.93873868858e-05,2.17708134997e-05,2.07255545719e-05,2.57504065436e-05,0.000582274793943,0.000179032645892,0.55058273983,1.77940097565e-05,1.79296748412e-05,1.87251876478e-05,3.95774555792e-05,3.15155438751e-05,3.79666198661e-05,0.0158358017816,0.0154122503422,0.12863519558,1.6689668991e-05,1.66896444963e-05,1.66900042087e-05,2.12093637233e-05,1.85561222477e-05,3.24293243365e-05,0.000624123466531,0.0125730189641,0.275166396019,0.0
1.41930839675e-05,1.4193512576e-05,1.53899927126e-05,1.72819863338e-05,1.64522284915e-05,2.04428200471e-05,0.000462540161169,0.000142145260691,0.46566407925,1.41251192326e-05,1.42328119665e-05,1.4864333588e-05,3.14180383723e-05,2.50177525013e-05,3.0147367119e-05,0.0125909177152,0.0122488037591,0.107481703212,1.32484787316e-05,1.32484592529e-05,1.32487486527e-05,1.68557549384e-05,1.47350695549e-05,2.64236687367e-05,0.000503573129802,0.0104542844737,0.390126433811,0.0
1.24301907887e-05,1.24305665699e-05,1.34784379729e-05,1.51356128094e-05,1.44088106861e-05,1.79040368227e-05,0.000406843583296,0.000124658369981,0.415058376643,1.23706678132e-05,1.24649843183e-05,1.3018070201e-05,2.75217177724e-05,2.19124067239e-05,2.64049006295e-05,0.0111574225855,0.0108371547423,0.0953787859433,1.1602911333e-05,1.16028940627e-05,1.16031478512e-05,1.49136155612e-05,1.29497228375e-05,2.33496212375e-05,0.00051680825875,0.0129988735938,0.453235573964,0.0
1.18978032203e-05,1.18981634495e-05,1.29011511352e-05,1.44876156828e-05,1.37917998761e-05,1.71372704817e-05,0.000391589367712,0.000119547040341,0.398728801121,1.18408295257e-05,1.19311065507e-05,1.24605011366e-05,2.63513202697e-05,2.09768480614e-05,2.527438263e-05,0.0108575727339,0.0105378959087,0.0915330898834,1.11059538119e-05,1.11059370181e-05,1.11061794303e-05,1.44846128852e-05,1.24626890078e-05,2.23927283202e-05,0.000626216366313,0.0197619012568,0.467169779429,0.0
1.15043337279e-05,1.15046826957e-05,1.24744960193e-05,1.40088222392e-05,1.33358464951e-05,1.65705679542e-05,0.000381109930134,0.000115860233821,0.386441790016,1.14492440312e-05,1.1536535678e-05,1.20484188118e-05,2.54898215528e-05,2.02866966424e-05,2.44388010691e-05,0.0107067036573,0.0103871194399,0.0886543153144,1.0738668091e-05,1.07386515678e-05,1.07388853028e-05,1.42227185468e-05,1.21221418975e-05,2.16763735554e-05,0.000775046440309,0.0305835848998,0.471689584363,0.0
1.11338125808e-05,1.11341511841e-05,1.20727223677e-05,1.35580774419e-05,1.29065473107e-05,1.60369081764e-05,0.000371928566662,0.00011247013148,0.374695679723,1.1080496888e-05,1.11649773435e-05,1.16603680947e-05,2.46819047501e-05,1.96380529171e-05,2.36519127228e-05,0.0106259465564,0.0103068081425,0.0859153384639,1.03928018582e-05,1.03927855394e-05,1.03930109064e-05,1.39875603937e-05,1.18065013477e-05,2.09938713141e-05,0.000963685134676,0.0472751486834,0.469476308135,0.0
1.0729028204e-05,1.07293558715e-05,1.16337912466e-05,1.30658525435e-05,1.24376502906e-05,1.54538891387e-05,0.000362821034263,0.000108879608074,0.361693504667,1.06776503476e-05,1.07590597713e-05,1.12364290488e-05,2.38042062061e-05,1.89313196352e-05,2.27922207197e-05,0.010617750955,0.0102988413671,0.0828967212597,1.00149489292e-05,1.00149327929e-05,1.00151488232e-05,1.37073163569e-05,1.14552542418e-05,2.02408990912e-05,0.00119086612694,0.0719862036229,0.460596712406,0.0
1.02583276217e-05,1.02586435254e-05,1.11233717587e-05,1.24939813159e-05,1.18926514511e-05,1.47759132938e-05,0.00035428713897,0.000104958645619,0.346424394744,1.02092025479e-05,1.02870411501e-05,1.07434433773e-05,2.27951485837e-05,1.81139957677e-05,2.17924994663e-05,0.0107817330173,0.0104595678272,0.0793643536265,9.57555572201e-06,9.57553972803e-06,9.57574456613e-06,1.33351155549e-05,1.10328491577e-05,1.93592340763e-05,0.00144312426755,0.105834689803,0.444995692671,0.0
9.74424913656e-06,9.74455494775e-06,1.05658739859e-05,1.18709736134e-05,1.12982147552e-05,1.40354121049e-05,0.000350579036311,0.000101374423052,0.329652234081,9.6975822132e-06,9.77152188423e-06,1.02049874098e-05,2.17260831961e-05,1.72343446257e-05,2.07005995792e-05,0.0114339737381,0.0110939915991,0.0754943155311,9.09563593976e-06,9.09561993115e-06,9.09581177066e-06,1.28788785108e-05,1.05564699171e-05,1.83923482734e-05,0.00168114485769,0.145169776917,0.424796900654,0.0
9.29002724123e-06,9.29033048465e-06,1.00731651729e-05,1.1324621241e-05,1.07750806192e-05,1.33809862603e-05,0.000360020038544,9.97955681715e-05,0.314806730525,9.24552489736e-06,9.31602223451e-06,9.72910745886e-06,2.08600386134e-05,1.64886603117e-05,1.97356794937e-05,0.0131231487861,0.01272748305,0.0720751488434,8.67149051106e-06,8.67147419285e-06,8.6716531311e-06,1.24401587974e-05,1.01248692754e-05,1.75361238467e-05,0.00184905599995,0.179009631389,0.405733360786,0.0
8.95435964011e-06,8.95466911665e-06,9.70882014374e-06,1.09275282024e-05,1.03919051816e-05,1.28970795969e-05,0.000385341287491,0.000100866633302,0.303847046414,8.91144189676e-06,8.97939984839e-06,9.37720688895e-06,2.03344668059e-05,1.59844645874e-05,1.90222551005e-05,0.0161609973031,0.0156508794015,0.0695542073689,8.35784711296e-06,8.35783029158e-06,8.35799821432e-06,1.20938547196e-05,9.79888533875e-06,1.69024402514e-05,0.0019389952817,0.200837497923,0.391315855935,0.0
8.69482764309e-06,8.69514763157e-06,9.42684067093e-06,1.06271165565e-05,1.00990764194e-05,1.25225897382e-05,0.000422808497966,0.000103724202351,0.295392286247,8.65311669142e-06,8.71911616636e-06,9.10485857425e-06,2.00316740796e-05,1.56376686194e-05,1.84702121047e-05,0.0206338547748,0.0199371578059,0.0676111147917,8.11510746963e-06,8.11509013035e-06,8.11524865246e-06,1.180924997e-05,9.54084962836e-06,1.64118396725e-05,0.00198099061009,0.213647172844,0.380068100596,0.0
