0.0 0.0,0.0 1.0,0.0 2.0,0.0 3.0,0.0 4.0,1.0 0.0,1.0 1.0,1.0 2.0,1.0 3.0,1.0 4.0,2.0 0.0,2.0 1.0,2.0 2.0,2.0 3.0,2.0 4.0,3.0 0.0,3.0 1.0,3.0 2.0,3.0 3.0,3.0 4.0,4.0 0.0,4.0 1.0,4.0 2.0,4.0 3.0,4.0 4.0,other
0.04,0.04,0.04,0.04,0.04,0.04,0.04,0.04,0.04,0.04,0.04,0.04,0.04,0.04,0.04,0.04,0.04,0.04,0.04,0.04,0.04,0.04,0.04,0.04,0.04,0.0
0.0386217948718,0.0386217948718,0.0386217948718,0.0386217949094,0.0386217949034,0.0386217948718,0.0386217948718,0.0386217948718,0.0386217948718,0.0386217948718,0.0386217948718,0.0386217948718,0.0386217948718,0.0386217948718,0.0386217948718,0.0386217948718,0.0386217948718,0.0386217948718,0.0386217948718,0.0386217948718,0.0386217949094,0.0386226242276,0.0386226452228,0.0573520223261,0.0543450158089,0.0
0.0367953314806,0.0367953314806,0.0367953314806,0.0367953316707,0.0367953316404,0.0367953314806,0.0367953314806,0.0367953314806,0.0367953314806,0.0367953314806,0.0367953314806,0.0367953314806,0.0367953314806,0.0367953314806,0.0367953314806,0.0367953314806,0.0367953314806,0.0367953314806,0.0367953314806,0.0367953314806,0.0367953315873,0.0367972252596,0.0367972771239,0.0809604295774,0.0727431064896,0.0
0.0344569847391,0.0344569847392,0.0344569847392,0.0344569858862,0.0344569857055,0.0344569847391,0.0344569847391,0.0344569847391,0.0344569847391,0.0344569847391,0.0344569847391,0.0344569847391,0.0344569847391,0.0344569847391,0.0344569847391,0.0344569847391,0.0344569847391,0.0344569847391,0.0344569847391,0.0344569847391,0.0344569850025,0.0344603678854,0.0344604705773,0.111988949904,0.0954935297359,0.0
0.0315931356675,0.0315931356693,0.0315931356694,0.0315931464947,0.0315931448167,0.0315931356675,0.0315931356675,0.0315931356675,0.0315931356675,0.0315931356675,0.0315931356675,0.0315931356675,0.0315931356675,0.0315931356675,0.0315931356675,0.0315931356675,0.0315931356675,0.0315931356675,0.0315931356675,0.0315931356675,0.0315931363858,0.0315988429909,0.0315990407452,0.15101213585,0.122334110698,0.0
0.0282713462726,0.0282713463298,0.0282713463325,0.028271512683,0.0282714874113,0.0282713462726,0.0282713462726,0.0282713462726,0.0282713462726,0.0282713462726,0.0282713462726,0.0282713462726,0.0282713462726,0.0282713462726,0.0282713462726,0.0282713462726,0.0282713462726,0.0282713462726,0.0282713462726,0.0282713462726,0.0282713486759,0.0282811344466,0.0282815330129,0.197527594434,0.152211156313,0.0
0.0246550880162,0.0246550910062,0.0246550911729,0.0246588773235,0.0246583154266,0.0246550880137,0.0246550880137,0.0246550880137,0.0246550880137,0.0246550880137,0.0246550880137,0.0246550880137,0.0246550880137,0.0246550880174,0.0246550880169,0.0246550880137,0.0246550880137,0.0246550880137,0.0246550880137,0.0246550880137,0.0246550980402,0.0246727807962,0.0246736430266,0.249639320697,0.183250374282,0.0
0.0210077015556,0.0210079045439,0.0210079178632,0.0211125925152,0.0210974436592,0.0210077011307,0.0210077011307,0.0210077011307,0.0210077011307,0.0210077011307,0.0210077011307,0.0210077011319,0.021007701132,0.021007701774,0.0210077016812,0.0210077011307,0.0210077011307,0.0210077011307,0.0210077011307,0.0210077011307,0.0210077495143,0.0210413340881,0.0210432958082,0.303749977615,0.212808564681,0.0
0.0181971143508,0.0182074363236,0.01820826803,0.0204003466021,0.0200893559847,0.0181970605425,0.0181970605425,0.0181970605425,0.0181970605425,0.0181970605425,0.0181970605446,0.0181970609486,0.0181970609812,0.0181971446292,0.0181971328217,0.0181970605425,0.0181970605425,0.0181970605425,0.0181970605425,0.0181970605425,0.0181972602984,0.018255572885,0.0182596619205,0.344555374408,0.232673543846,0.0
0.0172938225957,0.0173614542886,0.0173739264129,0.0268013257817,0.0253863627427,0.0172931529766,0.0172931529766,0.0172931529766,0.0172931529766,0.0172931529766,0.0172931530799,0.0172931629357,0.0172931648775,0.0172943182223,0.0172941574513,0.0172931529766,0.0172931529766,0.0172931529766,0.0172931529766,0.0172931529766,0.017293476115,0.0173608213407,0.01736722937,0.350298235658,0.234063859362,0.0
0.0166848832306,0.0168052334925,0.0168561198502,0.0368753544614,0.0334814767923,0.0166834972584,0.0166834972584,0.0166834972584,0.0166834972584,0.0166834972584,0.0166834975491,0.0166835212534,0.0166835330745,0.016686454325,0.0166860457333,0.0166834972584,0.0166834972584,0.0166834972584,0.0166834972584,0.0166834972584,0.016683874642,0.016753267475,0.0167629875664,0.347695038949,0.231143739021,0.0
0.0161203901177,0.016275547682,0.0163959002329,0.0513594302774,0.0446248081031,0.0161184403439,0.0161184403439,0.0161184403439,0.0161184403439,0.0161184403439,0.0161184408394,0.0161184773734,0.0161185133347,0.0161237771429,0.016123035759,0.0161184403439,0.0161184403439,0.0161184403439,0.0161184403439,0.0161184403439,0.0161188320592,0.0161871012466,0.0161999517848,0.339723878707,0.2252075119,0.0
0.0155058432846,0.0156762901953,0.0158949686573,0.0715199900575,0.0593826069143,0.0155035766718,0.0155035766718,0.0155035766718,0.0155035766718,0.0155035766718,0.0155035773336,0.0155036225851,0.0155037038695,0.0155119001099,0.0155107335967,0.0155035766718,0.0155035766718,0.0155035766718,0.0155035766718,0.0155035766718,0.0155039597952,0.0155693582499,0.0155844054909,0.326602015849,0.216191257293,0.0
0.014781540259,0.0149516569751,0.0152906098266,0.0986928868952,0.0781934534697,0.0147791973796,0.0147791973796,0.0147791973796,0.0147791973796,0.0147791973796,0.0147791981368,0.0147792469974,0.0147794045146,0.0147912390547,0.0147895295209,0.0147791973796,0.0147791973796,0.0147791973796,0.0147791973796,0.0147791973796,0.0147795592234,0.0148409308197,0.0148569201049,0.308080679748,0.203821170657,0.0
0.0139110156852,0.0140708137947,0.0145435059953,0.133873533306,0.101051148403,0.0139087734538,0.0139087734538,0.0139087734538,0.0139087734538,0.0139087734538,0.0139087742303,0.0139088222787,0.0139091057295,0.0139255526274,0.0139231266312,0.0139087734538,0.0139087734538,0.0139087734538,0.0139087734538,0.0139087734538,0.013909106245,0.0139654688802,0.0139812188045,0.28406995893,0.187961113921,0.0
0.0128879139106,0.0130318632617,0.0136450967971,0.177225837081,0.127218077101,0.0128858778313,0.0128858778313,0.0128858778313,0.0128858778313,0.0128858778313,0.0128858785663,0.0128859228259,0.0128864251887,0.0129089992029,0.0129055709531,0.0128858778313,0.0128858778313,0.0128858778313,0.0128858778313,0.0128858778313,0.0128861757644,0.0129366231215,0.0129512445551,0.255028197148,0.168857396209,0.0
0.0117425995874,0.0118678239668,0.0126249800442,0.227670612533,0.155104506831,0.0117408235387,0.0117408235387,0.0117408235387,0.0117408235387,0.0117408235387,0.0117408241938,0.0117408630426,0.0117417798972,0.0117729894522,0.0117680585777,0.0117408235387,0.0117408235387,0.0117408235387,0.0117408235387,0.0117408235387,0.0117410823537,0.0117849048845,0.0117978401752,0.222199363415,0.147293535659,0.0
0.0105389409217,0.0106442973824,0.0115479118735,0.282797925678,0.182457952218,0.0105374455172,0.0105374455172,0.0105374455172,0.0105374455172,0.0105374455172,0.0105374460744,0.0105374788599,0.0105392394284,0.0105831922272,0.0105758859345,0.0105374455172,0.0105374455172,0.0105374455172,0.0105374455172,0.0105374455172,0.0105376632124,0.0105745232539,0.0105855042677,0.187594241348,0.124573342148,0.0
0.00935853614541,0.00944438009034,0.0104970481219,0.339283885987,0.206887098129,0.00935731746072,0.00935731746072,0.00935731746072,0.00935731746072,0.00935731746072,0.00935731791676,0.00935734465616,0.00936086019741,0.00942374161445,0.00941263574916,0.00935731746072,0.00935731746072,0.00935731746072,0.00935731746072,0.00935731746072,0.00935749482993,0.00938752688912,0.00939651912769,0.153627186612,0.102275249327,0.0
0.00827753123166,0.00834550204106,0.00954886424162,0.393727046186,0.226522132613,0.00827656623496,0.00827656623496,0.00827656623496,0.00827656623496,0.00827656623496,0.00827656659676,0.00827658777544,0.00828360223801,0.00837341682332,0.00835645825846,0.00827656623496,0.00827656623496,0.00827656623496,0.00827656623496,0.00827656623496,0.00827670667393,0.00830048572442,0.00830762861149,0.122511739826,0.0818500688097,0.0
0.00734694128758,0.00739952540541,0.00875209237128,0.443507285054,0.240466356125,0.00734619472829,0.00734619472829,0.00734619472829,0.00734619472829,0.00734619472829,0.00734619500845,0.00734621139465,0.00735955512985,0.00748463464903,0.00745933136728,0.00734619472829,0.00734619472829,0.00734619472829,0.00734619472829,0.00734619472829,0.00734630337563,0.00736469948411,0.0073702391966,0.0957231889323,0.0642654939356,0.0
0.00658555374855,0.00662554875283,0.00812106468779,0.487236980519,0.248818746935,0.00658498591938,0.00658498591938,0.00658498591938,0.00658498591938,0.00658498591938,0.00658498613257,0.00658499859633,0.00660840311503,0.00677515182426,0.00673905235731,0.00658498591938,0.00658498591938,0.00658498591938,0.00658498591938,0.00658498591938,0.00658506855552,0.00659906046327,0.00660328400229,0.0738045243198,0.0498777167962,0.0
0.00598573221574,0.00601580949618,0.00764335716393,0.524681214517,0.252348637664,0.00598530519249,0.00598530519249,0.00598530519249,0.00598530519249,0.00598530519249,0.00598530535286,0.00598531472615,0.00602268142854,0.0062339213971,0.00618515183178,0.00598530519249,0.00598530519249,0.00598530519249,0.00598530519249,0.00598530519249,0.005985367337,0.00599588961294,0.00599907473975,0.0565366532217,0.0385428373709,0.0
0.00552510470712,0.00554756575844,0.00729311100434,0.556359853206,0.252085251795,0.00552478581514,0.00552478581514,0.00552478581514,0.00552478581514,0.00552478581514,0.00552478593494,0.00552479293479,0.00557928486042,0.00583407848315,0.00577165713743,0.00552478581514,0.00552478581514,0.00552478581514,0.00552478581514,0.00552478581514,0.0055248322233,0.00553269002694,0.00553507787525,0.0432758101176,0.0298382457834,0.0
0.00517691784506,0.00519362181224,0.00704191057549,0.58312579818,0.249024116276,0.00517668068938,0.00517668068938,0.00517668068938,0.00517668068938,0.00517668068938,0.00517668077849,0.00517668598424,0.00525013140467,0.00554474265921,0.00546859622452,0.00517668068938,0.00517668068938,0.00517668068938,0.00517668068938,0.00517668068938,0.00517671520247,0.00518255894003,0.00518434567872,0.0332519267827,0.0232584447621,0.0
0.00491612411638,0.00492851599798,0.00686454957843,0.605878551634,0.243993530189,0.00491594818171,0.00491594818171,0.00491594818171,0.00491594818171,0.00491594818171,0.00491594824782,0.00491595210975,0.00500873230603,0.00533789100632,0.00524867881123,0.00491594818171,0.00491594818171,0.00491594818171,0.00491594818171,0.00491594818171,0.00491597378533,0.00492030897715,0.00492164862525,0.0257439762693,0.0183301365293,0.0
0.00472178326282,0.00473096182164,0.00674086156494,0.625423695353,0.237630079833,0.00472165294945,0.00472165294945,0.00472165294945,0.00472165294945,0.00472165294945,0.00472165299843,0.00472165585895,0.00483294209592,0.00519087002016,0.00508974914211,0.00472165294945,0.00472165294945,0.00472165294945,0.00472165294945,0.00472165294945,0.00472167191383,0.0047248829526,0.00472589477418,0.0201491450217,0.0146576238925,0.0
0.00457737532281,0.004584166173,0.00665555555654,0.6424277427,0.230403037314,0.00457727890908,0.00457727890908,0.00457727890908,0.00457727890908,0.00457727890908,0.00457727894533,0.00457728106172,0.0047054103136,0.00508647468904,0.00497488427864,0.00457727890908,0.00457727890908,0.00457727890908,0.00457727890908,0.00457727890908,0.00457729294007,0.00457966865974,0.00458044548609,0.0159918621211,0.0119287353479,0.0
0.00447025338469,0.00447527303046,0.00659736366894,0.657419821366,0.222651159489,0.00447018211775,0.00447018211775,0.00447018211775,0.00447018211775,0.00447018211775,0.00447018214455,0.00447018370896,0.00461302664962,0.00501208783285,0.00489158029064,0.00447018211775,0.00447018211775,0.00447018211775,0.00447018211775,0.00447018211775,0.00447019248915,0.00447194856837,0.00447256461457,0.0129080531705,0.0099044884141,0.0
0.0043908826075,0.00439458989955,0.00655811340946,0.670810845801,0.214616533826,0.0043908299728,0.0043908299728,0.0043908299728,0.0043908299728,0.0043908299728,0.00439082999259,0.00439083114801,0.00454608654836,0.00495864592633,0.00483076660223,0.0043908299728,0.0043908299728,0.0043908299728,0.0043908299728,0.0043908299728,0.00439083763266,0.00439213459637,0.00439265252814,0.010623237552,0.00840471220146,0.0
0.00433212892016,0.00433486475113,0.00653193648249,0.682916202449,0.206471294023,0.00433209007785,0.00433209007785,0.00433209007785,0.00433209007785,0.00433209007785,0.00433209009247,0.00433209094513,0.00449749248903,0.00491972467108,0.0047859326382,0.00433209007785,0.00433209007785,0.00433209007785,0.00433209007785,0.00433209007785,0.00433209573052,0.00433305283703,0.00433353035861,0.00893205460147,0.00729460823143,0.0
0.00428867445947,0.00429069179395,0.00651465249931,0.693976476118,0.198337408315,0.00428864581807,0.00428864581807,0.00428864581807,0.00428864581807,0.00428864581807,0.00428864582885,0.00428864645759,0.00446209204155,0.00489081549273,0.00475243626328,0.00428864581807,0.00428864581807,0.00428864581807,0.00428864581807,0.00428864581807,0.00428864998621,0.004289355733,0.00428985215381,0.00768143829947,0.00647370637744,0.0
0.00425656273682,0.00425804912097,0.0065033071624,0.704174650068,0.190300945862,0.00425654163363,0.00425654163363,0.00425654163363,0.00425654163363,0.00425654163363,0.00425654164158,0.00425654210485,0.004436163276,0.00486878124069,0.00472698310161,0.00425654163363,0.00425654163363,0.00425654163363,0.00425654163363,0.00425654163363,0.00425654470474,0.00425706470319,0.00425764799422,0.00675752716024,0.00586727278675,0.0
0.00423285339711,0.00423394775988,0.00649583196577,0.71364976333,0.182422260231,0.00423283785969,0.00423283785969,0.00423283785969,0.00423283785969,0.00423283785969,0.00423283786554,0.00423283820663,0.00441702729809,0.00485145696948,0.00470724402538,0.00423283785969,0.00423283785969,0.00423283785969,0.00423283785969,0.00423283785969,0.00423284012082,0.004233222974,0.00423397782756,0.00607572996303,0.0054197894691,0.0
0.00421536305467,0.00421616822389,0.00649079525144,0.722507515767,0.174743245081,0.0042153516231,0.0042153516231,0.0042153516231,0.0042153516231,0.0042153516231,0.00421535162741,0.00421535187837,0.00440276145705,0.00483736127974,0.00469157771076,0.0042153516231,0.0042153516231,0.0042153516231,0.0042153516231,0.0042153516231,0.00421535328671,0.00421563496805,0.0042166723543,0.00557327053772,0.00509006129124,0.0
0.00420247166462,0.00420306368152,0.00648722074222,0.730828403011,0.167292513161,0.0042024632593,0.0042024632593,0.0042024632593,0.0042024632593,0.0042024632593,0.00420246326247,0.004202463447,0.00439198915642,0.00482548955633,0.00467883087171,0.0042024632593,0.0042024632593,0.0042024632593,0.0042024632593,0.0042024632593,0.0042024644825,0.00420267159437,0.00420414026582,0.00520362029025,0.00484756221986,0.0
0.00419297813363,0.00419341318002,0.00648445560799,0.738673910446,0.160089104832,0.00419297195691,0.00419297195691,0.00419297195691,0.00419297195691,0.00419297195691,0.00419297195925,0.00419297209486,0.00438372677162,0.00481516697508,0.00466819513347,0.00419297195691,0.00419297195691,0.00419297195691,0.00419297195691,0.00419297195691,0.00419297285579,0.00419312505289,0.00419522537591,0.00493234923242,0.00466971277954,0.0
0.00418599273394,0.00418631228044,0.00648207483028,0.746091205573,0.153145152524,0.00418598819705,0.00418598819705,0.00418598819705,0.00418598819705,0.00418598819705,0.00418598819877,0.00418598829838,0.00437727265596,0.0048059447274,0.00465910489547,0.00418598819705,0.00418598819705,0.00418598819705,0.00418598819705,0.00418598819705,0.00418598885728,0.00418610064776,0.00418910102632,0.00473403725739,0.00453985352327,0.0
0.00418085697789,0.00418109160738,0.00647981214786,0.753116679789,0.146467800212,0.00418085364662,0.00418085364662,0.00418085364662,0.00418085364662,0.00418085364662,0.00418085364788,0.00418085372103,0.00437212694812,0.004797527274,0.00465116471399,0.00418085364662,0.00418085364662,0.00418085364662,0.00418085364662,0.00418085364662,0.0041808541314,0.00418093621441,0.00418519220683,0.00458997629848,0.00444573764386,0.0
0.00417708397306,0.00417725621791,0.00647751044534,0.759778615427,0.140060587704,0.00417708152749,0.00417708152749,0.00417708152749,0.00417708152749,0.00417708152749,0.00417708152843,0.00417708158213,0.00436793380953,0.00478972173345,0.00464409786195,0.00417708152749,0.00417708152749,0.00417708152749,0.00417708152749,0.00417708152749,0.00417708188338,0.00417714214167,0.00418311815007,0.004486461883,0.00437841038325,0.0
0.00417431405045,0.00417444049609,0.0064750863341,0.766099193043,0.133924447136,0.00417431225512,0.00417431225512,0.00417431225512,0.00417431225512,0.00417431225512,0.00417431225581,0.00417431229524,0.00436443993282,0.00478240295862,0.00463771002695,0.00417431225512,0.00417431225512,0.00417431225512,0.00417431225512,0.00417431225512,0.00417431251638,0.00417435675222,0.00418264988846,0.00441352348591,0.00433137627684,0.0
0.00417228177967,0.00417237462279,0.00647250505881,0.772096005702,0.128058415445,0.00417228046142,0.00417228046142,0.00417228046142,0.00417228046142,0.00417228046142,0.00417228046193,0.00417228049089,0.00436146481502,0.00477548965865,0.00463186379321,0.00417228046142,0.00417228046142,0.00417228046142,0.00417228046142,0.00417228046142,0.00417228065325,0.00417231313354,0.00418367854703,0.00436398105493,0.00429998016863,0.0
0.00417079146988,0.00417085967151,0.00646976288404,0.777783208864,0.122460136317,0.00417079050149,0.00417079050149,0.00417079050149,0.00417079050149,0.00417079050149,0.00417079050186,0.00417079052314,0.00435887951303,0.00476892824494,0.00462646077956,0.00417079050149,0.00417079050149,0.00417079050149,0.00417079050149,0.00417079050149,0.0041707906424,0.00417081450208,0.0041861911169,0.0043327434286,0.00428094652607,0.0
0.00416969899029,0.00416974912835,0.00646687486961,0.783172404002,0.117126204254,0.00416969827836,0.00416969827836,0.00416969827836,0.00416969827836,0.00416969827836,0.00416969827864,0.00416969829428,0.00435659149944,0.00476268204226,0.00462142919636,0.00416969827836,0.00416969827836,0.00416969827836,0.00416969827836,0.00416969827836,0.00416969838195,0.00416971592225,0.00419025121069,0.00431628561679,0.0042720355299,0.0
0.00416889829278,0.00416893519172,0.00646386650322,0.788273329498,0.112052389567,0.0041688977688,0.0041688977688,0.0041688977688,0.0041688977688,0.0041688977688,0.00416889776901,0.00416889778054,0.00435453389643,0.00475672420226,0.00461671522812,0.0041688977688,0.0041688977688,0.0041688977688,0.0041688977688,0.0041688977688,0.00416889784504,0.00416891075375,0.00419598291829,0.00431225792392,0.00427178494187,0.0
0.00416831142995,0.00416833862542,0.00646076807287,0.793094412179,0.107233774131,0.00416831104374,0.00416831104374,0.00416831104374,0.00416831104374,0.00416831104374,0.00416831104389,0.00416831105239,0.00435265784618,0.00475103315673,0.00461227711208,0.00416831104374,0.00416831104374,0.00416831104374,0.00416831104374,0.00416831104374,0.00416831109993,0.00416832061397,0.00420355641258,0.00431919202686,0.0042793147597,0.0
0.0041678811689,0.00416790125024,0.00645761096945,0.797643216154,0.102664822339,0.0041678808837,0.0041678808837,0.0041678808837,0.0041678808837,0.0041678808837,0.00416788088382,0.0041678808901,0.0043509271255,0.00474558980384,0.00460808111476,0.0041678808837,0.0041678808837,0.0041678808837,0.0041678808837,0.0041678808837,0.00416788092519,0.00416788795041,0.00421317443182,0.00433627835634,0.00429417779928,0.0
0.00416756553069,0.00416758039312,0.00645442533642,0.801926812056,0.098339408447,0.00416756531958,0.00416756531958,0.00416756531958,0.00416756531958,0.00416756531958,0.00416756531967,0.00416756532433,0.00434931436409,0.00474037586987,0.00460409884384,0.00416756531958,0.00416756531958,0.00416756531958,0.00416756531958,0.00416756531958,0.00416756535029,0.00416757054973,0.00422505919798,0.00436319616967,0.004316244051,0.0
0.00416733375697,0.00416734478715,0.00645123865088,0.80595207914,0.094250819394,0.00416733360027,0.00416733360027,0.00416733360027,0.00416733360027,0.00416733360027,0.00416733360034,0.0041673336038,0.00434779840739,0.00473537306243,0.0046003054979,0.00416733360027,0.00416733360027,0.00416733360027,0.00416733360027,0.00416733360027,0.00416733362307,0.00416733748182,0.00423943970943,0.00439998303178,0.0043456102499,0.0
0.00416716333364,0.00416717154595,0.0064480749428,0.809725945204,0.0903917501972,0.00416716321694,0.00416716321694,0.00416716321694,0.00416716321694,0.00416716321694,0.004167163217,0.00416716321958,0.00434636249406,0.00473056274829,0.00459667877172,0.00416716321694,0.00416716321694,0.00416716321694,0.00416716321694,0.00416716321694,0.00416716323392,0.00416716610687,0.00425653964829,0.00444693438325,0.00438252878403,0.0
0.00416703779647,0.00416704393309,0.00644495444751,0.81325556499,0.0867543064907,0.00416703770924,0.00416703770924,0.00416703770924,0.00416703770924,0.00416703770924,0.00416703770929,0.00416703771122,0.00434499301068,0.00472592596833,0.00459319821385,0.00416703770924,0.00416703770924,0.00416703770924,0.00416703770924,0.00416703770924,0.00416703772193,0.00416703986872,0.00427656633993,0.00450452671742,0.00442735198799,0.0
0.00416694511514,0.00416694971932,0.00644189354962,0.816548436535,0.0833300253165,0.00416694504967,0.00416694504967,0.00416694504967,0.00416694504967,0.00416694504967,0.00416694504971,0.00416694505117,0.00434367865173,0.00472144365487,0.00458984488844,0.00416694504967,0.00416694504967,0.00416694504967,0.00416694504967,0.00416694504967,0.00416694505919,0.00416694666988,0.00429970127414,0.00457335981943,0.00448048914887,0.0
0.00416687650452,0.00416687997426,0.00643890492038,0.81961245631,0.0801099209615,0.00416687645516,0.00416687645516,0.00416687645516,0.00416687645516,0.00416687645516,0.00416687645519,0.00416687645629,0.00434240986046,0.00471709695328,0.00458660123178,0.00416687645516,0.00416687645516,0.00416687645516,0.00416687645516,0.00416687645516,0.00416687646234,0.00416687767615,0.00432609264375,0.00465411472974,0.00454237430879,0.0
0.0041668255515,0.00416682817876,0.00643599778023,0.822455917125,0.0770845578874,0.0041668255141,0.0041668255141,0.0041668255141,0.0041668255141,0.0041668255141,0.00416682551413,0.00416682551497,0.00434117846013,0.00471286757622,0.00458345102277,0.0041668255141,0.0041668255141,0.0041668255141,0.0041668255141,0.0041668255141,0.00416682551954,0.00416682643863,0.00435585019837,0.00474752477563,0.00461344331546,0.0
0.00416678757461,0.00416678957394,0.00643317823799,0.825087456476,0.0742441482911,0.00416678754612,0.00416678754612,0.00416678754612,0.00416678754612,0.00416678754612,0.00416678754614,0.00416678754679,0.00433997741072,0.00470873813992,0.00458037940875,0.00416678754612,0.00416678754612,0.00416678754612,0.00416678754612,0.00416678754612,0.00416678755027,0.00416678824968,0.00438904249155,0.00485435735351,0.00469411868774,0.0
0.0041667591551,0.00416676068454,0.00643044967128,0.827515966252,0.0715786682472,0.00416675913329,0.00416675913329,0.00416675913329,0.00416675913329,0.00416675913329,0.00416675913331,0.00416675913381,0.00433880064527,0.00470469244952,0.00457737294617,0.00416675913329,0.00416675913329,0.00416675913329,0.00416675913329,0.00416675913329,0.00416675913647,0.00416675967149,0.00442569637033,0.00497540430988,0.00478480086061,0.0
0.00416673779431,0.00416673897055,0.0064278131214,0.829750476715,0.0690779841878,0.00416673777751,0.00416673777751,0.00416673777751,0.00416673777751,0.00416673777751,0.00416673777753,0.00416673777791,0.0043376429545,0.00470071571541,0.00457441963065,0.00416673777751,0.00416673777751,0.00416673777751,0.00416673777751,0.00416673777751,0.00416673777996,0.00416673819143,0.00446579836491,0.00511147888599,0.00488586435717,0.0
0.00416672166354,0.00416672257307,0.00642526768279,0.831800027993,0.0667319808382,0.00416672165053,0.00416672165053,0.00416672165053,0.00416672165053,0.00416672165053,0.00416672165055,0.00416672165085,0.00433649989898,0.00469679469497,0.00457150890275,0.00416672165053,0.00416672165053,0.00416672165053,0.00416672165053,0.00416672165053,0.00416672165243,0.0041667219706,0.00450929751344,0.00526341733875,0.00499765747098,0.0
0.00416670942202,0.00416671012915,0.00642281087231,0.833673541151,0.06453068246,0.00416670941188,0.00416670941188,0.00416670941188,0.00416670941188,0.00416670941188,0.0041667094119,0.00416670941214,0.00433536773662,0.00469291776305,0.00456863162497,0.00416670941188,0.00416670941188,0.00416670941188,0.00416670941188,0.00416670941188,0.00416670941337,0.00416670966073,0.00455610911386,0.00543208355643,0.005120504154,0.0
0.00416670008436,0.00416670063709,0.00642043896817,0.835379698617,0.0624643609621,0.00416670007641,0.00416670007641,0.00416670007641,0.00416670007641,0.00416670007641,0.00416670007643,0.00416670007662,0.00433424335816,0.00468907492118,0.00456578003164,0.00416670007641,0.00416670007641,0.00416670007641,0.00416670007641,0.00416670007641,0.00416670007758,0.00416670027094,0.00460611892204,0.00561837524572,0.00525470698679,0.0
0.00416669292432,0.00416669335867,0.00641814731256,0.836926840868,0.0605236266148,0.00416669291806,0.00416669291806,0.00416669291806,0.00416669291806,0.00416669291806,0.00416669291807,0.00416669291823,0.00433312422754,0.0046852577582,0.00456294765702,0.00416669291806,0.00416669291806,0.00416669291806,0.00416669291806,0.00416669291806,0.00416669291899,0.00416669307093,0.00465918739316,0.00582323054884,0.00540055032977,0.0
0.00416668740489,0.00416668774798,0.00641593057554,0.838322883416,0.0586994993048,0.00416668739992,0.00416668739992,0.00416668739992,0.00416668739992,0.00416668739992,0.00416668739994,0.00416668740006,0.00433200832591,0.00468145937608,0.00456012924835,0.00416668739992,0.00416668739992,0.00416668739992,0.00416668739992,0.00416668739992,0.00416668740067,0.00416668752069,0.0047151536666,0.0060476342251,0.00555830298772,0.0
0.0041666831275,0.00416668339987,0.00641378298029,0.839575255615,0.0569834601741,0.00416668312354,0.00416668312354,0.00416668312354,0.00416668312354,0.00416668312354,0.00416668312355,0.00416668312365,0.00433089409923,0.00467767429378,0.00455732067082,0.00416668312354,0.00416668312354,0.00416668312354,0.00416668312354,0.00416668312354,0.00416668312414,0.00416668321943,0.00477383910249,0.00629262277441,0.00572821993636,0.0
0.00416667979514,0.00416668001241,0.00641169849224,0.840690860865,0.0553674849136,0.00416667979195,0.00416667979195,0.00416667979195,0.00416667979195,0.00416667979195,0.00416667979197,0.00416667979205,0.00432978040987,0.00467389833987,0.00455451881057,0.00416667979195,0.00416667979195,0.00416667979195,0.00416667979195,0.00416667979195,0.00416667979245,0.00416667986847,0.00483505027468,0.00655928807855,0.00591054284367,0.0
0.0041666771855,0.00416667735962,0.0064096709757,0.841676056482,0.0538440609099,0.00416667718292,0.00416667718292,0.00416667718292,0.00416667718292,0.00416667718292,0.00416667718294,0.00416667718301,0.00432866649273,0.00467012854235,0.00455172148014,0.00416667718292,0.00416667718292,0.00416667718292,0.00416667718292,0.00416667718292,0.00416667718333,0.00416667724427,0.00489858140273,0.00684877928345,0.00610549926341,0.0
0.00416667513143,0.00416667527159,0.00640769432237,0.842536650741,0.0524061909091,0.00416667512934,0.00416667512934,0.00416667512934,0.00416667512934,0.00416667512934,0.00416667512935,0.00416667512942,0.00432755191602,0.00466636302174,0.00454892733003,0.00416667512934,0.00416667512934,0.00416667512934,0.00416667512934,0.00416667512934,0.00416667512968,0.00416667517874,0.00496421626171,0.00716230274939,0.00631330048527,0.0
0.00416667350667,0.00416667361996,0.00640576255644,0.843277914327,0.0510473859659,0.00416667350495,0.00416667350495,0.00416667350495,0.00416667350495,0.00416667350495,0.00416667350496,0.00416667350502,0.00432643654693,0.00466260089121,0.00454613576792,0.00416667350495,0.00416667350495,0.00416667350495,0.00416667350495,0.00416667350495,0.00416667350524,0.00416667354491,0.00503172964459,0.00750111996345,0.00653413810068,0.0
0.00416667221532,0.00416667230727,0.00640386992063,0.843904603428,0.0497616503085,0.00416667221391,0.00416667221391,0.00416667221391,0.00416667221391,0.00416667221391,0.00416667221392,0.00416667221397,0.00432532052179,0.00465884216589,0.00454334688672,0.00416667221391,0.00416667221391,0.00416667221391,0.00416667221391,0.00416667221391,0.00416667221416,0.00416667224637,0.00510088847208,0.00786654335153,0.00676817939483,0.0
0.00416667118426,0.00416667125916,0.00640201094715,0.844420991946,0.0485434604518,0.00416667118309,0.00416667118309,0.00416667118309,0.00416667118309,0.00416667118309,0.0041666711831,0.00416667118314,0.00432420422051,0.00465508768203,0.00454056140127,0.00416667118309,0.00416667118309,0.00416667118309,0.00416667118309,0.00416667118309,0.00416667118331,0.00416667120956,0.00517145265175,0.00825992995586,0.00701556171059,0.0
0.00416667035739,0.00416667041862,0.00640018051708,0.844830910586,0.0473877405336,0.00416667035641,0.00416667035641,0.00416667035641,0.00416667035641,0.00416667035641,0.00416667035642,0.00416667035646,0.00432308824475,0.0046513390257,0.00453778059315,0.00416667035641,0.00416667035641,0.00416667035641,0.00416667035641,0.00416667035641,0.0041666703566,0.00416667037808,0.00524317578736,0.00868267296825,0.00727638595618,0.0
0.00416666969148,0.0041666697417,0.00639837391075,0.845137790951,0.046289835468,0.00416666969065,0.00416666969065,0.00416666969065,0.00416666969065,0.00416666969065,0.00416666969067,0.0041666696907,0.00432197339914,0.00464759847017,0.00453500626249,0.00416666969065,0.00416666969065,0.00416666969065,0.00416666969065,0.00416666969065,0.00416666969083,0.00416666970847,0.00531580583238,0.00913619113538,0.00755070944998,0.0
0.00416666915306,0.00416666919438,0.00639658685132,0.845344713041,0.0452454831566,0.00416666915236,0.00416666915236,0.00416666915236,0.00416666915236,0.00416666915236,0.00416666915237,0.00416666915241,0.00432086067501,0.00464386892038,0.00453224068565,0.00416666915236,0.00416666915236,0.00416666915236,0.00416666915236,0.00416666915236,0.00416666915252,0.00416666916706,0.00538908577158,0.00962191608646,0.00783853831647,0.0
0.00416666871607,0.00416666875018,0.00639481554287,0.845454454856,0.0442507866818,0.00416666871548,0.00416666871548,0.00416666871548,0.00416666871548,0.00416666871548,0.00416666871549,0.00416666871552,0.00431975123594,0.00464015386297,0.00452948657722,0.00416666871548,0.00416666871548,0.00416666871548,0.00416666871548,0.00416666871548,0.00416666871563,0.00416666872765,0.00546275440234,0.010141277678,0.00813981966752,0.0
0.00416666836015,0.00416666838837,0.00639305670367,0.845469542978,0.0433021871401,0.00416666835964,0.00416666835964,0.00416666835964,0.00416666835964,0.00416666835964,0.00416666835965,0.00416666835968,0.0043186464044,0.00463645732008,0.00452674705495,0.00416666835964,0.00416666835964,0.00416666835964,0.00416666835964,0.00416666835964,0.00416666835978,0.00416666836975,0.00553654727401,0.0106956875073,0.00845443382383,0.0
0.00416666806928,0.0041666680927,0.00639130759505,0.845392303157,0.0423964375582,0.00416666806883,0.00416666806883,0.00416666806883,0.00416666806883,0.00416666806883,0.00416666806884,0.00416666806887,0.004317547649,0.00463278380506,0.00452402560624,0.00416666806883,0.00416666806883,0.00416666806883,0.00416666806883,0.00416666806883,0.00416666806898,0.00416666807727,0.00561019782985,0.0112865208149,0.00878218685032,0.0
0.00416666783083,0.0041666678503,0.00638956604539,0.845224910023,0.0415305781621,0.00416666783043,0.00416666783043,0.00416666783043,0.00416666783043,0.00416666783043,0.00416666783044,0.00416666783047,0.00431645657173,0.00462913827841,0.00452132605471,0.00416666783043,0.00416666783043,0.00416666783043,0.00416666783043,0.00416666783043,0.00416666783057,0.0041666678375,0.00568343878099,0.0119150970737,0.00912280369567,0.0
0.00416666763477,0.00416666765101,0.00638783046855,0.844969435084,0.0407019131403,0.00416666763442,0.00416666763442,0.00416666763442,0.00416666763442,0.00416666763442,0.00416666763443,0.00416666763446,0.00431537489455,0.00462552610245,0.00451865252572,0.00416666763442,0.00416666763442,0.00416666763442,0.00416666763442,0.00416666763442,0.00416666763456,0.00416666764036,0.00575600372738,0.0125826596478,0.00947592223583,0.0
0.00416666747313,0.00416666748671,0.00638609987596,0.844627892209,0.0399079889447,0.00416666747282,0.00416666747282,0.00416666747282,0.00416666747282,0.00416666747282,0.00416666747283,0.00416666747286,0.00431430444503,0.00462195299308,0.00451600940969,0.00416666747282,0.00416666747282,0.00416666747282,0.00416666747282,0.00416666747282,0.00416666747296,0.00416666747783,0.00582762902465,0.0132903549901,0.00984108852344,0.0
0.00416666733954,0.00416666735091,0.00638437388085,0.844202279796,0.0391465741065,0.00416666733925,0.00416666733925,0.00416666733925,0.00416666733925,0.00416666733925,0.00416666733926,0.00416666733929,0.00431324714065,0.00461842496769,0.00451340132238,0.00416666733925,0.00416666733925,0.00416666733925,0.00416666733925,0.00416666733925,0.00416666733939,0.00416666734351,0.00589805588076,0.0140392119256,0.0102177535348,0.0
0.00416666722886,0.00416666723841,0.00638265269378,0.843694618844,0.0384156404974,0.0041666672286,0.0041666672286,0.0041666672286,0.0041666672286,0.0041666672286,0.00416666722861,0.00416666722864,0.00431220497134,0.00461494828811,0.00451083306126,0.0041666672286,0.0041666672286,0.0041666672286,0.0041666672286,0.0041666672286,0.00416666722874,0.00416666723223,0.00596703265063,0.01483012164,0.0106052716821,0.0
0.00416666713698,0.00416666714501,0.0063809371079,0.843106986177,0.0377133459393,0.00416666713673,0.00416666713673,0.00416666713673,0.00416666713673,0.00416666713673,0.00416666713675,0.00416666713677,0.00431117998024,0.00461152939809,0.00450830955774,0.00416666713673,0.00416666713673,0.00416666713673,0.00416666713673,0.00416666713673,0.00416666713688,0.00416666713985,0.00603431728228,0.0156638190377,0.0110029013203,0.0
0.00416666706055,0.00416666706732,0.00637922847324,0.842441542143,0.0370380180531,0.00416666706032,0.00416666706032,0.00416666706032,0.00416666706032,0.00416666706032,0.00416666706033,0.00416666706036,0.00431017424251,0.00460817485507,0.00450583582497,0.00416666706032,0.00416666706032,0.00416666706032,0.00416666706032,0.00416666706032,0.00416666706047,0.00416666706301,0.00609967985479,0.0165408661583,0.0114098074199,0.0
0.00416666699686,0.00416666700259,0.00637752865923,0.84170055218,0.0363881392334,0.00416666699664,0.00416666699664,0.00416666699664,0.00416666699664,0.00416666699664,0.00416666699665,0.00416666699668,0.0043091898423,0.00460489125632,0.00450341690129,0.00416666699664,0.00416666699664,0.00416666699664,0.00416666699664,0.00416666699664,0.00416666699679,0.00416666699898,0.00616290513717,0.0174616383251,0.0118250665105,0.0
0.0041666669437,0.00416666694856,0.00637584000517,0.840886401796,0.0357623326437,0.00416666694349,0.00416666694349,0.00416666694349,0.00416666694349,0.00416666694349,0.0041666669435,0.00416666694353,0.00430822884809,0.00460168516014,0.00450105778994,0.00416666694349,0.00416666694349,0.00416666694349,0.00416666694349,0.00416666694349,0.00416666694365,0.00416666694554,0.00622379508867,0.018426313655,0.0122476739104,0.0
0.00416666689928,0.0041666669034,0.00637416525905,0.840001604679,0.0351593491333,0.00416666689907,0.00416666689907,0.00416666689907,0.00416666689907,0.00416666689907,0.00416666689908,0.00416666689911,0.00430729328666,0.00459856300294,0.0044987633956,0.00416666689907,0.00416666689907,0.00416666689907,0.00416666689907,0.00416666689907,0.00416666689924,0.00416666690088,0.00628217121648,0.0194348664661,0.0126765531688,0.0
0.00416666686209,0.00416666686562,0.00637250750557,0.839048803864,0.0345780549986,0.00416666686189,0.00416666686189,0.00416666686189,0.00416666686189,0.00416666686189,0.00416666686191,0.00416666686193,0.00430638511618,0.00459553101368,0.00449653845899,0.00416666686189,0.00416666686189,0.00416666686189,0.00416666686189,0.00416666686189,0.00416666686206,0.00416666686351,0.00633787670622,0.0204870649943,0.0131105675459,0.0
0.00416666683094,0.00416666683396,0.00637087008474,0.8380307661,0.0340174205209,0.00416666683074,0.00416666683074,0.00416666683074,0.00416666683074,0.00416666683074,0.00416666683076,0.00416666683079,0.00430550619905,0.00459259512735,0.00449438749073,0.00416666683074,0.00416666683074,0.00416666683074,0.00416666683074,0.00416666683074,0.00416666683092,0.0041666668322,0.00639077824444,0.0215824736725,0.0135485332633,0.0
0.00416666680482,0.00416666680742,0.00636925650328,0.836950369837,0.0334765092347,0.00416666680462,0.00416666680462,0.00416666680462,0.00416666680462,0.00416666680462,0.00416666680464,0.00416666680467,0.00430465827501,0.00458976089953,0.00449231470618,0.00416666680462,0.00416666680462,0.00416666680462,0.00416666680462,0.00416666680462,0.00416666680481,0.00416666680595,0.00644076746117,0.0227204600386,0.0139892341655,0.0
0.0041666667829,0.00416666678514,0.00636767034125,0.83581058747,0.0329544678939,0.00416666678269,0.00416666678269,0.00416666678269,0.00416666678269,0.00416666678269,0.00416666678271,0.00416666678274,0.00430384293534,0.00458703342421,0.00449032396275,0.00416666678269,0.00416666678269,0.00416666678269,0.00416666678269,0.00416666678269,0.00416666678289,0.00416666678392,0.00648776193328,0.023900206145,0.0144314373669,0.0
0.00416666676448,0.00416666676643,0.00636611515684,0.834614462688,0.0324505171173,0.00416666676428,0.00416666676428,0.00416666676428,0.00416666676428,0.00416666676428,0.00416666676429,0.00416666676432,0.00430306159889,0.0045844172572,0.00448841870169,0.00416666676428,0.00416666676428,0.00416666676428,0.00416666676428,0.00416666676428,0.00416666676448,0.00416666676542,0.00653170570613,0.0251207241412,0.0148739094005,0.0
0.004166666749,0.00416666675071,0.00636459439263,0.83336508399,0.031963942705,0.0041666667488,0.0041666667488,0.0041666667488,0.0041666667488,0.0041666667488,0.00416666674881,0.00416666674885,0.00430231549061,0.00458191634736,0.00448660189588,0.0041666667488,0.0041666667488,0.0041666667488,0.0041666667488,0.0041666667488,0.00416666674901,0.00416666674988,0.00657256931023,0.0263808755202,0.0153154323642,0.0
0.00416666673599,0.0041666667375,0.00636311128632,0.832065555517,0.0314940876244,0.00416666673578,0.00416666673578,0.00416666673578,0.00416666673578,0.00416666673578,0.0041666667358,0.00416666673583,0.00430160562331,0.00457953397776,0.00448487600533,0.00416666673578,0.00416666673578,0.00416666673578,0.00416666673578,0.00416666673578,0.004166666736,0.00416666673681,0.00661034927024,0.0276793933616,0.015754819558,0.0
0.00416666672505,0.00416666672639,0.00636166878902,0.830718966453,0.0310403446683,0.00416666672483,0.00416666672483,0.00416666672483,0.00416666672483,0.00416666672483,0.00416666672485,0.00416666672488,0.00430093278318,0.0045772727187,0.00448324294189,0.00416666672483,0.00416666672483,0.00416666672483,0.00416666672483,0.00416666672483,0.00416666672506,0.00416666672583,0.00664506712454,0.0290149067858,0.0161909301349,0.0
0.00416666671584,0.00416666671704,0.00636026949386,0.829328360214,0.0306021497854,0.00416666671562,0.00416666671562,0.00416666671562,0.00416666671562,0.00416666671562,0.00416666671563,0.00416666671567,0.00430029751965,0.00457513439379,0.004481704044,0.00416666671562,0.00416666671562,0.00416666671562,0.00416666671562,0.00416666671562,0.00416666671586,0.00416666671659,0.00667676799322,0.0303859667603,0.0166226823426,0.0
0.00416666670809,0.00416666670918,0.00635891557706,0.827896704615,0.0301789760832,0.00416666670786,0.00416666670786,0.00416666670786,0.00416666670786,0.00416666670786,0.00416666670788,0.00416666670792,0.00429970013964,0.00457312006031,0.00448026006245,0.00416666670786,0.00416666670786,0.00416666670786,0.00416666670786,0.00416666670786,0.00416666670811,0.00416666670882,0.00670551874914,0.0317910723777,0.0170490650072,0.0
