-10.0 -10.0 -10.0,-10.0 -10.0 0.0,-10.0 -10.0 10.0,-10.0 0.0 -10.0,-10.0 0.0 0.0,-10.0 0.0 10.0,-10.0 10.0 -10.0,-10.0 10.0 0.0,-10.0 10.0 10.0,0.0 -10.0 -10.0,0.0 -10.0 0.0,0.0 -10.0 10.0,0.0 0.0 -10.0,0.0 0.0 0.0,0.0 0.0 10.0,0.0 10.0 -10.0,0.0 10.0 0.0,0.0 10.0 10.0,10.0 -10.0 -10.0,10.0 -10.0 0.0,10.0 -10.0 10.0,10.0 0.0 -10.0,10.0 0.0 0.0,10.0 0.0 10.0,10.0 10.0 -10.0,10.0 10.0 0.0,10.0 10.0 10.0,other
0.037037037037,0.037037037037,0.037037037037,0.037037037037,0.037037037037,0.037037037037,0.037037037037,0.037037037037,0.037037037037,0.037037037037,0.037037037037,0.037037037037,0.037037037037,0.037037037037,0.037037037037,0.037037037037,0.037037037037,0.037037037037,0.037037037037,0.037037037037,0.037037037037,0.037037037037,0.037037037037,0.037037037037,0.037037037037,0.037037037037,0.037037037037,0.0
0.0357142857143,0.0357142857153,0.0357142857166,0.0357142857143,0.0357142857158,0.0357142857198,0.0357142857143,0.0357142857143,0.0357142857143,0.0357142857144,0.0357142857263,0.0357142857491,0.0357732203988,0.0425007750167,0.0491930974798,0.0357142857148,0.0357142857681,0.035714285846,0.0357142857826,0.035714294113,0.0357143081241,0.0357535352277,0.0400481183551,0.0467312221915,0.0357142857147,0.0357142857643,0.0357142858742,0.0
0.0340960376576,0.0340960376591,0.0340960376645,0.0340960376576,0.0340960376597,0.0340960376739,0.0340960376576,0.0340960376576,0.0340960376576,0.0340960376577,0.0340960376738,0.0340960377509,0.0341741555312,0.0429517560405,0.0705554140484,0.0340960376581,0.0340960377169,0.0340960378654,0.0340960377502,0.0340960483557,0.034096089575,0.0341477853119,0.0396465625302,0.062507472309,0.0340960376581,0.0340960377125,0.0340960379094,0.0
0.0319666988412,0.0319666988428,0.0319666988596,0.0319666988412,0.0319666988435,0.0319666988848,0.0319666988412,0.0319666988412,0.0319666988412,0.0319666988413,0.0319666988581,0.0319666990573,0.0320449650154,0.0407063588341,0.102935063643,0.0319666988417,0.0319666988971,0.031966699056,0.0319666989378,0.0319667095956,0.0319667961376,0.0320183781535,0.0374182455325,0.0835762041268,0.0319666988416,0.031966698893,0.0319666991011,0.0
0.0292006068166,0.0292006068181,0.0292006068756,0.0292006068166,0.0292006068188,0.0292006069574,0.0292006068165,0.0292006068165,0.0292006068165,0.0292006068167,0.0292006068325,0.0292006073833,0.0292727583087,0.0372240116609,0.148565565365,0.029200606817,0.0292006068676,0.029200607015,0.0292006069075,0.0292006167769,0.0292007903471,0.0292482065431,0.0342020999178,0.10827442015,0.029200606817,0.0292006068639,0.0292006070566,0.0
0.025784719316,0.0257847193174,0.0257847195857,0.025784719316,0.025784719318,0.0257847199679,0.025784719316,0.025784719316,0.025784719316,0.0257847193161,0.0257847193302,0.0257847212721,0.0258484759006,0.0328712599761,0.210011734646,0.0257847193164,0.0257847193611,0.0257847194913,0.0257847193968,0.0257847281267,0.0257851069478,0.0258267761149,0.0302020185707,0.133760229262,0.0257847193164,0.0257847193578,0.0257847195281,0.0
0.0218240051958,0.0218240051969,0.0218240070467,0.0218240051958,0.0218240051975,0.0218240097457,0.0218240051957,0.0218240051957,0.0218240051957,0.0218240051959,0.0218240052078,0.0218240146278,0.0218779699493,0.0278220375835,0.289011754599,0.0218240051961,0.0218240052339,0.0218240053441,0.0218240052642,0.0218240126542,0.0218249835486,0.0218596026141,0.0255627927439,0.15556073127,0.0218240051961,0.0218240052311,0.0218240053752,0.0
0.0175574912711,0.017557491272,0.0175575089999,0.0175574912711,0.0175574912724,0.017557535536,0.0175574912711,0.0175574912711,0.0175574912711,0.0175574912712,0.0175574912807,0.0175575513652,0.0176009061439,0.0223829304158,0.384890444628,0.0175574912713,0.0175574913018,0.0175574913904,0.0175574913261,0.0175574972714,0.0175604404684,0.0175861295388,0.0205653595617,0.168263835343,0.0175574912713,0.0175574912995,0.0175574914155,0.0
0.0133309991853,0.013330999186,0.0133311982369,0.0133309991853,0.0133309991863,0.0133315020436,0.0133309991853,0.0133309991853,0.0133309991853,0.0133309991853,0.0133309991926,0.013331434208,0.0133639630999,0.0169948441137,0.49307807056,0.0133309991855,0.0133309992086,0.0133309992759,0.0133309992271,0.0133310037412,0.0133407867791,0.0133527435633,0.0156148043787,0.167633662015,0.0133309991855,0.0133309992069,0.0133309992949,0.0
0.00951835088088,0.00951835088139,0.00952042465956,0.00951835088089,0.00951835088162,0.00952362017009,0.00951835088088,0.00951835088088,0.00951835088088,0.00951835088093,0.00951835088612,0.00952127479315,0.00954188715909,0.0121343409591,0.604622068242,0.00951835088103,0.00951835089753,0.00951835094559,0.00951835091073,0.00951835413383,0.00954964892019,0.00953387639529,0.0111489907806,0.153091899481,0.00951835088102,0.00951835089631,0.00951835095917,0.0
0.0064230923309,0.00642309233124,0.00643885290379,0.0064230923309,0.0064230923314,0.00646311978272,0.0064230923309,0.0064230923309,0.0064230923309,0.00642309233093,0.00642309233443,0.00643800004603,0.00643897488135,0.00818839243589,0.707669085563,0.006423092331,0.00642309234213,0.00642309237457,0.00642309235104,0.00642309452602,0.00650714124879,0.00643356912607,0.00752346683543,0.128706825214,0.00642309233099,0.00642309234131,0.00642309238373,0.0
0.00420960516238,0.0042096051626,0.00428206109087,0.00420960516238,0.00420960516271,0.00439312968027,0.00420960516238,0.00420960516238,0.00420960516238,0.0042096051624,0.0042096051647,0.0042591794225,0.00422001436451,0.00536655823923,0.790589150425,0.00420960516244,0.00420960516974,0.004209605191,0.00420960517558,0.00420960660103,0.00438106947204,0.00421647150787,0.00493077527114,0.101798301233,0.00420960516244,0.0042096051692,0.004209605197,0.0
0.00282910612199,0.00282910612214,0.00301957384383,0.00282910612199,0.00282910612221,0.00331606108334,0.00282910612199,0.00282910612199,0.00282910612199,0.00282910612201,0.00282910612355,0.00293272085693,0.0028361017276,0.00360664769806,0.847732054906,0.00282910612204,0.00282910612694,0.00282910614123,0.00282910613086,0.00282910708885,0.00309009136113,0.00283372071631,0.00331377551282,0.0792244471901,0.00282910612203,0.00282910612658,0.00282910614526,0.0
0.00201205946505,0.00201205946515,0.00234292299121,0.00201205946505,0.0020120594652,0.00289041543197,0.00201205946505,0.00201205946505,0.00201205946505,0.00201205946506,0.00201205946615,0.00216625758434,0.00201703473775,0.00256504681163,0.884239107337,0.00201205946508,0.00201205946856,0.00201205947873,0.00201205947136,0.00201206015268,0.00233486095891,0.0020153413632,0.00235675619722,0.0628672449484,0.00201205946507,0.00201205946831,0.00201205948159,0.0
0.00150232693578,0.00150232693586,0.00196222908198,0.00150232693578,0.00150232693589,0.00280507730621,0.00150232693578,0.00150232693578,0.00150232693578,0.00150232693578,0.0015023269366,0.00169314622146,0.00150604177936,0.00191522118684,0.9083174771,0.0015023269358,0.0015023269384,0.00150232694599,0.00150232694049,0.0015023274492,0.00185946632114,0.00150477740212,0.00175969864592,0.0511373064998,0.0015023269358,0.00150232693821,0.00150232694813,0.0
0.00116028084024,0.0011602808403,0.00173012081335,0.00116028084024,0.00116028084033,0.00291872190266,0.00116028084023,0.00116028084023,0.00116028084023,0.00116028084024,0.00116028084087,0.00137456003171,0.00116314989739,0.00147916834544,0.925145469738,0.00116028084025,0.00116028084226,0.00116028084812,0.00116028084387,0.00116028123677,0.00153281662889,0.00116217339044,0.00135905479348,0.0424099897522,0.00116028084025,0.00116028084212,0.00116028084978,0.0
0.0009171180759,0.000917118075949,0.00157938743746,0.000917118075901,0.000917118075972,0.00318001802277,0.0009171180759,0.0009171180759,0.0009171180759,0.000917118075905,0.000917118076405,0.00114474315731,0.000919385858046,0.0011691755822,0.937460295481,0.000917118075914,0.000917118077504,0.000917118082136,0.000917118078776,0.00091711838933,0.00129276230741,0.00091861399994,0.00107423450773,0.0356703760224,0.000917118075913,0.000917118077386,0.000917118083443,0.0
0.000736871624033,0.000736871624072,0.00147731139265,0.000736871624033,0.00073687162409,0.00357654489434,0.000736871624033,0.000736871624033,0.000736871624033,0.000736871624037,0.000736871624439,0.000970425151063,0.000738693706006,0.000939390829466,0.946750983119,0.000736871624044,0.000736871625322,0.000736871629043,0.000736871626344,0.000736871875863,0.0011076391489,0.00073807354558,0.00086310906644,0.0303110112697,0.000736871624043,0.000736871625227,0.000736871630093,0.0
0.00059914783239,0.000599147832421,0.00140648471039,0.00059914783239,0.000599147832436,0.00411536564517,0.000599147832389,0.000599147832389,0.000599147832389,0.000599147832392,0.000599147832719,0.00083324921992,0.000600629361097,0.000763815515327,0.953879389694,0.000599147832399,0.000599147833437,0.000599147836463,0.000599147834268,0.000599148037151,0.000959815838067,0.000600125110746,0.000701791071073,0.0259538204659,0.000599147832398,0.00059914783336,0.000599147837317,0.0
0.000491525059437,0.000491525059463,0.00135688667623,0.000491525059437,0.000491525059475,0.00481614055296,0.000491525059437,0.000491525059437,0.000491525059437,0.000491525059439,0.000491525059707,0.000722289062546,0.000492740466464,0.000626614077986,0.959371227491,0.000491525059444,0.000491525060296,0.000491525062779,0.000491525060978,0.000491525227418,0.000838691734531,0.000492326792793,0.000575730861857,0.0223514260943,0.000491525059444,0.000491525060233,0.000491525063479,0.0
0.000405982624069,0.000405982624091,0.00132236166917,0.000405982624069,0.000405982624101,0.00570906928185,0.000405982624069,0.000405982624069,0.000405982624069,0.000405982624071,0.000405982624292,0.000630624607408,0.000406986508052,0.000517561460551,0.963557661339,0.000405982624075,0.000405982624779,0.000405982626829,0.000405982625342,0.000405982762816,0.000737482626327,0.00040664482797,0.000475533691654,0.0193343692308,0.000405982624075,0.000405982624727,0.000405982627408,0.0
0.000337092212013,0.000337092212031,0.00129892020984,0.000337092212013,0.000337092212039,0.00683496623786,0.000337092212013,0.000337092212013,0.000337092212013,0.000337092212015,0.000337092212198,0.000553645755019,0.00033792574885,0.000429737449946,0.966648211546,0.000337092212018,0.000337092212602,0.000337092214305,0.00033709221307,0.000337092327216,0.000651621000268,0.000337642047805,0.000394841292466,0.0167819209845,0.000337092212018,0.000337092212559,0.000337092214785,0.0
0.000281037466575,0.00028103746659,0.00128385738443,0.000281037466575,0.000281037466597,0.00824649938675,0.000281037466575,0.000281037466575,0.000281037466575,0.000281037466576,0.00028103746673,0.000488150621544,0.000281732395359,0.000358276815427,0.968770082831,0.000281037466579,0.000281037467067,0.000281037468486,0.000281037467456,0.000281037562621,0.000577900959774,0.000281495870693,0.000329183507003,0.0146051831937,0.000281037466579,0.00028103746703,0.000281037468886,0.0
0.000235050631935,0.000235050631947,0.00127526575834,0.000235050631935,0.000235050631953,0.0100102383605,0.000235050631935,0.000235050631935,0.000235050631935,0.000235050631936,0.000235050632064,0.000431836499335,0.000235631847855,0.000299651120898,0.969989913987,0.000235050631938,0.000235050632346,0.000235050633533,0.000235050632672,0.000235050712264,0.0005139927201,0.000235434026287,0.000275318420304,0.0127368564308,0.000235050631938,0.000235050632316,0.000235050633868,0.0
0.000197072424033,0.000197072424043,0.00127175125399,0.000197072424033,0.000197072424048,0.0122093927962,0.000197072424033,0.000197072424033,0.000197072424033,0.000197072424034,0.000197072424141,0.000382997599519,0.000197559730233,0.000251235115913,0.970325662426,0.000197072424036,0.000197072424378,0.000197072425373,0.000197072424651,0.000197072491383,0.000458152593609,0.000197393871603,0.000230833961277,0.0111247893713,0.000197072424036,0.000197072424352,0.000197072425654,0.0
0.000165537838399,0.000165537838407,0.00127225925479,0.000165537838399,0.000165537838411,0.0149472121407,0.000165537838398,0.000165537838398,0.000165537838398,0.000165537838399,0.00016553783849,0.000340337739932,0.000165947168194,0.000211033675676,0.969752555237,0.000165537838401,0.000165537838688,0.000165537839524,0.000165537838918,0.000165537894972,0.000409042172143,0.000165807849467,0.000193897016116,0.00972776443338,0.000165537838401,0.000165537838667,0.00016553783976,0.0
0.000139236297585,0.000139236297593,0.00127596332702,0.000139236297585,0.000139236297596,0.0183510408949,0.000139236297585,0.000139236297585,0.000139236297585,0.000139236297586,0.000139236297662,0.000302849969029,0.000139580590864,0.000177503511893,0.968205223281,0.000139236297587,0.000139236297829,0.000139236298532,0.000139236298022,0.00013923634517,0.000365611418787,0.000139463407845,0.000163089616839,0.00851265687228,0.000139236297587,0.000139236297811,0.00013923629873,0.0
0.000117217432998,0.000117217433005,0.0012821908446,0.000117217432998,0.000117217433007,0.0225770008791,0.000117217432998,0.000117217432998,0.000117217432998,0.000117217432999,0.000117217433063,0.000269736764432,0.000117507279648,0.000149433060008,0.96557724053,0.000117217433,0.000117217433203,0.000117217433795,0.000117217433366,0.000117217473058,0.000327020700989,0.000117408627982,0.000137298582095,0.00745246632718,0.000117217433,0.000117217433188,0.000117217433962,0.0
9.87258526531e-05,9.87258526584e-05,0.00129037100542,9.87258526532e-05,9.87258526608e-05,0.0278152045866,9.87258526531e-05,9.87258526531e-05,9.87258526531e-05,9.87258526536e-05,9.87258527075e-05,0.000240355703145,9.89699746827e-05,0.000125859318759,0.961718866992,9.87258526546e-05,9.87258528258e-05,9.87258533243e-05,9.87258529627e-05,9.87258863932e-05,0.00029258740205,9.88868857635e-05,0.000115639109633,0.00652491949058,9.87258526545e-05,9.87258528131e-05,9.87258534651e-05,0.0
8.31548812561e-05,8.31548812605e-05,0.00129999675342,8.31548812561e-05,8.31548812626e-05,0.0342952793316,8.31548812561e-05,8.31548812561e-05,8.31548812561e-05,8.31548812565e-05,8.31548813019e-05,0.000214181626637,8.33605005324e-05,0.000106008876349,0.956433643351,8.31548812574e-05,8.31548814015e-05,8.31548818215e-05,8.31548815169e-05,8.31549096747e-05,0.000261748540497,8.32905163386e-05,9.74005913514e-05,0.0057114569003,8.31548812573e-05,8.31548813908e-05,8.315488194e-05,0.0
7.00130536966e-05,7.00130537003e-05,0.00131059553289,7.00130536966e-05,7.0013053702e-05,0.0422917814023,7.00130536966e-05,7.00130536966e-05,7.00130536966e-05,7.00130536969e-05,7.00130537351e-05,0.000190779793095,7.0186176828e-05,8.92551951254e-05,0.94947452668,7.00130536977e-05,7.0013053819e-05,7.00130541726e-05,7.00130539161e-05,7.00130776239e-05,0.000234034120243,7.01272529615e-05,8.20073666075e-05,0.00499648454142,7.00130536976e-05,7.001305381e-05,7.00130542724e-05,0.0
5.88993883116e-05,5.88993883147e-05,0.00132170586141,5.88993883116e-05,5.88993883162e-05,0.0521287794887,5.88993883115e-05,5.88993883115e-05,5.88993883116e-05,5.88993883119e-05,5.8899388344e-05,0.000169786543851,5.90450303884e-05,7.50870890348e-05,0.940540461038,5.88993883125e-05,5.88993884146e-05,5.8899388712e-05,5.88993884963e-05,5.88994084407e-05,0.000209047874169,5.89954599224e-05,6.89897594119e-05,0.00436681223193,5.88993883124e-05,5.8899388407e-05,5.8899388796e-05,0.0
4.94848350398e-05,4.94848350425e-05,0.0013328580736,4.94848350399e-05,4.94848350437e-05,0.064182466547,4.94848350398e-05,4.94848350398e-05,4.94848350398e-05,4.94848350401e-05,4.94848350671e-05,0.000150895241121,4.96071975015e-05,6.30850730547e-05,0.929274637905,4.94848350406e-05,4.94848351264e-05,4.94848353763e-05,4.9484835195e-05,4.94848519515e-05,0.000186453241409,4.9565550442e-05,5.79623483673e-05,0.00381122660866,4.94848350405e-05,4.948483512e-05,4.94848354468e-05,0.0
4.14981499525e-05,4.14981499547e-05,0.00134355861919,4.14981499525e-05,4.14981499557e-05,0.0788801144217,4.14981499524e-05,4.14981499524e-05,4.14981499524e-05,4.14981499527e-05,4.14981499753e-05,0.000133845995681,4.16007635265e-05,5.29033555285e-05,0.915266208836,4.14981499531e-05,4.1498150025e-05,4.14981502346e-05,4.14981500826e-05,4.14981641346e-05,0.000165963149766,4.15658381616e-05,4.86074212879e-05,0.00332016303454,4.1498149953e-05,4.14981500197e-05,4.14981502938e-05,0.0
3.47149953163e-05,3.47149953181e-05,0.00135327819876,3.47149953163e-05,3.4714995319e-05,0.09669305247,3.47149953163e-05,3.47149953163e-05,3.47149953163e-05,3.47149953164e-05,3.47149953354e-05,0.000118418179819,3.48008360042e-05,4.42559425298e-05,0.898057821579,3.47149953168e-05,3.4714995377e-05,3.47149955523e-05,3.47149954251e-05,3.47150071803e-05,0.00014733263186,3.47716194276e-05,4.06622079365e-05,0.00288545140203,3.47149953168e-05,3.47149953725e-05,3.47149956018e-05,0.0
2.89494207318e-05,2.89494207334e-05,0.0013614448835,2.89494207318e-05,2.89494207341e-05,0.11812074733,2.89494207318e-05,2.89494207318e-05,2.89494207318e-05,2.8949420732e-05,2.89494207477e-05,0.000104425014853,2.90210047309e-05,3.69057777052e-05,0.87716193907,2.89494207323e-05,2.89494207824e-05,2.89494209286e-05,2.89494208226e-05,2.89494306254e-05,0.000130353581351,2.89966405343e-05,3.39089017502e-05,0.00250011763275,2.89494207322e-05,2.89494207787e-05,2.89494209699e-05,0.0
2.404711574e-05,2.40471157413e-05,0.00136744418523,2.404711574e-05,2.40471157419e-05,0.143662735258,2.404711574e-05,2.404711574e-05,2.404711574e-05,2.40471157401e-05,2.40471157533e-05,9.17096903398e-05,2.41065776797e-05,3.06561404518e-05,0.852089216105,2.40471157404e-05,2.40471157821e-05,2.40471159035e-05,2.40471158154e-05,2.40471239582e-05,0.000114851105195,2.40863393247e-05,2.8166756515e-05,0.00215822686618,2.40471157404e-05,2.4047115779e-05,2.40471159378e-05,0.0
1.98799807014e-05,1.98799807025e-05,0.00137062867862,1.98799807015e-05,1.9879980703e-05,0.173775536865,1.98799807014e-05,1.98799807014e-05,1.98799807014e-05,1.98799807015e-05,1.98799807124e-05,8.01425466326e-05,1.9929138456e-05,2.53437246758e-05,0.822391823613,1.98799807017e-05,1.98799807362e-05,1.98799808366e-05,1.98799807638e-05,1.98799874955e-05,0.000100680978154,1.99124072143e-05,2.32857271531e-05,0.00185475664153,1.98799807017e-05,1.98799807337e-05,1.98799808649e-05,0.0
1.63416691364e-05,1.63416691372e-05,0.00137033992861,1.63416691364e-05,1.63416691376e-05,0.208813355008,1.63416691364e-05,1.63416691364e-05,1.63416691364e-05,1.63416691365e-05,1.63416691454e-05,6.96188576349e-05,1.63820776143e-05,2.08329560051e-05,0.787722936153,1.63416691366e-05,1.63416691649e-05,1.63416692475e-05,1.63416691876e-05,1.63416747212e-05,8.77276788847e-05,1.636832426e-05,1.91412483971e-05,0.00158548938663,1.63416691366e-05,1.63416691628e-05,1.63416692708e-05,0.0
1.33438319261e-05,1.33438319268e-05,0.00136594467707,1.33438319261e-05,1.33438319272e-05,0.248954911174,1.33438319261e-05,1.33438319261e-05,1.33438319261e-05,1.33438319262e-05,1.33438319335e-05,6.00567155196e-05,1.33768275726e-05,1.70112037599e-05,0.747910042529,1.33438319263e-05,1.33438319495e-05,1.33438320169e-05,1.3343831968e-05,1.33438364865e-05,7.59024146464e-05,1.33655972358e-05,1.56298355655e-05,0.00134691387781,1.33438319263e-05,1.33438319478e-05,1.33438320359e-05,0.0
1.08128588824e-05,1.0812858883e-05,0.00135688500019,1.08128588824e-05,1.08128588833e-05,0.294124404126,1.08128588824e-05,1.08128588824e-05,1.08128588824e-05,1.08128588825e-05,1.08128588884e-05,5.13944900285e-05,1.08395961248e-05,1.37846269868e-05,0.703034111413,1.08128588826e-05,1.08128589013e-05,1.08128589559e-05,1.08128589163e-05,1.08128625778e-05,6.51404802533e-05,1.08304958868e-05,1.26652679126e-05,0.00113612589922,1.08128588826e-05,1.08128588999e-05,1.08128589713e-05,0.0
8.68697999903e-06,8.68697999949e-06,0.00134273825415,8.68697999904e-06,8.68697999971e-06,0.343921425334,8.68697999903e-06,8.68697999903e-06,8.68697999903e-06,8.68697999907e-06,8.68698000381e-06,4.35873797559e-05,8.70846052445e-06,1.10744790282e-05,0.653499793517,8.68697999916e-06,8.68698001422e-06,8.68698005809e-06,8.68698002627e-06,8.68698296785e-06,5.53973335165e-05,8.70114945284e-06,1.01751932801e-05,0.000950720236056,8.68697999915e-06,8.68698001311e-06,8.68698007048e-06,0.0
6.91366465306e-06,6.91366465342e-06,0.00132327766564,6.91366465308e-06,6.91366465359e-06,0.39758027371,6.91366465304e-06,6.91366465304e-06,6.91366465304e-06,6.91366465308e-06,6.91366465685e-06,3.66027663536e-05,6.93076025467e-06,8.81379192963e-06,0.600076232542,6.91366465315e-06,6.91366466514e-06,6.91366470005e-06,6.91366467473e-06,6.91366701583e-06,4.66430030347e-05,6.92494162755e-06,8.09808174145e-06,0.000788670435617,6.91366465314e-06,6.91366466425e-06,6.91366470991e-06,0.0
5.44733758625e-06,5.44733758647e-06,0.00129852016184,5.44733758638e-06,5.44733758666e-06,0.453979610501,5.44733758615e-06,5.44733758615e-06,5.44733758615e-06,5.4473375862e-06,5.44733758915e-06,3.04144623621e-05,5.46080736207e-06,6.94446468904e-06,0.543887553464,5.44733758623e-06,5.44733759567e-06,5.44733762318e-06,5.44733760325e-06,5.44733944781e-06,3.88549280207e-05,5.45622281422e-06,6.38055029564e-06,0.000648199696348,5.44733758622e-06,5.44733759497e-06,5.44733763095e-06,0.0
4.24749571821e-06,4.24749571785e-06,0.00126874712529,4.24749571933e-06,4.24749571846e-06,0.511715276535,4.24749571733e-06,4.24749571733e-06,4.24749571733e-06,4.24749571755e-06,4.24749571975e-06,2.49964483608e-05,4.25799861298e-06,5.41486250133e-06,0.486340205697,4.24749571739e-06,4.24749572475e-06,4.2474957462e-06,4.24749573084e-06,4.24749716902e-06,3.20099897877e-05,4.25442386683e-06,4.97515706101e-06,0.000527654333507,4.24749571739e-06,4.24749572421e-06,4.24749575226e-06,0.0
3.27733045705e-06,3.27733045224e-06,0.00123448834643,3.27733046725e-06,3.27733045735e-06,0.569232276986,3.27733044907e-06,3.27733044907e-06,3.27733044907e-06,3.2773304509e-06,3.2773304517e-06,2.03171368348e-05,3.28543439585e-06,4.17806042572e-06,0.428991143671,3.27733044912e-06,3.2773304548e-06,3.27733047135e-06,3.27733046114e-06,3.27733157004e-06,2.60770871377e-05,3.28267615019e-06,3.83878756185e-06,0.000425397195022,3.27733044912e-06,3.27733045438e-06,3.27733047603e-06,0.0
2.50291637768e-06,2.5029163361e-06,0.00119646916412,2.50291646913e-06,2.50291638588e-06,0.624991970468,2.50291630647e-06,2.50291630647e-06,2.50291630647e-06,2.50291632269e-06,2.50291631599e-06,1.63353290543e-05,2.50910537911e-06,3.19080905068e-06,0.373380786639,2.50291630651e-06,2.50291631085e-06,2.50291632349e-06,2.50291633054e-06,2.50291717102e-06,2.10118029398e-05,2.50699886478e-06,2.93170437431e-06,0.000339738401157,2.5029163065e-06,2.50291631052e-06,2.50291632705e-06,0.0
1.89293008861e-06,1.89292976882e-06,0.00115553192413,1.8929308462e-06,1.89293022223e-06,0.677636874174,1.8929295014e-06,1.8929295014e-06,1.8929295014e-06,1.89292963554e-06,1.89292957624e-06,1.29987007765e-05,1.89761057555e-06,2.41317585798e-06,0.320868323693,1.89292950143e-06,1.89292950471e-06,1.89292951427e-06,1.89292964317e-06,1.89293023205e-06,1.67543033428e-05,1.89601722337e-06,2.21721752164e-06,0.000268913377561,1.89292950143e-06,1.89292950447e-06,1.89292951697e-06,0.0
1.41875964227e-06,1.41875751762e-06,0.00111255036387,1.41876512114e-06,1.41876110531e-06,0.726115629856,1.41875541382e-06,1.41875541382e-06,1.41875541382e-06,1.41875638315e-06,1.41875599537e-06,1.02449706035e-05,1.42226635407e-06,1.80868329095e-06,0.272506805202,1.41875541384e-06,1.4187554163e-06,1.41875542346e-06,1.41875641082e-06,1.41875656263e-06,1.32307316322e-05,1.421070564e-06,1.66181068386e-06,0.000211106177018,1.41875541384e-06,1.41875541612e-06,1.41875542549e-06,0.0
1.05481685217e-06,1.05480512769e-06,0.00106835745349,1.05484998461e-06,1.05482869024e-06,0.769743499569,1.05479138113e-06,1.05479138113e-06,1.05479138113e-06,1.05479723918e-06,1.05479517697e-06,8.00523330146e-06,1.05741629982e-06,1.34470046526e-06,0.228982648452,1.05479138115e-06,1.05479138298e-06,1.0547913883e-06,1.05479744398e-06,1.05479611012e-06,1.03574716664e-05,1.05651789352e-06,1.23549755479e-06,0.000164506079245,1.05479138115e-06,1.05479138284e-06,1.05479138981e-06,0.0
7.78912386583e-07,7.78859980275e-07,0.00102371030545,7.79075442691e-07,7.78984828301e-07,0.808188439112,7.78787475269e-07,7.78787475269e-07,7.78787475269e-07,7.78816287298e-07,7.78807494906e-07,6.20870614888e-06,7.80795878369e-07,9.92900249506e-07,0.190629504065,7.78787475281e-07,7.78787476631e-07,7.78787480564e-07,7.78817552695e-07,7.78810925993e-07,8.04732344929e-06,7.80087382232e-07,9.12227645173e-07,0.000127384304226,7.7878747528e-07,7.78787476531e-07,7.78787481674e-07,0.0
5.72652069452e-07,5.72464316547e-07,0.000979335923038,5.73296844414e-07,5.72990928457e-07,0.841377971827,5.72159756315e-07,5.72159756315e-07,5.72159756315e-07,5.72273595199e-07,5.72243850029e-07,4.78841272834e-06,5.73902959288e-07,7.29719461597e-07,0.157521224576,5.72159756324e-07,5.72159757315e-07,5.72159760205e-07,5.72279536548e-07,5.72257866357e-07,6.21696826385e-06,5.73209929244e-07,6.70270818042e-07,9.81852930675e-05,5.72159756323e-07,5.72159757242e-07,5.72159761021e-07,0.0
4.21744709771e-07,4.21205989203e-07,0.000936132312516,4.23786977692e-07,4.22967995058e-07,0.869333365985,4.20191382712e-07,4.20191382712e-07,4.20191382712e-07,4.20551199582e-07,4.2047147638e-07,3.68709372467e-06,4.22273411035e-07,5.36706681034e-07,0.129637371277,4.20191382719e-07,4.20191383447e-07,4.20191385569e-07,4.20572565853e-07,4.20519163361e-07,4.79479314172e-06,4.21246040068e-07,4.92478767159e-07,7.56222911797e-05,4.20191382718e-07,4.20191383393e-07,4.20191386168e-07,0.0
3.15605262224e-07,3.14362316296e-07,0.000895502016119,3.20795977595e-07,3.19043268608e-07,0.89202580513,3.11684893106e-07,3.11684893106e-07,3.11684893106e-07,3.12593201282e-07,3.12423305948e-07,2.85974114159e-06,3.15100998659e-07,4.00070293149e-07,0.107006682155,3.11684893111e-07,3.11684893651e-07,3.11684895225e-07,3.12652624523e-07,3.12552117841e-07,3.72439478807e-06,3.13124944983e-07,3.65873598625e-07,5.87072003989e-05,3.1168489311e-07,3.11684893611e-07,3.11684895669e-07,0.0
2.45320697169e-07,2.42985895192e-07,0.000859311308118,2.5602198679e-07,2.52953121278e-07,0.9095170301,2.37363039198e-07,2.37363039198e-07,2.37363039198e-07,2.39200873433e-07,2.38909073274e-07,2.2655742141e-06,2.43333091127e-07,3.08316355922e-07,0.0895667068442,2.37363039202e-07,2.37363039613e-07,2.37363040812e-07,2.39330089676e-07,2.39184513679e-07,2.95438419769e-06,2.39634493838e-07,2.79678709651e-07,4.65706532616e-05,2.37363039201e-07,2.37363039583e-07,2.3736304115e-07,0.0
2.01320337823e-07,1.97629281583e-07,0.000828836189595,2.19809815673e-07,2.15202249487e-07,0.922399375472,1.87976664239e-07,1.87976664239e-07,1.87976664239e-07,1.91031974104e-07,1.90613047086e-07,1.8540084868e-06,1.97461756186e-07,2.49440673857e-07,0.076725198506,1.87976664242e-07,1.87976664567e-07,1.87976665517e-07,1.9125852275e-07,1.91091181834e-07,2.42024541223e-06,1.91414978018e-07,2.22987099827e-07,3.81645280691e-05,1.87976664241e-07,1.87976664543e-07,1.87976665785e-07,0.0
1.74285763735e-07,1.69125845948e-07,0.000803869015145,2.02433538864e-07,1.9615996695e-07,0.931794174522,1.54882042168e-07,1.54882042168e-07,1.54882042168e-07,1.592604151e-07,1.5873006565e-07,1.56859764676e-06,1.68330334668e-07,2.1187353789e-07,0.0673625075009,1.54882042171e-07,1.54882042439e-07,1.54882043221e-07,1.59598380984e-07,1.59438974241e-07,2.04940044817e-06,1.59621913676e-07,1.85501992438e-07,3.23326650305e-05,1.5488204217e-07,1.54882042419e-07,1.54882043442e-07,0.0
1.57462211817e-07,1.50796192563e-07,0.00078331844394,1.96958190802e-07,1.88879512813e-07,0.938807251181,1.31799572873e-07,1.31799572873e-07,1.31799572873e-07,1.37476816626e-07,1.36856486409e-07,1.3639738053e-06,1.49291703082e-07,1.87186842215e-07,0.0603750697691,1.31799572875e-07,1.31799573104e-07,1.31799573769e-07,1.37929276312e-07,1.37801739319e-07,1.78327890625e-06,1.37832742529e-07,1.59736883133e-07,2.81489483595e-05,1.31799572875e-07,1.31799573087e-07,1.31799573957e-07,0.0
1.4683344462e-07,1.38638615527e-07,0.000766070190574,1.99476581307e-07,1.8939458519e-07,0.944229298573,1.14911369992e-07,1.14911369991e-07,1.14911369991e-07,1.21807449371e-07,1.21116382227e-07,1.21087316753e-06,1.36366113858e-07,1.70316716264e-07,0.0549740536606,1.14911369993e-07,1.14911370192e-07,1.14911370773e-07,1.2237198907e-07,1.22292512943e-07,1.58401713666e-06,1.22166298342e-07,1.41159084293e-07,2.5016542998e-05,1.14911369993e-07,1.14911370178e-07,1.14911370937e-07,0.0
1.40149713116e-07,1.30393269042e-07,0.000751275021032,2.08026567715e-07,1.95671351181e-07,0.948564807632,1.02013966877e-07,1.02013966877e-07,1.02013966877e-07,1.10034233956e-07,1.0928774359e-07,1.09174937514e-06,1.27303294655e-07,1.58391389851e-07,0.0506562627307,1.02013966879e-07,1.02013967055e-07,1.02013967571e-07,1.10706419875e-07,1.10685354212e-07,1.42888108594e-06,1.10400620053e-07,1.27168681068e-07,2.2577641076e-05,1.02013966879e-07,1.02013967042e-07,1.02013967716e-07,0.0
1.36132182877e-07,1.24764352025e-07,0.000738334300034,2.21728066418e-07,2.06752804038e-07,0.952131548365,9.18124452132e-08,9.1812445213e-08,9.1812445213e-08,1.00864596673e-07,1.00074472839e-07,9.96009127427e-07,1.20809559424e-07,1.49755833614e-07,0.0471047929904,9.18124452144e-08,9.18124453736e-08,9.18124458372e-08,1.01639568525e-07,1.016834528e-07,1.30413241293e-06,1.01241097649e-07,1.16248188813e-07,2.06161965563e-05,9.18124452143e-08,9.18124453618e-08,9.18124459681e-08,0.0
1.34025195829e-07,1.20978356631e-07,0.000726829151649,2.40314528608e-07,2.22288685088e-07,0.955134638886,8.3513280796e-08,8.35132807958e-08,8.35132807959e-08,9.35130776734e-08,9.26883743172e-08,9.17026666082e-07,1.16109639353e-07,1.43416163942e-07,0.0441151114983,8.35132807971e-08,8.35132809419e-08,8.35132813636e-08,9.43861880945e-08,9.44991671029e-08,1.20117212888e-06,9.39011674617e-08,1.07474170746e-07,1.89970507333e-05,8.3513280797e-08,8.35132809312e-08,8.35132814827e-08,0.0
1.33363703672e-07,1.18553033099e-07,0.000716461687446,2.63902486062e-07,2.42301611635e-07,0.957711132825,7.660768951e-08,7.66076895098e-08,7.66076895099e-08,8.74801773621e-08,8.66279062837e-08,8.50483598869e-07,1.12717532883e-07,1.38748159427e-07,0.0415505701383,7.6607689511e-08,7.66076896438e-08,7.66076900307e-08,8.8447214071e-08,8.86319320614e-08,1.11439261785e-06,8.78807093425e-08,1.00258638641e-07,1.76320907543e-05,7.66076895109e-08,7.6607689634e-08,7.66076901399e-08,0.0
1.33851459788e-07,1.1717569566e-07,0.000707015134724,2.92882575662e-07,2.6707439616e-07,0.959955834893,7.07555309202e-08,7.075553092e-08,7.075553092e-08,8.24346058464e-08,8.15602627063e-08,7.9345329759e-07,1.1031572376e-07,1.35343260206e-07,0.0393166532021,7.07555309211e-08,7.07555310437e-08,7.0755531401e-08,8.34918407381e-08,8.37499959363e-08,1.03999176414e-06,8.28480733748e-08,9.42111670121e-08,1.64615858118e-05,7.0755530921e-08,7.07555310346e-08,7.07555315019e-08,0.0
1.35294908984e-07,1.16636840441e-07,0.000698327976177,3.27872480185e-07,2.97099126476e-07,0.961936433342,6.57209143759e-08,6.57209143756e-08,6.57209143757e-08,7.81483692286e-08,7.72563161161e-08,7.43882265026e-07,1.08689226312e-07,1.3292431612e-07,0.0373458839197,6.57209143767e-08,6.57209144906e-08,6.57209148225e-08,7.9292539176e-08,7.96252301963e-08,9.75300722541e-07,7.85750518092e-08,8.90627854467e-08,1.54436141868e-05,6.57209143766e-08,6.57209144822e-08,6.57209149162e-08,0.0
1.37565776268e-07,1.16792398731e-07,0.00069027717106,3.69703536675e-07,3.33059596937e-07,0.963702625648,6.13349855284e-08,6.13349855282e-08,6.13349855282e-08,7.44594738508e-08,7.35532154671e-08,7.00285448408e-07,1.07688030796e-07,1.31297539619e-07,0.0355887232162,6.13349855291e-08,6.13349856354e-08,6.13349859452e-08,7.56877375989e-08,7.60956832029e-08,9.18388767813e-07,7.48995221527e-08,8.46222038825e-08,1.45478509712e-05,6.1334985529e-08,6.13349856276e-08,6.13349860326e-08,0.0
1.40579022254e-07,1.17541382678e-07,0.000682767093443,4.19427748986e-07,3.75833629122e-07,0.965291801942,5.74735366187e-08,5.74735366184e-08,5.74735366185e-08,7.1249612164e-08,7.03319963429e-08,6.61560439362e-07,1.07204826099e-07,1.30323966989e-07,0.0340079019938,5.74735366193e-08,5.74735367189e-08,5.74735370092e-08,7.2559501891e-08,7.30431827794e-08,8.67822215839e-07,7.1703099017e-08,8.07495965035e-08,1.37517791711e-05,5.74735366193e-08,5.74735367116e-08,5.74735370911e-08,0.0
1.44279369791e-07,1.18812144153e-07,0.000675722084177,4.7833907841e-07,4.26508960849e-07,0.966732698044,5.40430266052e-08,5.40430266049e-08,5.40430266049e-08,6.84303047943e-08,6.75036696815e-08,6.26870134056e-07,1.07161278265e-07,1.29901860131e-07,0.0325747784324,5.40430266057e-08,5.40430266994e-08,5.40430269723e-08,6.98196797998e-08,7.03794315524e-08,8.22512113019e-07,6.8897256574e-08,7.73403060552e-08,1.30382964726e-05,5.40430266056e-08,5.40430266924e-08,5.40430270494e-08,0.0
1.48632802692e-07,1.20553642743e-07,0.000669081324152,5.48006436472e-07,4.86409930614e-07,0.968047813328,5.09715564799e-08,5.09715564796e-08,5.09715564796e-08,6.59340009289e-08,6.50002843896e-08,5.95566233183e-07,1.07499288908e-07,1.29955483745e-07,0.0312669271093,5.09715564804e-08,5.09715565687e-08,5.09715568261e-08,6.74010060973e-08,6.80370809202e-08,7.81614903302e-07,6.64144172798e-08,7.43143701414e-08,1.2394154703e-05,5.09715564803e-08,5.09715565622e-08,5.09715568988e-08,0.0
1.53621055401e-07,1.22729732289e-07,0.000662795229163,6.30317708148e-07,5.57134075141e-07,0.969255054261,4.82028678551e-08,4.82028678547e-08,4.82028678548e-08,6.37081897769e-08,6.27690117908e-08,5.67137923923e-07,1.08175256793e-07,1.3042773121e-07,0.0300665002579,4.82028678555e-08,4.8202867939e-08,4.82028681825e-08,6.52512194029e-08,6.59638275927e-08,7.44465773372e-07,6.42020562136e-08,7.16095859208e-08,1.18089128067e-05,4.82028678554e-08,4.82028679328e-08,4.82028682512e-08,0.0
1.59237962651e-07,1.25315326051e-07,0.000656822863544,7.27535274959e-07,6.40598874215e-07,0.970368878773,4.56922452877e-08,4.56922452873e-08,4.56922452873e-08,6.17113995579e-08,6.076812506e-08,5.41176565783e-07,1.09156209596e-07,1.31275149297e-07,0.0289590867668,4.5692245288e-08,4.56922453672e-08,4.5692245598e-08,6.33290662793e-08,6.41184042761e-08,7.10532772412e-07,6.22186956172e-08,6.91767945386e-08,1.12742162233e-05,4.5692245288e-08,4.56922453614e-08,4.56922456631e-08,0.0
1.65487001604e-07,1.28293765672e-07,0.000651130050107,8.42364300242e-07,7.39099635055e-07,0.971401110437,4.34036519266e-08,4.34036519263e-08,4.34036519263e-08,5.99104139832e-08,5.89642013675e-08,5.17350829658e-07,1.10417134442e-07,1.32464501741e-07,0.0279329003772,4.34036519269e-08,4.34036520022e-08,4.34036522214e-08,6.16015222625e-08,6.24677917058e-08,6.79384504954e-07,6.04311185472e-08,6.69765983194e-08,1.07832894909e-05,4.34036519269e-08,4.34036519966e-08,4.34036522832e-08,0.0
1.7237962047e-07,1.31654982168e-07,0.000645687965377,9.78035688902e-07,8.55380113865e-07,0.972361529096,4.1307684819e-08,4.13076848187e-08,4.13076848187e-08,5.82782944509e-08,5.73301334277e-08,4.953888354e-07,1.11939097126e-07,1.33970345898e-07,0.0269781907575,4.13076848193e-08,4.13076848909e-08,4.13076850995e-08,6.00418179831e-08,6.09852386529e-08,6.50666913324e-07,5.88123892439e-08,6.49770267494e-08,1.03305716269e-05,4.13076848193e-08,4.13076848856e-08,4.13076851584e-08,0.0
1.79934099832e-07,1.35394190668e-07,0.000640472079256,1.13840625088e-06,9.92718034313e-07,0.973258306851,3.93800876125e-08,3.93800876121e-08,3.93800876122e-08,5.67929478954e-08,5.58436893477e-08,4.75065080619e-07,1.137078925e-07,1.35773292111e-07,0.026086808709,3.93800876128e-08,3.9380087681e-08,3.93800878799e-08,5.86280103519e-08,5.96488289117e-08,6.24086284282e-07,5.73404197946e-08,6.31518454025e-08,9.91144926771e-06,3.93800876127e-08,3.9380087676e-08,3.9380087936e-08,0.0
1.88174784226e-07,1.39510952928e-07,0.000635461343291,1.32807924703e-06,1.15502824601e-06,0.974098335021,3.76006502387e-08,3.76006502383e-08,3.76006502383e-08,5.54360719436e-08,5.44864516994e-08,4.5619071638e-07,1.15713060288e-07,1.37858732999e-07,0.0252518800381,3.76006502389e-08,3.76006503041e-08,3.7600650494e-08,5.73419305319e-08,5.84404263647e-08,5.99396604492e-07,5.59969145154e-08,6.14793097018e-08,9.52205810854e-06,3.76006502389e-08,3.76006502993e-08,3.76006505476e-08,0.0
1.97131577709e-07,1.44008498437e-07,0.000630637561186,1.55254922387e-06,1.34698691491e-06,0.974887472848,3.5952382345e-08,3.59523823446e-08,3.59523823446e-08,5.41923659278e-08,5.32430238568e-08,4.38606203991e-07,1.17947157226e-07,1.40215902463e-07,0.0244675573945,3.59523823451e-08,3.59523824075e-08,3.5952382589e-08,5.61683973199e-08,5.73448863392e-08,5.76390010461e-07,5.47665804636e-08,5.99412322933e-08,9.1591329398e-06,3.59523823451e-08,3.59523824028e-08,3.59523826403e-08,0.0
2.06839632633e-07,1.4889323095e-07,0.000625984894818,1.81837588714e-06,1.5741808873e-06,0.975630739122,3.44208836952e-08,3.44208836948e-08,3.44208836948e-08,5.30489324526e-08,5.21004279324e-08,4.22175694146e-07,1.20405212184e-07,1.42837170171e-07,0.023728828953,3.44208836954e-08,3.4420883755e-08,3.44208839288e-08,5.50946207113e-08,5.63494577564e-08,5.5488947727e-07,5.36365286886e-08,5.85222753234e-08,8.81989284096e-06,3.44208836953e-08,3.44208837506e-08,3.44208839779e-08,0.0
2.17339183731e-07,1.54174370401e-07,0.000621489472354,2.13339275954e-06,1.84328725366e-06,0.976332461562,3.29938585062e-08,3.29938585058e-08,3.29938585058e-08,5.19948176866e-08,5.1047642224e-08,4.06782670945e-07,1.23084314106e-07,1.45717506953e-07,0.0230313691464,3.29938585063e-08,3.29938585635e-08,3.29938587301e-08,5.41097438769e-08,5.54433241194e-08,5.34743151705e-07,5.25958143355e-08,5.72094065293e-08,8.50195219672e-06,3.29938585063e-08,3.29938585593e-08,3.29938587772e-08,0.0
2.28675494673e-07,1.5986369549e-07,0.000617139074231,2.50695755341e-06,2.16228919291e-06,0.976996394486,3.16607364641e-08,3.16607364637e-08,3.16607364637e-08,5.10206540919e-08,5.0075241694e-08,3.92326537764e-07,1.25983297815e-07,1.48854076145e-07,0.0223714209279,3.16607364642e-08,3.16607365191e-08,3.1660736679e-08,5.32044873229e-08,5.46172469827e-08,5.15819910049e-07,5.16350792771e-08,5.59914763555e-08,8.20325094384e-06,3.16607364642e-08,3.1660736515e-08,3.16607367241e-08,0.0
2.40898894431e-07,1.65975362463e-07,0.000612922879171,2.95025260774e-06,2.5407354419e-06,0.977625812375,3.04123738407e-08,3.04123738403e-08,3.04123738403e-08,5.01183797878e-08,4.91751155401e-08,3.78719913449e-07,1.29102503017e-07,1.522459191e-07,0.0217457019663,3.04123738407e-08,3.04123738935e-08,3.0412374047e-08,5.23708694739e-08,5.38632860591e-08,4.98005839607e-07,5.07462714486e-08,5.48588856553e-08,7.92199932284e-06,3.04123738407e-08,3.04123738896e-08,3.04123740904e-08,0.0
2.54064887689e-07,1.72525782612e-07,0.00060883125698,3.47664544069e-06,2.99005225467e-06,0.97822358489,2.92408154728e-08,2.92408154724e-08,2.92408154724e-08,4.92810159392e-08,4.83402431425e-08,3.65886470487e-07,1.32443588791e-07,1.55893712045e-07,0.0211513292148,2.92408154729e-08,2.92408155235e-08,2.92408156712e-08,5.16019851064e-08,5.31745773291e-08,4.81201425154e-07,4.99224222588e-08,5.38033220139e-08,7.65663369865e-06,2.92408154728e-08,2.92408155198e-08,2.92408157129e-08,0.0
2.68234328388e-07,1.79533545877e-07,0.000604855598134,4.10212151313e-06,3.52391854648e-06,0.97879223746,2.81391035006e-08,2.81391035002e-08,2.81391035002e-08,4.8502488564e-08,4.7564514706e-08,3.53759191221e-07,1.36009390764e-07,1.59799577769e-07,0.0205857577345,2.81391035006e-08,2.81391035494e-08,2.81391036915e-08,5.08918280601e-08,5.25451555383e-08,4.65319279172e-07,4.91574684649e-08,5.28175486305e-08,7.40578092007e-06,2.81391035005e-08,2.81391035457e-08,2.81391037316e-08,0.0
2.83473648912e-07,1.87019381331e-07,0.000600988172567,4.84580375642e-06,4.15871712377e-06,0.979334000491,2.71011223943e-08,2.71011223939e-08,2.71011223939e-08,4.77774846966e-08,4.68425864732e-08,3.42278949741e-07,1.39803811573e-07,1.63966939991e-07,0.0200467306847,2.71011223943e-08,2.71011224413e-08,2.71011225781e-08,5.02351481895e-08,5.19698110136e-08,4.50282295793e-07,4.84461084426e-08,5.18952338756e-08,7.16822933223e-06,2.71011223943e-08,2.71011224378e-08,2.71011226168e-08,0.0
