-10.0 -10.0 -10.0,-10.0 -10.0 0.0,-10.0 -10.0 10.0,-10.0 0.0 -10.0,-10.0 0.0 0.0,-10.0 0.0 10.0,-10.0 10.0 -10.0,-10.0 10.0 0.0,-10.0 10.0 10.0,0.0 -10.0 -10.0,0.0 -10.0 0.0,0.0 -10.0 10.0,0.0 0.0 -10.0,0.0 0.0 0.0,0.0 0.0 10.0,0.0 10.0 -10.0,0.0 10.0 0.0,0.0 10.0 10.0,10.0 -10.0 -10.0,10.0 -10.0 0.0,10.0 -10.0 10.0,10.0 0.0 -10.0,10.0 0.0 0.0,10.0 0.0 10.0,10.0 10.0 -10.0,10.0 10.0 0.0,10.0 10.0 10.0,other
0.037037037037,0.037037037037,0.037037037037,0.037037037037,0.037037037037,0.037037037037,0.037037037037,0.037037037037,0.037037037037,0.037037037037,0.037037037037,0.037037037037,0.037037037037,0.037037037037,0.037037037037,0.037037037037,0.037037037037,0.037037037037,0.037037037037,0.037037037037,0.037037037037,0.037037037037,0.037037037037,0.037037037037,0.037037037037,0.037037037037,0.037037037037,0.0
0.0362637362637,0.0362637362649,0.0362637362676,0.0362637362637,0.0362637362649,0.0362637362684,0.0362637362637,0.0362637362637,0.0362637362637,0.036263736264,0.0362637363486,0.0362637367198,0.0362698039479,0.0383180352997,0.0458869225899,0.0362637362637,0.0362637362672,0.0362637362761,0.0362637363359,0.0362637575927,0.0362638182215,0.0362675467776,0.0376599684047,0.0440591574965,0.0362637362637,0.0362637362673,0.0362637362788,0.0
0.0353730795351,0.0353730795369,0.035373079545,0.0353730795351,0.0353730795369,0.035373079547,0.0353730795351,0.0353730795351,0.0353730795351,0.0353730795355,0.035373079664,0.0353730806102,0.0353820223715,0.0382836781514,0.0578389919833,0.0353730795351,0.0353730795392,0.0353730795541,0.035373079647,0.0353731106315,0.0353732609133,0.0353786662328,0.0373328008756,0.0529489562819,0.0353730795351,0.0353730795393,0.0353730795582,0.0
0.03432705041,0.0343270504121,0.0343270504304,0.03432705041,0.0343270504121,0.034327050434,0.03432705041,0.03432705041,0.03432705041,0.0343270504105,0.034327050557,0.034327052381,0.0343368873643,0.0374299579361,0.0731819956832,0.03432705041,0.034327050414,0.0343270504311,0.0343270505397,0.0343270847487,0.0343273576103,0.0343331696298,0.0364061329516,0.0634434539346,0.03432705041,0.0343270504141,0.0343270504356,0.0
0.0331085683597,0.0331085683619,0.0331085684003,0.0331085683597,0.0331085683619,0.0331085684063,0.0331085683597,0.0331085683597,0.0331085683597,0.0331085683602,0.0331085685089,0.0331085717341,0.0331182643312,0.0361111871956,0.0921412762437,0.0331085683597,0.0331085683635,0.0331085683805,0.033108568493,0.0331086024353,0.0331090433122,0.0331145838106,0.0351163407633,0.075117899271,0.0331085683597,0.0331085683636,0.0331085683849,0.0
0.0317215970767,0.0317215970788,0.0317215971606,0.0317215970767,0.0317215970788,0.0317215971698,0.0317215970767,0.0317215970767,0.0317215970767,0.0317215970772,0.0317215972189,0.0317216028447,0.0317306815871,0.0345119280855,0.114880982442,0.0317215970767,0.0317215970801,0.0317215970961,0.0317215972049,0.0317216291531,0.0317223089487,0.0317272258292,0.0335861472749,0.0874087459524,0.0317215970767,0.0317215970802,0.0317215971002,0.0
0.0301880238486,0.0301880238507,0.0301880240363,0.0301880238486,0.0301880238507,0.0301880240487,0.0301880238486,0.0301880238486,0.0301880238486,0.0301880238491,0.0301880239793,0.0301880340464,0.0301962925859,0.0327205956459,0.141446092725,0.0301880238486,0.0301880238518,0.0301880238663,0.030188023967,0.0301880531109,0.0301890901052,0.0301931445604,0.0318800310447,0.0996142362137,0.0301880238486,0.0301880238519,0.03018802387,0.0
0.0285460441836,0.0285460441855,0.0285460446437,0.0285460441836,0.0285460441855,0.0285460446517,0.0285460441836,0.0285460441836,0.0285460441836,0.0285460441841,0.0285460443004,0.0285460631526,0.0285534037422,0.0307983428029,0.171664267664,0.0285460441836,0.0285460441864,0.0285460441993,0.0285460442896,0.0285460702509,0.028547667351,0.0285506011196,0.0300507434629,0.110914043953,0.0285460441836,0.0285460441865,0.0285460442026,0.0
0.026847921269,0.0268479212706,0.0268479224914,0.026847921269,0.0268479212706,0.0268479224509,0.026847921269,0.026847921269,0.026847921269,0.0268479212694,0.0268479213709,0.0268479584165,0.0268543328121,0.0288097068518,0.205066261014,0.026847921269,0.0268479212714,0.0268479212827,0.0268479213616,0.0268479439848,0.0268504494663,0.0268518910307,0.0281585274628,0.120450343482,0.026847921269,0.0268479212715,0.0268479212856,0.0
0.0251549367999,0.0251549368013,0.0251549402159,0.0251549367999,0.0251549368013,0.0251549399337,0.0251549367999,0.0251549367999,0.0251549367999,0.0251549368003,0.0251549368868,0.0251550123011,0.0251604017163,0.0268270019952,0.240862251157,0.0251549367999,0.025154936802,0.0251549368116,0.0251549368789,0.0251549561635,0.0251589538086,0.0251583204115,0.0262719887439,0.127462244556,0.0251549367999,0.0251549368021,0.025154936814,0.0
0.0235297292475,0.0235297292487,0.0235297388966,0.0235297292475,0.0235297292487,0.0235297376535,0.0235297292475,0.0235297292475,0.0235297292475,0.0235297292478,0.0235297293199,0.0235298846412,0.0235342851725,0.024923662287,0.277988088374,0.0235297292475,0.0235297292492,0.0235297292572,0.0235297293134,0.0235297453907,0.0235361675809,0.0235325500477,0.0244609700314,0.131429501799,0.0235297292475,0.0235297292493,0.0235297292593,0.0
0.0220277946946,0.0220277946956,0.0220278211405,0.0220277946946,0.0220277946956,0.0220278166338,0.0220277946946,0.0220277946946,0.0220277946946,0.0220277946949,0.0220277947537,0.0220281095337,0.0220315105302,0.0231646908324,0.315218795007,0.0220277946946,0.0220277946961,0.0220277947026,0.0220277947484,0.0220278078612,0.0220380388455,0.0220300953519,0.0227873175576,0.132173281457,0.0220277946946,0.0220277946961,0.0220277947042,0.0
0.0206904106356,0.0206904106364,0.0206904785063,0.0206904106356,0.0206904106364,0.0206904644839,0.0206904106356,0.0206904106356,0.0206904106356,0.0206904106358,0.0206904106828,0.0206910225502,0.0206933784128,0.0215984304279,0.351326486384,0.0206904106356,0.0206904106367,0.0206904106419,0.0206904106785,0.0206904211515,0.0207063270218,0.0206922481326,0.0212970287464,0.129877143904,0.0206904106356,0.0206904106368,0.0206904106433,0.0
0.0195407820131,0.0195407820137,0.0195409409541,0.0195407820131,0.0195407820137,0.0195409032556,0.0195407820131,0.0195407820131,0.0195407820131,0.0195407820132,0.01954078205,0.0195419009648,0.0195431067502,0.0202520574026,0.385241715778,0.0195407820131,0.019540782014,0.019540782018,0.0195407820467,0.0195407902505,0.019564606927,0.0195422213722,0.0200159616687,0.125023282382,0.0195407820131,0.019540782014,0.0195407820191,0.0
0.0185840509792,0.0185840509797,0.0185843857659,0.0185840509792,0.0185840509797,0.0185842979268,0.0185840509792,0.0185840509792,0.0185840509792,0.0185840509793,0.0185840510077,0.018585954361,0.0185858405724,0.0191315939453,0.416174086161,0.0185840509792,0.0185840509799,0.018584050983,0.0185840510051,0.0185840573204,0.0186181164535,0.0185851590043,0.0189498463965,0.118271846361,0.0185840509792,0.0185840509799,0.0185840509838,0.0
0.0178105078264,0.0178105078267,0.0178111397694,0.0178105078264,0.0178105078267,0.0178109611301,0.0178105078264,0.0178105078264,0.0178105078264,0.0178105078264,0.0178105078479,0.0178135086711,0.0178118647409,0.0182256686586,0.443664463862,0.0178105078264,0.0178105078269,0.0178105078293,0.017810507846,0.0178105126344,0.0178568719469,0.0178113479589,0.0180878631012,0.110327672255,0.0178105078264,0.0178105078269,0.0178105078299,0.0
0.0172005030916,0.0172005030919,0.0172015769978,0.0172005030916,0.0172005030919,0.0172012561247,0.0172005030916,0.0172005030916,0.0172005030916,0.0172005030917,0.0172005031078,0.0172048983711,0.0172015188022,0.017511269323,0.467568116597,0.0172005030916,0.017200503092,0.0172005030938,0.0172005031063,0.0172005066907,0.0172606121682,0.017201131968,0.0174081157728,0.101832947682,0.0172005030916,0.017200503092,0.0172005030943,0.0
0.0167294757028,0.016729475703,0.0167311349904,0.0167294757028,0.016729475703,0.0167306182654,0.0167294757028,0.0167294757028,0.0167294757028,0.0167294757029,0.0167294757148,0.0167354940382,0.0167302279458,0.0169596315496,0.487990198331,0.0167294757028,0.0167294757031,0.0167294757044,0.0167294757137,0.0167294783683,0.0168039709721,0.0167299414534,0.0168832352417,0.0933044575717,0.0167294757028,0.0167294757031,0.0167294757048,0.0
0.0163720094857,0.0163720094859,0.0163743695389,0.0163720094857,0.0163720094859,0.01637361143,0.0163720094857,0.0163720094857,0.0163720094857,0.0163720094857,0.0163720094945,0.0163797772489,0.0163725617812,0.0165409895072,0.505202679031,0.0163720094857,0.0163720094859,0.0163720094869,0.0163720094937,0.0163720114427,0.0164607170749,0.016372351439,0.0164848994711,0.0851138802439,0.0163720094857,0.0163720094859,0.0163720094871,0.0
0.0161045021274,0.0161045021275,0.0161076321818,0.0161045021274,0.0161045021275,0.0161066029816,0.0161045021274,0.0161045021274,0.0161045021274,0.0161045021275,0.0161045021338,0.0161140358465,0.0161049047936,0.0162277016454,0.519566343103,0.0161045021274,0.0161045021276,0.0161045021283,0.0161045021333,0.0161045035542,0.0162065698666,0.0161047514379,0.0161868076667,0.0774981128689,0.0161045021274,0.0161045021276,0.0161045021285,0.0
0.0159065437578,0.0159065437578,0.0159104617488,0.0159065437578,0.0159065437578,0.0159091505524,0.0159065437578,0.0159065437578,0.0159065437578,0.0159065437578,0.0159065437624,0.0159177647546,0.0159068356966,0.0159958652026,0.531470436948,0.0159065437578,0.0159065437579,0.0159065437584,0.015906543762,0.0159065447922,0.0160206527251,0.0159067245115,0.0159662164724,0.0705846464607,0.0159065437578,0.0159065437579,0.0159065437585,0.0
0.0157613452083,0.0157613452083,0.0157660237219,0.0157613452083,0.0157613452083,0.0157644369609,0.0157613452083,0.0157613452083,0.0157613452083,0.0157613452083,0.0157613452116,0.0157741063946,0.0157615559308,0.0158258177564,0.541292767384,0.0157613452083,0.0157613452083,0.0157613452087,0.0157613452113,0.0157613459549,0.0158859286564,0.0157614756769,0.0158044171937,0.0644206010296,0.0157613452083,0.0157613452083,0.0157613452088,0.0
0.0156555857975,0.0156555857975,0.0156609641896,0.0156555857975,0.0156555857975,0.0156591214747,0.0156555857975,0.0156555857975,0.0156555857975,0.0156555857975,0.0156555857999,0.0156697008386,0.0156557373638,0.0157019589591,0.549377358794,0.0156555857975,0.0156555857975,0.0156555857978,0.0156555857997,0.0156555863345,0.0157890128785,0.0156556796397,0.015686566179,0.0589989405839,0.0156555857975,0.0156555857975,0.0156555857979,0.0
0.0155789742188,0.0155789742189,0.015584972119,0.0155789742188,0.0155789742189,0.0155829012637,0.0155789742188,0.0155789742188,0.0155789742188,0.0155789742188,0.0155789742206,0.0155942427031,0.0155790829328,0.015612236277,0.556024795691,0.0155789742188,0.0155789742189,0.0155789742191,0.0155789742204,0.015578974604,0.015719681656,0.015579041529,0.0156011955041,0.0542792882148,0.0155789742188,0.0155789742189,0.0155789742191,0.0
0.0155237156007,0.0155237156007,0.0155302447017,0.0155237156007,0.0155237156007,0.0155279772158,0.0155237156007,0.0155237156007,0.0155237156007,0.0155237156007,0.0155237156019,0.0155399415235,0.0155237934059,0.0155475208447,0.561490593939,0.0155237156007,0.0155237156007,0.0155237156009,0.0155237156018,0.0155237158764,0.0156702881693,0.0155237637737,0.0155396191,0.0502030918359,0.0155237156007,0.0155237156007,0.0155237156009,0.0
0.0154839931778,0.0154839931778,0.015490965988,0.0154839931778,0.0154839931778,0.0154885336412,0.0154839931778,0.0154839931778,0.0154839931778,0.0154839931778,0.0154839931787,0.0155009966146,0.0154840487645,0.0155010004312,0.5659880255,0.0154839931778,0.0154839931779,0.015483993178,0.0154839931786,0.0154839933748,0.0156352026347,0.0154840275943,0.0154953551635,0.0467039594456,0.0154839931778,0.0154839931779,0.015483993178,0.0
0.0154555149419,0.0154555149419,0.0154628504006,0.0154555149419,0.0154555149419,0.0154602829581,0.0154555149419,0.0154555149419,0.0154555149419,0.0154555149419,0.0154555149426,0.0154731380829,0.0154555545994,0.0154676485052,0.569692995627,0.0154555149419,0.0154555149419,0.015455514942,0.0154555149425,0.0154555150825,0.0156103294095,0.0154555394958,0.0154636209758,0.0437142857908,0.0154555149419,0.015455514942,0.015455514942,0.0
0.0154351410235,0.0154351410235,0.0154427675017,0.0154351410235,0.0154351410235,0.0154400914645,0.0154351410235,0.0154351410235,0.0154351410235,0.0154351410235,0.015435141024,0.0154532501321,0.0154351692849,0.0154437878481,0.572749521041,0.0154351410235,0.0154351410235,0.0154351410236,0.0154351410239,0.0154351411237,0.0155927157377,0.0154351585215,0.0154409176821,0.0411692232853,0.0154351410235,0.0154351410235,0.0154351410236,0.0
0.0154205894802,0.0154205894802,0.0154284458754,0.0154205894802,0.0154205894802,0.0154256839687,0.0154205894802,0.0154205894802,0.0154205894802,0.0154205894802,0.0154205894805,0.0154390742276,0.0154206096022,0.015426745992,0.57527502067,0.0154205894802,0.0154205894802,0.0154205894802,0.0154205894805,0.0154205895515,0.0155802473752,0.0154206019387,0.0154247024429,0.0390088466731,0.0154205894802,0.0154205894802,0.0154205894802,0.0
0.0154102102765,0.0154102102765,0.0154182458665,0.0154102102765,0.0154102102765,0.0154154170238,0.0154102102765,0.0154102102765,0.0154102102765,0.0154102102765,0.0154102102768,0.0154289815951,0.015410224593,0.0154145905188,0.577365049783,0.0154102102765,0.0154102102765,0.0154102102766,0.0154102102767,0.0154102103273,0.0155714183181,0.0154102191405,0.0154131365721,0.0371791418369,0.0154102102765,0.0154102102765,0.0154102102766,0.0
0.0154028149905,0.0154028149905,0.0154109885732,0.0154028149905,0.0154028149905,0.0154081082125,0.0154028149905,0.0154028149905,0.0154028149905,0.0154028149905,0.0154028149906,0.0154218022546,0.0154028251703,0.015405929623,0.579097352268,0.0154028149905,0.0154028149905,0.0154028149905,0.0154028149906,0.0154028150265,0.0155651600105,0.0154028212933,0.0154048957738,0.0356322619469,0.0154028149905,0.0154028149905,0.0154028149905,0.0
0.0153975503015,0.0153975503015,0.015405828996,0.0153975503015,0.0153975503015,0.0154029094408,0.0153975503015,0.0153975503015,0.0153975503015,0.0153975503015,0.0153975503016,0.0154166983565,0.0153975575366,0.0153997639491,0.580535235596,0.0153975503015,0.0153975503015,0.0153975503015,0.0153975503016,0.0153975503271,0.0155607164795,0.0153975547811,0.0153990291665,0.0343263505466,0.0153975503015,0.0153975503015,0.0153975503015,0.0
0.0153938049811,0.0153938049811,0.0154021629327,0.0153938049811,0.0153938049811,0.0153992138814,0.0153938049811,0.0153938049811,0.0153938049811,0.0153938049811,0.0153938049812,0.0154130713241,0.0153938101213,0.0153953776645,0.581730333826,0.0153938049811,0.0153938049811,0.0153938049811,0.0153938049812,0.0153938049994,0.0155575540155,0.0153938081637,0.015394855639,0.033225127734,0.0153938049811,0.0153938049811,0.0153938049811,0.0
0.0153911420455,0.0153911420455,0.0153995591806,0.0153911420455,0.0153911420455,0.0153965881642,0.0153911420455,0.0153911420455,0.0153911420455,0.0153911420455,0.0153911420455,0.0154104943133,0.0153911456961,0.015392259001,0.582724845877,0.0153911420455,0.0153911420455,0.0153911420455,0.0153911420455,0.0153911420584,0.0155552963604,0.0153911443058,0.0153918882466,0.0322973640694,0.0153911420455,0.0153911420455,0.0153911420455,0.0
0.015389249557,0.015389249557,0.0153977104631,0.015389249557,0.015389249557,0.0153947232617,0.015389249557,0.015389249557,0.015389249557,0.015389249557,0.0153892495571,0.0154086633802,0.0153892521492,0.0153900426371,0.583553337774,0.015389249557,0.015389249557,0.015389249557,0.0153892495571,0.0153892495662,0.0155536784808,0.0153892511619,0.0153897793877,0.0315163188251,0.015389249557,0.015389249557,0.015389249557,0.0
0.0153879051121,0.0153879051121,0.0153963980729,0.0153879051121,0.0153879051121,0.0153933990758,0.0153879051121,0.0153879051121,0.0153879051121,0.0153879051121,0.0153879051121,0.0154073623352,0.0153879069522,0.0153884681074,0.584244189612,0.0153879051121,0.0153879051121,0.0153879051121,0.0153879051121,0.0153879051186,0.0155525137487,0.0153879062514,0.0153882812307,0.0308591877006,0.0153879051121,0.0153879051121,0.0153879051121,0.0
0.0153869502969,0.0153869502969,0.0153954664881,0.0153869502969,0.0153869502969,0.015392458996,0.0153869502969,0.0153869502969,0.0153869502969,0.0153869502969,0.0153869502969,0.0154064375374,0.0153869516029,0.0153873498876,0.584820756462,0.0153869502969,0.0153869502969,0.0153869502969,0.0153869502969,0.0153869503015,0.0155516707238,0.0153869511055,0.0153872172503,0.0303065848941,0.0153869502969,0.0153869502969,0.0153869502969,0.0
0.0153862723653,0.0153862723653,0.0153948051988,0.0153862723653,0.0153862723653,0.0153917916702,0.0153862723653,0.0153862723653,0.0153862723653,0.0153862723653,0.0153862723653,0.015405779867,0.0153862732921,0.0153865559366,0.585302300586,0.0153862723653,0.0153862723653,0.0153862723653,0.0153862723653,0.0153862723686,0.0155510567728,0.0153862729391,0.0153864618099,0.0298420717144,0.0153862723653,0.0153862723653,0.0153862723653,0.0
0.0153857911251,0.0153857911251,0.0153943357246,0.0153857911251,0.0153857911251,0.0153913179737,0.0153857911251,0.0153857911251,0.0153857911251,0.0153857911251,0.0153857911251,0.0154053118598,0.0153857917827,0.0153859923382,0.585704741447,0.0153857911251,0.0153857911251,0.0153857911251,0.0153857911251,0.0153857911274,0.0155506065363,0.0153857915323,0.0153859255489,0.0294517361278,0.0153857911251,0.0153857911251,0.0153857911251,0.0
0.0153854495681,0.0153854495681,0.0153940023559,0.0153854495681,0.0153854495681,0.0153909817085,0.0153854495681,0.0153854495681,0.0153854495681,0.0153854495681,0.0153854495681,0.0154049785399,0.0153854500347,0.0153855923281,0.586041260717,0.0153854495681,0.0153854495681,0.0153854495681,0.0153854495681,0.0153854495698,0.0155502738207,0.015385449857,0.0153855449414,0.0291238230371,0.0153854495681,0.0153854495681,0.0153854495681,0.0
0.015385207185,0.015385207185,0.01539376556,0.015385207185,0.015385207185,0.0153907429751,0.015385207185,0.015385207185,0.015385207185,0.015385207185,0.015385207185,0.0154047408979,0.0153852075161,0.0153853084642,0.586322791777,0.015385207185,0.015385207185,0.015385207185,0.015385207185,0.0153852071862,0.0155500259049,0.01538520739,0.0153852748463,0.0288484125219,0.015385207185,0.015385207185,0.015385207185,0.0
0.0153850352002,0.0153850352002,0.0153935972902,0.0153850352002,0.0153850352002,0.0153905734535,0.0153850352002,0.0153850352002,0.0153850352002,0.0153850352002,0.0153850352002,0.0154045712548,0.015385035435,0.0153851070463,0.586558417057,0.0153850352002,0.0153850352002,0.0153850352002,0.0153850352002,0.015385035201,0.0155498395446,0.0153850353456,0.0153850831982,0.028617141971,0.0153850352002,0.0153850352002,0.0153850352002,0.0
0.015384913179,0.015384913179,0.0153934776517,0.015384913179,0.015384913179,0.0153904530469,0.015384913179,0.015384913179,0.015384913179,0.015384913179,0.015384913179,0.0154044499689,0.0153849133456,0.0153849641428,0.5867556916,0.015384913179,0.015384913179,0.015384913179,0.015384913179,0.0153849131796,0.0155496981692,0.0153849132821,0.0153849472262,0.0284229675225,0.015384913179,0.015384913179,0.015384913179,0.0
0.0153848266135,0.0153848266135,0.0153933925329,0.0153848266135,0.0153848266135,0.0153903674963,0.0153848266135,0.0153848266135,0.0153848266135,0.0153848266135,0.0153848266135,0.0154043630998,0.0153848267317,0.0153848627627,0.586920907405,0.0153848266135,0.0153848266135,0.0153848266135,0.0153848266135,0.0153848266139,0.0155495899163,0.0153848266867,0.0153848507636,0.0282599601745,0.0153848266135,0.0153848266135,0.0153848266135,0.0
0.0153847652056,0.0153847652056,0.0153933319247,0.0153847652056,0.0153847652056,0.0153903066851,0.0153847652056,0.0153847652056,0.0153847652056,0.0153847652056,0.0153847652056,0.0154043007496,0.0153847652894,0.0153847908455,0.587059310024,0.0153847652056,0.0153847652056,0.0153847652056,0.0153847652056,0.0153847652059,0.0155495062512,0.0153847652574,0.0153847823348,0.0281231321431,0.0153847652056,0.0153847652056,0.0153847652056,0.0
0.0153847216464,0.0153847216464,0.015393288727,0.0153847216464,0.0153847216464,0.0153902634363,0.0153847216464,0.0153847216464,0.0153847216464,0.0153847216464,0.0153847216464,0.0154042558879,0.0153847217058,0.0153847398317,0.587175276554,0.0153847216464,0.0153847216464,0.0153847216464,0.0153847216464,0.0153847216466,0.015549440998,0.0153847216832,0.0153847337954,0.0280082893923,0.0153847216464,0.0153847216464,0.0153847216464,0.0
0.0153846907495,0.0153846907495,0.0153932579028,0.0153846907495,0.0153846907495,0.015390232658,0.0153846907495,0.0153846907495,0.0153846907495,0.0153846907495,0.0153846907495,0.0154042235177,0.0153846907917,0.0153847036473,0.587272462271,0.0153846907495,0.0153846907495,0.0153846907495,0.0153846907495,0.0153846907497,0.0155493896585,0.0153846907756,0.0153846993661,0.0279119066693,0.0153846907495,0.0153846907495,0.0153846907495,0.0
0.015384668835,0.015384668835,0.0153932358777,0.015384668835,0.015384668835,0.0153902107375,0.015384668835,0.015384668835,0.015384668835,0.015384668835,0.015384668835,0.015404200085,0.0153846688649,0.0153846779824,0.587353921724,0.015384668835,0.015384668835,0.015384668835,0.015384668835,0.0153846688351,0.0155493489325,0.0153846688535,0.0153846749461,0.0278310218006,0.015384668835,0.015384668835,0.015384668835,0.0
0.015384653292,0.015384653292,0.0153932201147,0.015384653292,0.015384653292,0.0153901951113,0.015384653292,0.015384653292,0.015384653292,0.015384653292,0.015384653292,0.0154041830595,0.0153846533132,0.0153846597794,0.58742220894,0.015384653292,0.015384653292,0.015384653292,0.015384653292,0.0153846532921,0.015549316379,0.0153846533052,0.015384657626,0.0277631464075,0.015384653292,0.015384653292,0.015384653292,0.0
0.0153846422684,0.0153846422684,0.0153932088122,0.0153846422684,0.0153846422684,0.0153901839599,0.0153846422684,0.0153846422684,0.0153846422684,0.0153846422684,0.0153846422684,0.0154041706378,0.0153846422834,0.0153846468692,0.587479460496,0.0153846422684,0.0153846422684,0.0153846422684,0.0153846422684,0.0153846422684,0.0155492901772,0.0153846422777,0.015384645342,0.0277061905818,0.0153846422684,0.0153846422684,0.0153846422684,0.0
0.0153846344502,0.0153846344502,0.0153932006904,0.0153846344502,0.0153846344502,0.0153901759917,0.0153846344502,0.0153846344502,0.0153846344502,0.0153846344502,0.0153846344502,0.015404161533,0.0153846344609,0.015384637713,0.587527464517,0.0153846344502,0.0153846344502,0.0153846344502,0.0153846344502,0.0153846344502,0.0155492689565,0.0153846344568,0.01538463663,0.0276583993972,0.0153846344502,0.0153846344502,0.0153846344502,0.0
0.0153846289055,0.0153846289055,0.0153931948396,0.0153846289055,0.0153846289055,0.0153901702896,0.0153846289055,0.0153846289055,0.0153846289055,0.0153846289055,0.0153846289055,0.0154041548251,0.0153846289131,0.0153846312194,0.587567718042,0.0153846289055,0.0153846289055,0.0153846289055,0.0153846289055,0.0153846289055,0.0155492516753,0.0153846289102,0.0153846304514,0.027618299441,0.0153846289055,0.0153846289055,0.0153846289055,0.0
0.0153846249732,0.0153846249732,0.0153931906126,0.0153846249732,0.0153846249732,0.015390166202,0.0153846249732,0.0153846249732,0.0153846249732,0.0153846249732,0.0153846249732,0.0154041498552,0.0153846249786,0.0153846266142,0.5876014748,0.0153846249732,0.0153846249732,0.0153846249732,0.0153846249732,0.0153846249732,0.0155492375345,0.0153846249765,0.0153846260695,0.0275846538123,0.0153846249732,0.0153846249732,0.0153846249732,0.0
0.0153846221845,0.0153846221845,0.0153931875488,0.0153846221845,0.0153846221845,0.0153901632659,0.0153846221845,0.0153846221845,0.0153846221845,0.0153846221845,0.0153846221845,0.0154041461508,0.0153846221883,0.0153846233483,0.587629785029,0.0153846221845,0.0153846221845,0.0153846221845,0.0153846221845,0.0153846221845,0.0155492259153,0.0153846221869,0.015384622962,0.027556424268,0.0153846221845,0.0153846221845,0.0153846221845,0.0
0.0153846202068,0.0153846202068,0.0153931853198,0.0153846202068,0.0153846202068,0.0153901611519,0.0153846202068,0.0153846202068,0.0153846202068,0.0153846202068,0.0153846202068,0.0154041433717,0.0153846202095,0.0153846210321,0.587653528705,0.0153846202068,0.0153846202068,0.0153846202068,0.0153846202068,0.0153846202068,0.0155492163341,0.0153846202085,0.0153846207582,0.027532739393,0.0153846202068,0.0153846202068,0.0153846202068,0.0
0.0153846188043,0.0153846188043,0.0153931836915,0.0153846188043,0.0153846188043,0.0153901596259,0.0153846188043,0.0153846188043,0.0153846188043,0.0153846188043,0.0153846188043,0.0154041412725,0.0153846188062,0.0153846193896,0.587673443282,0.0153846188043,0.0153846188043,0.0153846188043,0.0153846188043,0.0153846188043,0.0155492084095,0.0153846188055,0.0153846191953,0.0275128678489,0.0153846188043,0.0153846188043,0.0153846188043,0.0
0.0153846178097,0.0153846178097,0.0153931824964,0.0153846178097,0.0153846178097,0.0153901585208,0.0153846178097,0.0153846178097,0.0153846178097,0.0153846178097,0.0153846178097,0.0154041396756,0.0153846178111,0.0153846182247,0.587690146875,0.0153846178097,0.0153846178097,0.0153846178097,0.0153846178097,0.0153846178097,0.0155492018384,0.0153846178105,0.015384618087,0.0274961958952,0.0153846178097,0.0153846178097,0.0153846178097,0.0
0.0153846171044,0.0153846171044,0.0153931816148,0.0153846171044,0.0153846171044,0.0153901577179,0.0153846171044,0.0153846171044,0.0153846171044,0.0153846171044,0.0153846171044,0.0154041384519,0.0153846171053,0.0153846173987,0.587704157647,0.0153846171044,0.0153846171044,0.0153846171044,0.0153846171044,0.0153846171044,0.015549196378,0.015384617105,0.015384617301,0.0274822085063,0.0153846171044,0.0153846171044,0.0153846171044,0.0
0.0153846166042,0.0153846166042,0.0153931809608,0.0153846166042,0.0153846166042,0.0153901571322,0.0153846166042,0.0153846166042,0.0153846166042,0.0153846166042,0.0153846166042,0.0154041375074,0.0153846166049,0.0153846168129,0.587715910017,0.0153846166042,0.0153846166042,0.0153846166042,0.0153846166042,0.0153846166042,0.0155491918325,0.0153846166046,0.0153846167436,0.0274704735136,0.0153846166042,0.0153846166042,0.0153846166042,0.0
0.0153846162495,0.0153846162495,0.0153931804728,0.0153846162495,0.0153846162495,0.0153901567032,0.0153846162495,0.0153846162495,0.0153846162495,0.0153846162495,0.0153846162495,0.0154041367729,0.0153846162499,0.0153846163975,0.587725768234,0.0153846162495,0.0153846162495,0.0153846162495,0.0153846162495,0.0153846162495,0.0155491880431,0.0153846162498,0.0153846163483,0.0274606282881,0.0153846162495,0.0153846162495,0.0153846162495,0.0
0.0153846159979,0.0153846159979,0.0153931801062,0.0153846159979,0.0153846159979,0.0153901563873,0.0153846159979,0.0153846159979,0.0153846159979,0.0153846159979,0.0153846159979,0.0154041361977,0.0153846159983,0.0153846161029,0.587734037736,0.0153846159979,0.0153846159979,0.0153846159979,0.0153846159979,0.0153846159979,0.0155491848801,0.0153846159981,0.015384616068,0.0274523685609,0.0153846159979,0.0153846159979,0.0153846159979,0.0
0.0153846158195,0.0153846158195,0.0153931798291,0.0153846158195,0.0153846158195,0.0153901561536,0.0153846158195,0.0153846158195,0.0153846158195,0.0153846158195,0.0153846158195,0.0154041357441,0.0153846158198,0.015384615894,0.587740974664,0.0153846158195,0.0153846158195,0.0153846158195,0.0153846158195,0.0153846158195,0.0155491822374,0.0153846158197,0.0153846158693,0.0274454390373,0.0153846158195,0.0153846158195,0.0153846158195,0.0
0.015384615693,0.015384615693,0.015393179618,0.015384615693,0.015384615693,0.0153901559796,0.015384615693,0.015384615693,0.015384615693,0.015384615693,0.015384615693,0.015404135384,0.0153846156932,0.0153846157458,0.58774679383,0.015384615693,0.015384615693,0.015384615693,0.015384615693,0.015384615693,0.0155491800276,0.0153846156931,0.0153846157283,0.0274396255185,0.015384615693,0.015384615693,0.015384615693,0.0
0.0153846156033,0.0153846156033,0.0153931794562,0.0153846156033,0.0153846156033,0.0153901558493,0.0153846156033,0.0153846156033,0.0153846156033,0.0153846156033,0.0153846156033,0.0154041350964,0.0153846156035,0.0153846156408,0.587751675397,0.0153846156033,0.0153846156033,0.0153846156033,0.0153846156033,0.0153846156033,0.0155491781785,0.0153846156034,0.0153846156283,0.0274347482898,0.0153846156033,0.0153846156033,0.0153846156033,0.0
0.0153846155397,0.0153846155397,0.0153931793311,0.0153846155397,0.0153846155397,0.0153901557511,0.0153846155397,0.0153846155397,0.0153846155397,0.0153846155397,0.0153846155397,0.0154041348653,0.0153846155398,0.0153846155663,0.587755770472,0.0153846155397,0.0153846155397,0.0153846155397,0.0153846155397,0.0153846155397,0.0155491766305,0.0153846155398,0.0153846155575,0.0274306565712,0.0153846155397,0.0153846155397,0.0153846155397,0.0
0.0153846154946,0.0153846154946,0.0153931792339,0.0153846154946,0.0153846154946,0.0153901556766,0.0153846154946,0.0153846154946,0.0153846154946,0.0153846154946,0.0153846154946,0.0154041346787,0.0153846154947,0.0153846155134,0.587759205798,0.0153846154946,0.0153846154946,0.0153846154946,0.0153846154946,0.0153846154946,0.0155491753339,0.0153846154946,0.0153846155072,0.0274272238604,0.0153846154946,0.0153846154946,0.0153846154946,0.0
0.0153846154626,0.0153846154626,0.0153931791576,0.0153846154626,0.0153846154626,0.0153901556196,0.0153846154626,0.0153846154626,0.0153846154626,0.0153846154626,0.0153846154626,0.0154041345272,0.0153846154627,0.015384615476,0.587762087686,0.0153846154626,0.0153846154626,0.0153846154626,0.0153846154626,0.0153846154626,0.0155491742476,0.0153846154626,0.0153846154715,0.0274243440248,0.0153846154626,0.0153846154626,0.0153846154626,0.0
0.0153846154399,0.0153846154399,0.0153931790975,0.0153846154399,0.0153846154399,0.0153901555758,0.0153846154399,0.0153846154399,0.0153846154399,0.0153846154399,0.0153846154399,0.0154041344037,0.01538461544,0.0153846154494,0.587764505309,0.0153846154399,0.0153846154399,0.0153846154399,0.0153846154399,0.0153846154399,0.0155491733371,0.0153846154399,0.0153846154463,0.0274219280226,0.0153846154399,0.0153846154399,0.0153846154399,0.0
0.0153846154238,0.0153846154238,0.0153931790497,0.0153846154238,0.0153846154238,0.0153901555418,0.0153846154238,0.0153846154238,0.0153846154238,0.0153846154238,0.0153846154238,0.0154041343027,0.0153846154239,0.0153846154306,0.587766533469,0.0153846154238,0.0153846154238,0.0153846154238,0.0153846154238,0.0153846154238,0.0155491725738,0.0153846154239,0.0153846154283,0.0274199011508,0.0153846154238,0.0153846154238,0.0153846154238,0.0
0.0153846154124,0.0153846154124,0.0153931790116,0.0153846154124,0.0153846154124,0.0153901555152,0.0153846154124,0.0153846154124,0.0153846154124,0.0153846154124,0.0153846154124,0.0154041342197,0.0153846154124,0.0153846154172,0.587768234914,0.0153846154124,0.0153846154124,0.0153846154124,0.0153846154124,0.0153846154124,0.0155491719339,0.0153846154124,0.0153846154156,0.0274182007369,0.0153846154124,0.0153846154124,0.0153846154124,0.0
0.0153846154043,0.0153846154043,0.0153931789809,0.0153846154043,0.0153846154043,0.0153901554944,0.0153846154043,0.0153846154043,0.0153846154043,0.0153846154043,0.0153846154043,0.0154041341514,0.0153846154044,0.0153846154077,0.587769662278,0.0153846154043,0.0153846154043,0.0153846154043,0.0153846154043,0.0153846154043,0.0155491713973,0.0153846154043,0.0153846154066,0.0274167742016,0.0153846154043,0.0153846154043,0.0153846154043,0.0
0.0153846153986,0.0153846153986,0.0153931789562,0.0153846153986,0.0153846153986,0.0153901554779,0.0153846153986,0.0153846153986,0.0153846153986,0.0153846153986,0.0153846153986,0.0154041340949,0.0153846153986,0.015384615401,0.587770859716,0.0153846153986,0.0153846153986,0.0153846153986,0.0153846153986,0.0153846153986,0.0155491709472,0.0153846153986,0.0153846154002,0.0274155774336,0.0153846153986,0.0153846153986,0.0153846153986,0.0
0.0153846153945,0.0153846153945,0.0153931789361,0.0153846153945,0.0153846153945,0.0153901554647,0.0153846153945,0.0153846153945,0.0153846153945,0.0153846153945,0.0153846153945,0.0154041340482,0.0153846153945,0.0153846153962,0.587771864267,0.0153846153945,0.0153846153945,0.0153846153945,0.0153846153945,0.0153846153945,0.0155491705697,0.0153846153945,0.0153846153957,0.0274145734258,0.0153846153945,0.0153846153945,0.0153846153945,0.0
0.0153846153916,0.0153846153916,0.0153931789197,0.0153846153916,0.0153846153916,0.0153901554542,0.0153846153916,0.0153846153916,0.0153846153916,0.0153846153916,0.0153846153916,0.0154041340095,0.0153846153917,0.0153846153929,0.587772707005,0.0153846153916,0.0153846153916,0.0153846153916,0.0153846153916,0.0153846153916,0.0155491702531,0.0153846153917,0.0153846153925,0.0274137311315,0.0153846153916,0.0153846153916,0.0153846153916,0.0
0.0153846153896,0.0153846153896,0.0153931789063,0.0153846153896,0.0153846153896,0.0153901554457,0.0153846153896,0.0153846153896,0.0153846153896,0.0153846153896,0.0153846153896,0.0154041339773,0.0153846153896,0.0153846153905,0.587773413996,0.0153846153896,0.0153846153896,0.0153846153896,0.0153846153896,0.0153846153896,0.0155491699875,0.0153846153896,0.0153846153902,0.0274130245041,0.0153846153896,0.0153846153896,0.0153846153896,0.0
0.0153846153882,0.0153846153882,0.0153931788953,0.0153846153882,0.0153846153882,0.0153901554388,0.0153846153882,0.0153846153882,0.0153846153882,0.0153846153882,0.0153846153882,0.0154041339506,0.0153846153882,0.0153846153888,0.587774007106,0.0153846153882,0.0153846153882,0.0153846153882,0.0153846153882,0.0153846153882,0.0155491697648,0.0153846153882,0.0153846153886,0.0274124316924,0.0153846153882,0.0153846153882,0.0153846153882,0.0
0.0153846153871,0.0153846153871,0.0153931788862,0.0153846153871,0.0153846153871,0.0153901554333,0.0153846153871,0.0153846153871,0.0153846153871,0.0153846153871,0.0153846153871,0.0154041339283,0.0153846153871,0.0153846153876,0.58777450468,0.0153846153871,0.0153846153871,0.0153846153871,0.0153846153871,0.0153846153871,0.0155491695778,0.0153846153871,0.0153846153874,0.0274119343643,0.0153846153871,0.0153846153871,0.0153846153871,0.0
0.0153846153864,0.0153846153864,0.0153931788787,0.0153846153864,0.0153846153864,0.0153901554287,0.0153846153864,0.0153846153864,0.0153846153864,0.0153846153864,0.0153846153864,0.0154041339097,0.0153846153864,0.0153846153867,0.587774922107,0.0153846153864,0.0153846153864,0.0153846153864,0.0153846153864,0.0153846153864,0.0155491694211,0.0153846153864,0.0153846153866,0.0274115171405,0.0153846153864,0.0153846153864,0.0153846153864,0.0
0.0153846153859,0.0153846153859,0.0153931788725,0.0153846153859,0.0153846153859,0.015390155425,0.0153846153859,0.0153846153859,0.0153846153859,0.0153846153859,0.0153846153859,0.0154041338942,0.0153846153859,0.0153846153861,0.587775272296,0.0153846153859,0.0153846153859,0.0153846153859,0.0153846153859,0.0153846153859,0.0155491692895,0.0153846153859,0.015384615386,0.0274111671188,0.0153846153859,0.0153846153859,0.0153846153859,0.0
0.0153846153855,0.0153846153855,0.0153931788674,0.0153846153855,0.0153846153855,0.0153901554219,0.0153846153855,0.0153846153855,0.0153846153855,0.0153846153855,0.0153846153855,0.0154041338812,0.0153846153855,0.0153846153857,0.587775566079,0.0153846153855,0.0153846153855,0.0153846153855,0.0153846153855,0.0153846153855,0.0155491691792,0.0153846153855,0.0153846153856,0.0274108734751,0.0153846153855,0.0153846153855,0.0153846153855,0.0
0.0153846153852,0.0153846153852,0.0153931788631,0.0153846153852,0.0153846153852,0.0153901554194,0.0153846153852,0.0153846153852,0.0153846153853,0.0153846153852,0.0153846153852,0.0154041338704,0.0153846153853,0.0153846153854,0.587775812542,0.0153846153852,0.0153846153852,0.0153846153852,0.0153846153852,0.0153846153852,0.0155491690866,0.0153846153853,0.0153846153853,0.0274106271285,0.0153846153852,0.0153846153852,0.0153846153852,0.0
0.0153846153851,0.0153846153851,0.0153931788596,0.0153846153851,0.0153846153851,0.0153901554173,0.0153846153851,0.0153846153851,0.0153846153851,0.0153846153851,0.0153846153851,0.0154041338613,0.0153846153851,0.0153846153852,0.587776019305,0.0153846153851,0.0153846153851,0.0153846153851,0.0153846153851,0.0153846153851,0.0155491690089,0.0153846153851,0.0153846153851,0.027410420461,0.0153846153851,0.0153846153851,0.0153846153851,0.0
0.0153846153849,0.0153846153849,0.0153931788566,0.0153846153849,0.0153846153849,0.0153901554155,0.0153846153849,0.0153846153849,0.0153846153849,0.0153846153849,0.0153846153849,0.0154041338537,0.0153846153849,0.015384615385,0.587776192765,0.0153846153849,0.0153846153849,0.0153846153849,0.0153846153849,0.0153846153849,0.0155491689438,0.0153846153849,0.015384615385,0.0274102470815,0.0153846153849,0.0153846153849,0.0153846153849,0.0
0.0153846153848,0.0153846153848,0.0153931788541,0.0153846153848,0.0153846153848,0.0153901554141,0.0153846153848,0.0153846153848,0.0153846153848,0.0153846153848,0.0153846153848,0.0154041338474,0.0153846153848,0.0153846153849,0.587776338285,0.0153846153848,0.0153846153848,0.0153846153848,0.0153846153848,0.0153846153848,0.0155491688891,0.0153846153848,0.0153846153849,0.0274101016283,0.0153846153848,0.0153846153848,0.0153846153848,0.0
0.0153846153848,0.0153846153848,0.0153931788521,0.0153846153848,0.0153846153848,0.0153901554129,0.0153846153848,0.0153846153848,0.0153846153848,0.0153846153848,0.0153846153848,0.015404133842,0.0153846153848,0.0153846153848,0.587776460366,0.0153846153848,0.0153846153848,0.0153846153848,0.0153846153848,0.0153846153848,0.0155491688432,0.0153846153848,0.0153846153848,0.0274099796034,0.0153846153848,0.0153846153848,0.0153846153848,0.0
0.0153846153847,0.0153846153847,0.0153931788504,0.0153846153847,0.0153846153847,0.0153901554119,0.0153846153847,0.0153846153847,0.0153846153847,0.0153846153847,0.0153846153847,0.0154041338376,0.0153846153847,0.0153846153848,0.587776562783,0.0153846153847,0.0153846153847,0.0153846153847,0.0153846153847,0.0153846153847,0.0155491688047,0.0153846153847,0.0153846153847,0.027409877233,0.0153846153847,0.0153846153847,0.0153846153847,0.0
0.0153846153847,0.0153846153847,0.0153931788489,0.0153846153847,0.0153846153847,0.0153901554111,0.0153846153847,0.0153846153847,0.0153846153847,0.0153846153847,0.0153846153847,0.0154041338339,0.0153846153847,0.0153846153847,0.587776648704,0.0153846153847,0.0153846153847,0.0153846153847,0.0153846153847,0.0153846153847,0.0155491687725,0.0153846153847,0.0153846153847,0.0274097913515,0.0153846153847,0.0153846153847,0.0153846153847,0.0
0.0153846153847,0.0153846153847,0.0153931788477,0.0153846153847,0.0153846153847,0.0153901554104,0.0153846153847,0.0153846153847,0.0153846153847,0.0153846153847,0.0153846153847,0.0154041338307,0.0153846153847,0.0153846153847,0.587776720785,0.0153846153847,0.0153846153847,0.0153846153847,0.0153846153847,0.0153846153847,0.0155491687454,0.0153846153847,0.0153846153847,0.027409719303,0.0153846153847,0.0153846153847,0.0153846153847,0.0
0.0153846153847,0.0153846153847,0.0153931788467,0.0153846153847,0.0153846153847,0.0153901554098,0.0153846153847,0.0153846153847,0.0153846153847,0.0153846153847,0.0153846153847,0.0154041338281,0.0153846153847,0.0153846153847,0.587776781256,0.0153846153847,0.0153846153847,0.0153846153847,0.0153846153847,0.0153846153847,0.0155491687227,0.0153846153847,0.0153846153847,0.0274096588594,0.0153846153847,0.0153846153847,0.0153846153847,0.0
0.0153846153846,0.0153846153846,0.0153931788459,0.0153846153846,0.0153846153846,0.0153901554093,0.0153846153846,0.0153846153846,0.0153846153846,0.0153846153846,0.0153846153846,0.0154041338259,0.0153846153846,0.0153846153847,0.587776831986,0.0153846153846,0.0153846153846,0.0153846153846,0.0153846153846,0.0153846153846,0.0155491687036,0.0153846153846,0.0153846153847,0.0274096081514,0.0153846153846,0.0153846153846,0.0153846153846,0.0
0.0153846153846,0.0153846153846,0.0153931788452,0.0153846153846,0.0153846153846,0.0153901554089,0.0153846153846,0.0153846153846,0.0153846153846,0.0153846153846,0.0153846153846,0.0154041338241,0.0153846153846,0.0153846153847,0.587776874546,0.0153846153846,0.0153846153846,0.0153846153846,0.0153846153846,0.0153846153846,0.0155491686876,0.0153846153846,0.0153846153846,0.0274095656111,0.0153846153846,0.0153846153846,0.0153846153846,0.0
