0.0 0.0,0.0 1.0,0.0 2.0,0.0 3.0,0.0 4.0,1.0 0.0,1.0 1.0,1.0 2.0,1.0 3.0,1.0 4.0,2.0 0.0,2.0 1.0,2.0 2.0,2.0 3.0,2.0 4.0,3.0 0.0,3.0 1.0,3.0 2.0,3.0 3.0,3.0 4.0,4.0 0.0,4.0 1.0,4.0 2.0,4.0 3.0,4.0 4.0,other
0.04,0.04,0.04,0.04,0.04,0.04,0.04,0.04,0.04,0.04,0.04,0.04,0.04,0.04,0.04,0.04,0.04,0.04,0.04,0.04,0.04,0.04,0.04,0.04,0.04,0.0
0.0386217948718,0.0386217948718,0.0386217948718,0.0386217948718,0.038621794941,0.0386217948718,0.0386217948718,0.0386217948718,0.0386217948718,0.0386217948718,0.0386217948718,0.0386217948718,0.0386217948718,0.0386217948718,0.0386217948718,0.0386217948718,0.0386217948718,0.0386217948718,0.0386217948718,0.0386217948718,0.0386217948718,0.0386217948718,0.0386217948718,0.0386266124593,0.0730721054201,0.0
0.0362755684823,0.0362755684823,0.0362755684823,0.0362755684823,0.0362755692488,0.0362755684823,0.0362755684823,0.0362755684823,0.0362755684823,0.0362755684823,0.0362755684823,0.0362755684823,0.0362755684823,0.0362755684823,0.0362755684823,0.0362755684823,0.0362755684823,0.0362755684823,0.0362755684823,0.0362755684823,0.0362755684823,0.0362755684823,0.0362755684823,0.0362811847431,0.129380739397,0.0
0.0325972151505,0.0325972151505,0.0325972151505,0.0325972151507,0.0325972520023,0.0325972151505,0.0325972151505,0.0325972151505,0.0325972151505,0.0325972151505,0.0325972151505,0.0325972151505,0.0325972151505,0.0325972151505,0.0325972151505,0.0325972151505,0.0325972151505,0.0325972151505,0.0325972151505,0.0325972151505,0.0325972151505,0.0325972151505,0.0325972151505,0.0326022828822,0.217661731803,0.0
0.0275177206209,0.0275177206209,0.0275177206209,0.0275177206224,0.0275351557509,0.0275177206209,0.0275177206209,0.0275177206209,0.0275177206209,0.0275177206209,0.0275177206209,0.0275177206209,0.0275177206209,0.0275177206209,0.0275177206231,0.0275177206209,0.0275177206209,0.0275177206209,0.0275177206209,0.0275177206209,0.0275177206209,0.0275177206209,0.0275177206209,0.027521884886,0.339553105701,0.0
0.0257479283696,0.0257479283696,0.0257479283696,0.0257479283803,0.0445815211588,0.0257479283696,0.0257479283696,0.0257479283696,0.0257479283696,0.0257479283696,0.0257479283696,0.0257479283696,0.0257479283696,0.0257479283696,0.0257479632846,0.0257479283696,0.0257479283696,0.0257479283696,0.0257479283696,0.0257479283696,0.0257479283696,0.0257479283696,0.0257479283696,0.0257517770242,0.363212242759,0.0
0.0247651427702,0.0247651427702,0.0247651427702,0.0247651427851,0.0804853294484,0.0247651427702,0.0247651427702,0.0247651427702,0.0247651427702,0.0247651427702,0.0247651427702,0.0247651427702,0.0247651427702,0.0247651427702,0.0247652785798,0.0247651427702,0.0247651427702,0.0247651427702,0.0247651427702,0.0247651427702,0.0247651427702,0.0247651427702,0.0247651427702,0.0247688161616,0.34991257762,0.0
0.023222165437,0.023222165437,0.023222165437,0.0232221654611,0.141347697007,0.023222165437,0.023222165437,0.023222165437,0.023222165437,0.023222165437,0.023222165437,0.023222165437,0.023222165437,0.023222165437,0.0232224524217,0.023222165437,0.023222165437,0.023222165437,0.023222165437,0.023222165437,0.023222165437,0.023222165437,0.023222165437,0.0232255636643,0.324538812707,0.0
0.0208619721733,0.0208619721733,0.0208619721733,0.02086197224,0.235281138586,0.0208619721733,0.0208619721733,0.0208619721733,0.0208619721733,0.0208619721733,0.0208619721733,0.0208619721733,0.0208619721733,0.0208619721733,0.020862546278,0.0208619721733,0.0208619721733,0.0208619721733,0.0208619721733,0.0208619721733,0.0208619721733,0.0208619721733,0.0208619721733,0.0208649494999,0.284889949931,0.0
0.0176821982979,0.0176821982979,0.0176821982979,0.0176821988016,0.361881569926,0.0176821982979,0.0176821982979,0.0176821982979,0.0176821982979,0.0176821982979,0.0176821982979,0.0176821982979,0.0176821982979,0.0176821982979,0.0176835878565,0.0176821982979,0.0176821982979,0.0176821982979,0.0176821982979,0.0176821982979,0.0176821982979,0.0176821982979,0.0176821982979,0.0176846085654,0.231424068893,0.0
0.014091643301,0.014091643301,0.014091643301,0.0140916534064,0.504835078093,0.014091643301,0.014091643301,0.014091643301,0.014091643301,0.014091643301,0.014091643301,0.014091643301,0.014091643301,0.0140916433042,0.0140964376639,0.014091643301,0.014091643301,0.014091643301,0.014091643301,0.014091643301,0.014091643301,0.014091643301,0.014091643301,0.0140934132535,0.17105055156,0.0
0.0107667270285,0.0107667270285,0.0107667270285,0.0107670377698,0.637199066198,0.0107667270285,0.0107667270285,0.0107667270285,0.0107667270285,0.0107667270285,0.0107667270285,0.0107667270285,0.0107667270285,0.0107667276805,0.0107878262435,0.0107667270285,0.0107667270285,0.0107667270285,0.0107667270285,0.0107667270285,0.0107667270285,0.0107667270285,0.0107667270285,0.0107679040381,0.115143624529,0.0
0.00821855561021,0.00821855561021,0.00821855562015,0.00822570225616,0.73858331835,0.00821855561021,0.00821855561021,0.00821855561021,0.00821855561021,0.00821855561021,0.00821855561021,0.00821855561021,0.00821855561034,0.00821864119158,0.00830320096831,0.00821855561021,0.00821855561021,0.00821855561021,0.00821855561021,0.00821855561021,0.00821855561021,0.00821855561021,0.00821855561021,0.00821927819639,0.0722973024336,0.0
0.00655832856134,0.00655832856134,0.00655833099545,0.00663312036497,0.804456139131,0.00655832856134,0.00655832856134,0.00655832856134,0.00655832856134,0.00655832856134,0.00655832856134,0.00655832856134,0.00655832867473,0.00656166958913,0.00680071701035,0.00655832856134,0.00655832856134,0.00655832856134,0.00655832856134,0.00655832856134,0.00655832856134,0.00655832856134,0.00655832856134,0.00655875507397,0.0443813536173,0.0
0.00560750455206,0.00560750455206,0.00560758401846,0.00594184895629,0.841783800674,0.00560750455206,0.00560750455206,0.00560750455206,0.00560750455206,0.00560750455206,0.00560750455206,0.00560750455206,0.0056075133218,0.00564144161155,0.0060887842118,0.00560750455206,0.00560750455206,0.00560750455206,0.00560750455206,0.00560750455206,0.00560750455206,0.00560750455206,0.00560750455206,0.00560776150124,0.0283936883193,0.0
0.00508859137156,0.00508859137156,0.00508915020875,0.0059099966087,0.861608954313,0.00508859137156,0.00508859137156,0.00508859137156,0.00508859137156,0.00508859137156,0.00508859137156,0.00508859137156,0.00508869030356,0.0052162617039,0.00582373421677,0.00508859137156,0.00508859137156,0.00508859137156,0.00508859137156,0.00508859137156,0.00508859137156,0.00508859137156,0.00508859137156,0.00508875578131,0.0196684035477,0.0
0.00479067335229,0.00479067335229,0.0047923642195,0.00625774601603,0.872439278721,0.00479067335229,0.00479067335229,0.00479067335229,0.00479067335229,0.00479067335229,0.00479067335229,0.00479067335229,0.00479105669095,0.00507092786644,0.00575734481619,0.00479067335229,0.00479067335229,0.00479067335229,0.00479067335229,0.00479067335229,0.00479067335229,0.00479067335229,0.00479067335229,0.00479078463338,0.014659050048,0.0
0.00460603149143,0.00460603149143,0.00460940277378,0.00682884288951,0.878641462841,0.00460603149143,0.00460603149143,0.00460603149143,0.00460603149143,0.00460603149143,0.00460603149143,0.00460603149143,0.00460691520416,0.00507481741462,0.00577553099534,0.00460603149143,0.00460603149143,0.00460603149143,0.00460603149143,0.00460603149143,0.00460603149143,0.00460603149143,0.00460603149143,0.00460610984475,0.011554382683,0.0
0.00448431994398,0.00448431994398,0.00448968804007,0.00755301130679,0.882255562735,0.00448431994398,0.00448431994398,0.00448431994398,0.00448431994398,0.00448431994398,0.00448431994398,0.00448431994398,0.00448586622622,0.00515972413772,0.00583047252522,0.00448431994398,0.00448431994398,0.00448431994398,0.00448431994398,0.00448431994398,0.00448431994398,0.00448431994398,0.00448431994398,0.00448437659209,0.00950785938892,0.0
0.00440049405007,0.00440049405007,0.0044079688325,0.00839796080657,0.88429398975,0.00440049405007,0.00440049405007,0.00440049405007,0.00440049405007,0.00440049405007,0.00440049405007,0.00440049405007,0.00440279293048,0.00528924769249,0.005900739577,0.00440049405007,0.00440049405007,0.00440049405007,0.00440049405007,0.00440049405007,0.00440049405007,0.00440049405007,0.00440049405007,0.00440053574925,0.00809836581074,0.0
0.0043409577234,0.0043409577234,0.00435050226523,0.00934773726981,0.885304725875,0.0043409577234,0.0043409577234,0.0043409577234,0.0043409577234,0.0043409577234,0.0043409577234,0.0043409577234,0.00434403620003,0.00544256545347,0.00597587277863,0.0043409577234,0.0043409577234,0.0043409577234,0.0043409577234,0.0043409577234,0.0043409577234,0.0043409577234,0.0043409577234,0.00434098880528,0.00709729005473,0.0
0.00429774060452,0.00429774060452,0.00430922536154,0.0103938904491,0.88560796041,0.00429774060452,0.00429774060452,0.00429774060452,0.00429774060452,0.00429774060452,0.00429774060452,0.00429774060452,0.00430157917698,0.0056069432818,0.0060504328456,0.00429774060452,0.00429774060452,0.00429774060452,0.00429774060452,0.00429774060452,0.00429774060452,0.00429774060452,0.00429774060452,0.00429776397935,0.00637061421875,0.0
0.00426587357535,0.00426587357535,0.00427911731595,0.0115316984621,0.885402539715,0.00426587357535,0.00426587357535,0.00426587357535,0.00426587357535,0.00426587357535,0.00426587357535,0.00426587357535,0.00427042216357,0.00577419489042,0.00612150052127,0.00426587357535,0.00426587357535,0.00426587357535,0.00426587357535,0.00426587357535,0.00426587357535,0.00426587357535,0.00426587357535,0.00426589126723,0.00583478488391,0.0
0.00424210568861,0.00424210568861,0.00425690418642,0.0127584453281,0.884817876743,0.00424210568861,0.00424210568861,0.00424210568861,0.00424210568861,0.00424210568861,0.00424210568861,0.00424210568861,0.00424729651879,0.0059388990658,0.00618752343204,0.00424210568861,0.00424210568861,0.00424210568861,0.00424210568861,0.00424210568861,0.00424210568861,0.00424210568861,0.00424210568861,0.00424211914189,0.00543513887761,0.0
0.00422422880671,0.00422422880671,0.004240373983,0.0140725908929,0.883941201676,0.00422422880671,0.00422422880671,0.00422422880671,0.00422422880671,0.00422422880671,0.00422422880671,0.00422422880671,0.00422998597615,0.00609743454563,0.00624773675106,0.00422422880671,0.00422422880671,0.00422422880671,0.00422422880671,0.00422422880671,0.00422422880671,0.00422422880671,0.00422422880671,0.00422423907195,0.00513454738902,0.0
0.0042106987627,0.0042106987627,0.00422799081262,0.0154733547195,0.882832811796,0.0042106987627,0.0042106987627,0.0042106987627,0.0042106987627,0.0042106987627,0.0042106987627,0.0042106987627,0.00421694490949,0.00624741693743,0.00630184927803,0.0042106987627,0.0042106987627,0.0042106987627,0.0042106987627,0.0042106987627,0.0042106987627,0.0042106987627,0.0042106987627,0.00421070661508,0.00490704596598,0.0
0.00420041101512,0.00420041101512,0.0042186655386,0.0169605018959,0.88153508755,0.00420041101512,0.00420041101512,0.00420041101512,0.00420041101512,0.00420041101512,0.00420041101512,0.00420041101512,0.00420707168923,0.00638734504049,0.00634986174004,0.00420041101512,0.00420041101512,0.00420041101512,0.00420041101512,0.00420041101512,0.00420041101512,0.00420041101512,0.00420041101512,0.00420041703286,0.00473406225572,0.0
0.00419256151637,0.00419256151637,0.0042116131792,0.0185342304761,0.880078081443,0.00419256151637,0.00419256151637,0.00419256151637,0.00419256151637,0.00419256151637,0.00419256151637,0.00419256151637,0.00419956782161,0.00651636302655,0.0063919555711,0.00419256151637,0.00419256151637,0.00419256151637,0.00419256151637,0.00419256151637,0.00419256151637,0.00419256151637,0.00419256151637,0.00419256613428,0.00460207657004,0.0
0.00418655696908,0.00418655696908,0.00420626081918,0.0201951106232,0.878483126943,0.00418655696908,0.00418655696908,0.00418655696908,0.00418655696908,0.00418655696908,0.00418655696908,0.00418655696908,0.00419384695695,0.00663409108036,0.00642842169834,0.00418655696908,0.00418655696908,0.00418655696908,0.00418655696908,0.00418655696908,0.00418655696908,0.00418655696908,0.00418655696908,0.00418656051618,0.0045011128887,0.0
0.0041819549757,0.0041819549757,0.00420218623181,0.0219440497118,0.876765252213,0.0041819549757,0.0041819549757,0.0041819549757,0.0041819549757,0.0041819549757,0.0041819549757,0.0041819549757,0.0041894741722,0.00674049947327,0.00645961340789,0.0041819549757,0.0041819549757,0.0041819549757,0.0041819549757,0.0041819549757,0.0041819549757,0.0041819549757,0.0041819549757,0.00418195770211,0.00442373250154,0.0
0.00417842298503,0.00417842298503,0.0041990758836,0.0237822699123,0.874934843586,0.00417842298503,0.00417842298503,0.00417842298503,0.00417842298503,0.00417842298503,0.00417842298503,0.00417842298503,0.0041861243419,0.00683581223806,0.00648591449616,0.00417842298503,0.00417842298503,0.00417842298503,0.00417842298503,0.00417842298503,0.00417842298503,0.00417842298503,0.00417842298503,0.00417842508158,0.00436434371453,0.0
0.00417570946251,0.00417570946251,0.00419669557506,0.0257112912517,0.872998821262,0.00417570946251,0.00417570946251,0.00417570946251,0.00417570946251,0.00417570946251,0.00417570946251,0.00417570946251,0.00418355294815,0.006920432357,0.0065077175785,0.00417570946251,0.00417570946251,0.00417570946251,0.00417570946251,0.00417570946251,0.00417570946251,0.00417570946251,0.00417570946251,0.00417571107514,0.00431871709017,0.0
0.00417362324694,0.00417362324694,0.00419486955223,0.0277329166458,0.870961487756,0.00417362324694,0.00417362324694,0.00417362324694,0.00417362324694,0.00417362324694,0.00417362324694,0.00417362324694,0.00418157523225,0.0069948833878,0.00652540939876,0.00417362324694,0.00417362324694,0.00417362324694,0.00417362324694,0.00417362324694,0.00417362324694,0.00417362324694,0.00417362324694,0.00417362448753,0.00428363834176,0.0
0.00417201853239,0.00417201853239,0.00419346543277,0.0298492172988,0.868825150672,0.00417201853239,0.00417201853239,0.00417201853239,0.00417201853239,0.00417201853239,0.00417201853239,0.00417201853239,0.00418005107956,0.00705976407739,0.00653936109282,0.00417201853239,0.00417201853239,0.00417201853239,0.00417201853239,0.00417201853239,0.00417201853239,0.00417201853239,0.00417201853239,0.0041720194868,0.00425665580979,0.0
0.0041707838008,0.0041707838008,0.00419238320421,0.0320625178746,0.866590586031,0.0041707838008,0.0041707838008,0.0041707838008,0.0041707838008,0.0041707838008,0.0041707838008,0.0041707838008,0.00417887392802,0.00711571342881,0.00654992201415,0.0041707838008,0.0041707838008,0.0041707838008,0.0041707838008,0.0041707838008,0.0041707838008,0.0041707838008,0.0041707838008,0.00417078453503,0.00423589437015,0.0
0.00416983358184,0.00416983358184,0.00419154712138,0.0343753813526,0.864257386682,0.00416983358184,0.00416983358184,0.00416983358184,0.00416983358184,0.00416983358184,0.00416983358184,0.00416983358184,0.0041779625505,0.00716338423935,0.00655741613766,0.00416983358184,0.00416983358184,0.00416983358184,0.00416983358184,0.00416983358184,0.00416983358184,0.00416983358184,0.00416983358184,0.0041698341466,0.00421991687836,0.0
0.00416910226716,0.00416910226716,0.00419089969646,0.0367905937009,0.861824226458,0.00416910226716,0.00416910226716,0.00416910226716,0.00416910226716,0.00416910226716,0.00416910226716,0.00416910226716,0.00417725491966,0.00720342349555,0.00656214032534,0.00416910226716,0.00416910226716,0.00416910226716,0.00416910226716,0.00416910226716,0.00416910226716,0.00416910226716,0.00416910226716,0.00416910270151,0.00420762016078,0.0
0.00416853943719,0.00416853943719,0.00419039721617,0.0393111485701,0.859289061772,0.00416853943719,0.00416853943719,0.00416853943719,0.00416853943719,0.00416853943719,0.00416853943719,0.00416853943719,0.00417670359988,0.00723645828105,0.00656436392188,0.00416853943719,0.00416853943719,0.00416853943719,0.00416853943719,0.00416853943719,0.00416853943719,0.00416853943719,0.00416853943719,0.00416853977117,0.00419815643564,0.0
0.00416810631269,0.00416810631269,0.00419000638323,0.0419402321916,0.85664928627,0.00416810631269,0.00416810631269,0.00416810631269,0.00416810631269,0.00416810631269,0.00416810631269,0.00416810631269,0.00417627226982,0.00726308607114,0.00656432928121,0.00416810631269,0.00416810631269,0.00416810631269,0.00416810631269,0.00416810631269,0.00416810631269,0.00416810631269,0.00416810631269,0.00416810656942,0.00419087364765,0.0
0.00416777304985,0.00416777304985,0.00418970179148,0.0446812086163,0.853901850026,0.00416777304985,0.00416777304985,0.00416777304985,0.00416777304985,0.00416777304985,0.00416777304985,0.00416777304985,0.0041759330885,0.00728386847182,0.00656225292373,0.00416777304985,0.00416777304985,0.00416777304985,0.00416777304985,0.00416777304985,0.00416777304985,0.00416777304985,0.00416777304985,0.00416777324715,0.00418526998742,0.0
0.00416751667241,0.00416751667241,0.00418946402259,0.0475376053652,0.851043351823,0.00416751667241,0.00416751667241,0.00416751667241,0.00416751667241,0.00416751667241,0.00416751667241,0.00416751667241,0.00417566469452,0.00729932762134,0.00655832709868,0.00416751667241,0.00416751667241,0.00416751667241,0.00416751667241,0.00416751667241,0.00416751667241,0.00416751667241,0.00416751667241,0.00416751682399,0.00418095911945,0.0
0.0041673194869,0.0041673194869,0.00418927820822,0.0505130995028,0.848070110993,0.0041673194869,0.0041673194869,0.0041673194869,0.0041673194869,0.0041673194869,0.0041673194869,0.0041673194869,0.0041754506828,0.00730994461203,0.00655272158443,0.0041673194869,0.0041673194869,0.0041673194869,0.0041673194869,0.0041673194869,0.0041673194869,0.0041673194869,0.0041673194869,0.00416731960332,0.00417764353653,0.0
0.00416716786628,0.00416716786628,0.00418913294192,0.0536115040912,0.844978223721,0.00416716786628,0.00416716786628,0.00416716786628,0.00416716786628,0.00416716786628,0.00416716786628,0.00416716786628,0.0041752784429,0.00731615941098,0.00654558560354,0.00416716786628,0.00416716786628,0.00416716786628,0.00416716786628,0.00416716786628,0.00416716786628,0.00416716786628,0.00416716786628,0.00416716795566,0.00417509410606,0.0
0.00416705131493,0.00416705131493,0.00418901945455,0.0568367549412,0.841763607619,0.00416705131493,0.00416705131493,0.00416705131493,0.00416705131493,0.00416705131493,0.00416705131493,0.00416705131493,0.00417513827185,0.00731837186235,0.00653704976419,0.00416705131493,0.00416705131493,0.00416705131493,0.00416705131493,0.00416705131493,0.00416705131493,0.00416705131493,0.00416705131493,0.00416705138353,0.00417313434908,0.0
0.00416696174936,0.00416696174936,0.00418893098868,0.0601928975457,0.838422037476,0.00416696174936,0.00416696174936,0.00416696174936,0.00416696174936,0.00416696174936,0.00416696174936,0.00416696174936,0.0041750226959,0.00731694344135,0.00652722796627,0.00416696174936,0.00416696174936,0.00416696174936,0.00416696174936,0.00416696174936,0.00416696174936,0.00416696174936,0.00416696174936,0.00416696180198,0.00417162834549,0.0
0.00416689294443,0.00416689294443,0.00418886232338,0.0636840740593,0.83494917447,0.00416689294443,0.00416689294443,0.00416689294443,0.00416689294443,0.00416689294443,0.00416689294443,0.00416689294443,0.00417492595161,0.00731219950335,0.00651621923024,0.00416689294443,0.00416689294443,0.00416689294443,0.00416689294443,0.00416689294443,0.00416689294443,0.00416689294443,0.00416689294443,0.00416689298478,0.00417047142242,0.0
0.0041668401068,0.0041668401068,0.00418880941294,0.0673145101762,0.831340590633,0.0041668401068,0.0041668401068,0.0041668401068,0.0041668401068,0.0041668401068,0.0041668401068,0.0041668401068,0.00417484358842,0.00730443183145,0.00650410942253,0.0041668401068,0.0041668401068,0.0041668401068,0.0041668401068,0.0041668401068,0.0041668401068,0.0041668401068,0.0041668401068,0.00416684013773,0.00416958298216,0.0
0.00416679954629,0.00416679954629,0.00418876911198,0.0710885017497,0.827591789944,0.00416679954629,0.00416679954629,0.00416679954629,0.00416679954629,0.00416679954629,0.00416679954629,0.00416679954629,0.00417477216433,0.00729390133458,0.00649097286223,0.00416679954629,0.00416679954629,0.00416679954629,0.00416679954629,0.00416679954629,0.00416679954629,0.00416679954629,0.00416679954629,0.00416679956998,0.00416890097594,0.0
0.00416676842259,0.00416676842259,0.004188738966,0.0750104009985,0.823698227164,0.00416676842259,0.00416676842259,0.00416676842259,0.00416676842259,0.00416676842259,0.00416676842259,0.00416676842259,0.00417470901254,0.00728084078688,0.00647687380227,0.00416676842259,0.00416676842259,0.00416676842259,0.00416676842259,0.00416676842259,0.00416676842259,0.00416676842259,0.00416676842259,0.00416676844073,0.00416837764534,0.0
0.00416674455007,0.00416674455007,0.00418871705166,0.0790846021451,0.819655325271,0.00416674455007,0.00416674455007,0.00416674455007,0.00416674455007,0.00416674455007,0.00416674455007,0.00416674455007,0.00417465206255,0.00726545753028,0.00646186778407,0.00416674455007,0.00416674455007,0.00416674455007,0.00416674455007,0.00416674455007,0.00416674455007,0.00416674455007,0.00416674455007,0.00416674456396,0.00416797624001,0.0
0.00416672624733,0.00416672624733,0.00418870185489,0.0833155263392,0.815458492198,0.00416672624733,0.00416672624733,0.00416672624733,0.00416672624733,0.00416672624733,0.00416672624733,0.00416672624733,0.00417459970297,0.00724793608546,0.00644600286868,0.00416672624733,0.00416672624733,0.00416672624733,0.00416672624733,0.00416672624733,0.00416672624733,0.00416672624733,0.00416672624733,0.00416672625796,0.00416766848799,0.0
0.00416671222126,0.00416671222126,0.00418869217765,0.0877076057255,0.811103137398,0.00416671222126,0.00416671222126,0.00416671222126,0.00416671222126,0.00416671222126,0.00416671222126,0.00416671222126,0.0041745506762,0.00722844063535,0.00642932075008,0.00416671222126,0.00416671222126,0.00416671222126,0.00416671222126,0.00416671222126,0.00416671222126,0.00416671222126,0.00416671222126,0.00416671222938,0.00416743264606,0.0
0.00416670147766,0.00416670147766,0.00418868706657,0.0922652665251,0.806584688693,0.00416670147766,0.00416670147766,0.00416670147766,0.00416670147766,0.00416670147766,0.00416670147766,0.00416670147766,0.00417450399762,0.00720711735865,0.00641185775788,0.00416670147766,0.00416670147766,0.00416670147766,0.00416670147766,0.00416670147766,0.00416670147766,0.00416670147766,0.00416670147766,0.00416670148386,0.00416725199732,0.0
0.00416669325241,0.00416669325241,0.00418868575821,0.0969929110124,0.801898609735,0.00416669325241,0.00416669325241,0.00416669325241,0.00416669325241,0.00416669325241,0.00416669325241,0.00416669325241,0.00417445889355,0.00718409660155,0.00639364575768,0.00416669325241,0.00416669325241,0.00416669325241,0.00416669325241,0.00416669325241,0.00416669325241,0.00416669325241,0.00416669325241,0.00416669325715,0.00416711369354,0.0
0.00416668695844,0.00416668695844,0.004188687637,0.101894898279,0.797040418372,0.00416668695844,0.00416668695844,0.00416668695844,0.00416668695844,0.00416668695844,0.00416668695844,0.00416668695844,0.00417441475358,0.00715949488299,0.00637471295728,0.00416668695844,0.00416668695844,0.00416668695844,0.00416668695844,0.00416668695844,0.00416668695844,0.00416668695844,0.00416668695844,0.00416668696206,0.00416700786337,0.0
0.00416668214486,0.00416668214486,0.0041886922028,0.10697552369,0.792005706116,0.00416668214486,0.00416668214486,0.00416668214486,0.00416668214486,0.00416668214486,0.00416668214486,0.00416668214486,0.00417437109397,0.00713341673442,0.00635508462732,0.00416668214486,0.00416668214486,0.00416668214486,0.00416668214486,0.00416668214486,0.00416668214486,0.00416668214486,0.00416668214486,0.00416668214762,0.0041669269254,0.0
0.00416667846554,0.00416667846554,0.0041886990459,0.112238996959,0.786790158902,0.00416667846554,0.00416667846554,0.00416667846554,0.00416667846554,0.00416667846554,0.00416667846554,0.00416667846554,0.00417432752952,0.00710595637834,0.00633478374399,0.00416667846554,0.00416667846554,0.00416667846554,0.00416667846554,0.00416667846554,0.00416667846554,0.00416667846554,0.00416667846554,0.00416667846764,0.00416686505919,0.0
0.00416667565481,0.00416667565481,0.00418870782763,0.117689418775,0.781389579245,0.00416667565481,0.00416667565481,0.00416667565481,0.00416667565481,0.00416667565481,0.00416667565481,0.00416667565481,0.00417428375198,0.00707719925227,0.00631383156157,0.00416667565481,0.00416667565481,0.00416667565481,0.00416667565481,0.00416667565481,0.00416667565481,0.00416667565481,0.00416667565481,0.00416667565641,0.00416681779814,0.0
0.00416667350892,0.00416667350892,0.00418871826525,0.123330755932,0.775799909904,0.00416667350892,0.00416667350892,0.00416667350892,0.00416667350892,0.00416667350892,0.00416667350892,0.00416667350892,0.00417423951339,0.00704722338655,0.0062922481212,0.00416667350892,0.00416667350892,0.00416667350892,0.00416667350892,0.00416667350892,0.00416667350892,0.00416667350892,0.00416667350892,0.00416667351014,0.00416678171596,0.0
0.00416667187163,0.00416667187163,0.00418873012024,0.129166814954,0.77001725909,0.00416667187163,0.00416667187163,0.00416667187163,0.00416667187163,0.00416667187163,0.00416667187163,0.00416667187163,0.00417419461339,0.00701610064436,0.00627005270231,0.00416667187163,0.00416667187163,0.00416667187163,0.00416667187163,0.00416667187163,0.00416667187163,0.00416667187163,0.00416667187163,0.00416667187255,0.00416675418564,0.0
0.00416667062319,0.00416667062319,0.00418874318906,0.135201214193,0.764037927262,0.00416667062319,0.00416667062319,0.00416667062319,0.00416667062319,0.00416667062319,0.00416667062319,0.00416667062319,0.00417414888937,0.00698389783327,0.00624726422179,0.00416667062319,0.00416667062319,0.00416667062319,0.00416667062319,0.00416667062319,0.00416667062319,0.00416667062319,0.00416667062319,0.0041666706239,0.00416673319385,0.0
0.00416666967191,0.00416666967191,0.00418875729594,0.14143735443,0.757858435489,0.00416666967191,0.00416666967191,0.00416666967191,0.00416666967191,0.00416666967191,0.00416666967191,0.00416666967191,0.004174102209,0.00695067769684,0.00622390158582,0.00416666967191,0.00416666967191,0.00416666967191,0.00416666967191,0.00416666967191,0.00416666967191,0.00416666967191,0.00416666967191,0.00416666967244,0.00416671719839,0.0
0.00416666894754,0.00416666894754,0.00418877228716,0.147878388033,0.751475555347,0.00416666894754,0.00416666894754,0.00416666894754,0.00416666894754,0.00416666894754,0.00416666894754,0.00416666894754,0.00417405446444,0.00691649979485,0.00619998399821,0.00416666894754,0.00416666894754,0.00416666894754,0.00416666894754,0.00416666894754,0.00416666894754,0.00416666894754,0.00416666894754,0.00416666894795,0.00416670501851,0.0
0.00416666839636,0.00416666839636,0.00418878802649,0.154527186736,0.744886340275,0.00416666839636,0.00416666839636,0.00416666839636,0.00416666839636,0.00416666839636,0.00416666839636,0.00416666839636,0.00417400556798,0.00688142127972,0.00617553122883,0.00416666839636,0.00416666839636,0.00416666839636,0.00416666839636,0.00416666839636,0.00416666839636,0.00416666839636,0.00416666839636,0.00416666839667,0.00416669575071,0.0
0.00416666797728,0.00416666797728,0.00418880439166,0.161386308152,0.738088158291,0.00416666797728,0.00416666797728,0.00416666797728,0.00416666797728,0.00416666797728,0.00416666797728,0.00416666797728,0.00417395544863,0.00684549757668,0.00615056384489,0.00416666797728,0.00416666797728,0.00416666797728,0.00416666797728,0.00416666797728,0.00416666797728,0.00416666797728,0.00416666797728,0.00416666797751,0.00416668870398,0.0
0.00416666765887,0.00416666765887,0.00418882127142,0.16845796116,0.731078725928,0.00416666765887,0.00416666765887,0.00416666765887,0.00416666765887,0.00416666765887,0.00416666765887,0.00416666765887,0.00417390404966,0.00680878297384,0.00612510340743,0.00416666765887,0.00416666765887,0.00416666765887,0.00416666765887,0.00416666765887,0.00416666765887,0.00416666765887,0.00416666765887,0.00416666765905,0.00416668335015,0.0
0.00416666741715,0.00416666741715,0.0041888385633,0.175743970349,0.723856143203,0.00416666741715,0.00416666741715,0.00416666741715,0.00416666741715,0.00416666741715,0.00416666741715,0.00416666741715,0.00417385132661,0.00677133112841,0.00609917263509,0.00416666741715,0.00416666741715,0.00416666741715,0.00416666741715,0.00416666741715,0.00416666741715,0.00416666741715,0.00416666741715,0.00416666741729,0.00416667928575,0.0
0.0041666672338,0.0041666672338,0.00418885617177,0.183245739719,0.716418929422,0.0041666672338,0.0041666672338,0.0041666672338,0.0041666672338,0.0041666672338,0.0041666672338,0.0041666672338,0.00417379724589,0.00673319549426,0.00607279553656,0.0041666672338,0.0041666672338,0.0041666672338,0.0041666672338,0.0041666672338,0.0041666672338,0.0041666672338,0.0041666672338,0.0041666672339,0.00416667620276,0.0
0.00416666709484,0.00416666709484,0.00418887400678,0.190964215902,0.708766059546,0.00416666709484,0.00416666709484,0.00416666709484,0.00416666709484,0.00416666709484,0.00416666709484,0.00416666709484,0.00417374178372,0.00669442967564,0.0060459975131,0.00416666709484,0.00416666709484,0.00416666709484,0.00416666709484,0.00416666709484,0.00416666709484,0.00416666709484,0.00416666709484,0.00416666709492,0.00416667386619,0.0
0.00416666698961,0.00416666698961,0.0041888919826,0.198899851197,0.700897000842,0.00416666698961,0.00416666698961,0.00416666698961,0.00416666698961,0.00416666698961,0.00416666698961,0.00416666698961,0.00417368492534,0.0066550877115,0.00601880543215,0.00416666698961,0.00416666698961,0.00416666698961,0.00416666698961,0.00416666698961,0.00416666698961,0.00416666698961,0.00416666698961,0.00416666698967,0.00416667209687,0.0
0.00416666691001,0.00416666691001,0.00418891001695,0.207052566747,0.692811749466,0.00416666691001,0.00416666691001,0.00416666691001,0.00416666691001,0.00416666691001,0.00416666691001,0.00416666691001,0.00417362666442,0.00661522429439,0.00599124767283,0.00416666691001,0.00416666691001,0.00416666691001,0.00416666691001,0.00416666691001,0.00416666691001,0.00416666691001,0.00416666691001,0.00416666691005,0.0041666707583,0.0
0.00416666684983,0.00416666684983,0.00418892803031,0.21542171624,0.684510866612,0.00416666684983,0.00416666684983,0.00416666684983,0.00416666684983,0.00416666684983,0.00416666684983,0.00416666684983,0.00417356700273,0.00657489492763,0.00596335414417,0.00416666684983,0.00416666684983,0.00416666684983,0.00416666684983,0.00416666684983,0.00416666684983,0.00416666684983,0.00416666684983,0.00416666684987,0.00416666974654,0.0
0.0041666668044,0.0041666668044,0.00418894594539,0.224006050539,0.675995513803,0.0041666668044,0.0041666668044,0.0041666668044,0.0041666668044,0.0041666668044,0.0041666668044,0.0041666668044,0.0041735059498,0.00653415602445,0.00593515627679,0.0041666668044,0.0041666668044,0.0041666668044,0.0041666668044,0.0041666668044,0.0041666668044,0.0041666668044,0.0041666668044,0.00416666680442,0.00416666898255,0.0
0.00416666677012,0.00416666677012,0.00418896368679,0.232803683709,0.667267486872,0.00416666677012,0.00416666677012,0.00416666677012,0.00416666677012,0.00416666677012,0.00416666677012,0.00416666677012,0.00417344352273,0.00649306495239,0.00590668698864,0.00416666677012,0.00416666677012,0.00416666677012,0.00416666677012,0.00416666677012,0.00416666677012,0.00416666677012,0.00416666677012,0.00416666677014,0.0041666684062,0.0
0.00416666674429,0.00416666674429,0.00418898118077,0.241812060903,0.658329248148,0.00416666674429,0.00416666674429,0.00416666674429,0.00416666674429,0.00416666674429,0.00416666674429,0.00416666674429,0.00417337974609,0.00645168002652,0.00587798062577,0.00416666674429,0.00416666674429,0.00416666674429,0.00416666674429,0.00416666674429,0.00416666674429,0.00416666674429,0.00416666674429,0.0041666667443,0.00416666797186,0.0
0.00416666672484,0.00416666672484,0.00418899835513,0.251027928649,0.649183956318,0.00416666672484,0.00416666672484,0.00416666672484,0.00416666672484,0.00416666672484,0.00416666672484,0.00416666672484,0.00417331465178,0.00641006045491,0.00584907287892,0.00416666672484,0.00416666672484,0.00416666672484,0.00416666672484,0.00416666672484,0.00416666672484,0.00416666672484,0.00416666672484,0.00416666672485,0.00416666764487,0.0
0.00416666671022,0.00416666671022,0.0041890151392,0.260447308047,0.639835493435,0.00416666671022,0.00416666671022,0.00416666671022,0.00416666671022,0.00416666671022,0.00416666671022,0.00416666671022,0.00417324827894,0.00636826623995,0.00582000067695,0.00416666671022,0.00416666671022,0.00416666671022,0.00416666671022,0.00416666671022,0.00416666671022,0.00416666671022,0.00416666671022,0.00416666671023,0.00416666739897,0.0
0.00416666669923,0.00416666669923,0.00418903146394,0.270065471452,0.630288488512,0.00416666669923,0.00416666669923,0.00416666669923,0.00416666669923,0.00416666669923,0.00416666669923,0.00416666669923,0.00417318067389,0.00632635803937,0.00579080205859,0.00416666669923,0.00416666669923,0.00416666669923,0.00416666669923,0.00416666669923,0.00416666669923,0.00416666669923,0.00416666669923,0.00416666669924,0.00416666721424,0.0
0.00416666669099,0.00416666669099,0.00418904726203,0.279876923197,0.620548337123,0.00416666669099,0.00416666669099,0.00416666669099,0.00416666669099,0.00416666669099,0.00416666669099,0.00416666669099,0.00417311188999,0.00628439699085,0.00576151602368,0.00416666669099,0.00416666669099,0.00416666669099,0.00416666669099,0.00416666669099,0.00416666669099,0.00416666669099,0.00416666669099,0.00416666669099,0.00416666707562,0.0
0.00416666668481,0.00416666668481,0.00418906246812,0.289875384901,0.610621216475,0.00416666668481,0.00416666668481,0.00416666668481,0.00416666668481,0.00416666668481,0.00416666668481,0.00416666668481,0.00417304198752,0.00624244450436,0.00573218236586,0.00416666668481,0.00416666668481,0.00416666668481,0.00416666668481,0.00416666668481,0.00416666668481,0.00416666668481,0.00416666668481,0.00416666668481,0.00416666697173,0.0
0.00416666668018,0.00416666668018,0.00418907701909,0.300053785921,0.600514095374,0.00416666668018,0.00416666668018,0.00416666668018,0.00416666668018,0.00416666668018,0.00416666668018,0.00416666668018,0.0041729710335,0.00620056202692,0.00570284148862,0.00416666668018,0.00416666668018,0.00416666668018,0.00416666668018,0.00416666668018,0.00416666668018,0.00416666668018,0.00416666668018,0.00416666668019,0.00416666689395,0.0
0.00416666667672,0.00416666667672,0.00418909085437,0.310404259449,0.590234738588,0.00416666667672,0.00416666667672,0.00416666667672,0.00416666667672,0.00416666667672,0.00416666667672,0.00416666667672,0.00417289910149,0.00615881078408,0.00567353420682,0.00416666667672,0.00416666667672,0.00416666667672,0.00416666667672,0.00416666667672,0.00416666667672,0.00416666667672,0.00416666667672,0.00416666667673,0.00416666683579,0.0
0.00416666667414,0.00416666667414,0.00418910391623,0.320918144736,0.57979170511,0.00416666667414,0.00416666667414,0.00416666667414,0.00416666667414,0.00416666667414,0.00416666667414,0.00416666667414,0.00417282627131,0.00611725150331,0.00564430153624,0.00416666667414,0.00416666667414,0.00416666667414,0.00416666667414,0.00416666667414,0.00416666667414,0.00416666667414,0.00416666667414,0.00416666667415,0.00416666679235,0.0
0.00416666667221,0.00416666667221,0.00418911615022,0.331585995856,0.569194339907,0.00416666667221,0.00416666667221,0.00416666667221,0.00416666667221,0.00416666667221,0.00416666667221,0.00416666667221,0.00417275262873,0.00607594412404,0.00561518447388,0.00416666667221,0.00416666667221,0.00416666667221,0.00416666667221,0.00416666667221,0.00416666667221,0.00416666667221,0.00416666667221,0.00416666667222,0.00416666675995,0.0
0.00416666667078,0.00416666667078,0.00418912750551,0.342397597361,0.558452758788,0.00416666667078,0.00416666667078,0.00416666667078,0.00416666667078,0.00416666667078,0.00416666667078,0.00416666667078,0.00417267826507,0.00603494749971,0.00558622377172,0.00416666667078,0.00416666667078,0.00416666667078,0.00416666667078,0.00416666667078,0.00416666667078,0.00416666667078,0.00416666667078,0.00416666667079,0.00416666673582,0.0
0.00416666666971,0.00416666666971,0.00418913793525,0.353341987096,0.547577826115,0.00416666666971,0.00416666666971,0.00416666666971,0.00416666666971,0.00416666666971,0.00416666666971,0.00416666666971,0.00417260327682,0.00599431909681,0.0055574597071,0.00416666666971,0.00416666666971,0.00416666666971,0.00416666666971,0.00416666666971,0.00416666666971,0.00416666666971,0.00416666666971,0.00416666666974,0.00416666671787,0.0
0.00416666666892,0.00416666666892,0.00418914739701,0.364407486351,0.536581125193,0.00416666666892,0.00416666666892,0.00416666666892,0.00416666666892,0.00416666666892,0.00416666666892,0.00416666666892,0.00417252776508,0.00595411469615,0.00552893185275,0.00416666666892,0.00416666666892,0.00416666666892,0.00416666666892,0.00416666666892,0.00416666666892,0.00416666666892,0.00416666666892,0.00416666666896,0.00416666670454,0.0
0.00416666666833,0.00416666666833,0.00418915585309,0.375581737401,0.525474921236,0.00416666666833,0.00416666666833,0.00416666666833,0.00416666666833,0.00416666666833,0.00416666666833,0.00416666666833,0.00417245183505,0.00591438810133,0.00550067884962,0.00416666666833,0.00416666666833,0.00416666666833,0.00416666666833,0.00416666666833,0.00416666666833,0.00416666666833,0.00416666666833,0.0041666666684,0.00416666669466,0.0
0.00416666666789,0.00416666666789,0.0041891632709,0.386851748399,0.51427211698,0.00416666666789,0.00416666666789,0.00416666666789,0.00416666666789,0.00416666666789,0.00416666666789,0.00416666666789,0.00417237559542,0.0058751908592,0.00547273818575,0.00416666666789,0.00416666666789,0.00416666666789,0.00416666666789,0.00416666666789,0.00416666666789,0.00416666666789,0.00416666666789,0.00416666666801,0.00416666668736,0.0
0.00416666666757,0.00416666666757,0.00418916962322,0.398203945446,0.502986201093,0.00416666666757,0.00416666666757,0.00416666666757,0.00416666666757,0.00416666666757,0.00416666666757,0.00416666666757,0.00417229915772,0.0058365719969,0.00544514598411,0.00416666666757,0.00416666666757,0.00416666666757,0.00416666666757,0.00416666666757,0.00416666666757,0.00416666666757,0.00416666666757,0.00416666666778,0.004166666682,0.0
0.00416666666733,0.00416666666733,0.0041891748885,0.409624231522,0.491631189681,0.00416666666733,0.00416666666733,0.00416666666733,0.00416666666733,0.00416666666733,0.00416666666733,0.00416666666733,0.00417222263565,0.00579857777944,0.0054179368024,0.00416666666733,0.00416666666733,0.00416666666733,0.00416666666733,0.00416666666733,0.00416666666733,0.00416666666733,0.00416666666733,0.00416666666769,0.00416666667812,0.0
0.00416666666715,0.00416666666715,0.00418917905104,0.421098051861,0.480221561319,0.00416666666715,0.00416666666715,0.00416666666715,0.00416666666715,0.00416666666715,0.00416666666715,0.00416666666715,0.00417214614434,0.00576125149174,0.00539114344749,0.00416666666715,0.00416666666715,0.00416666666715,0.00416666666715,0.00416666666715,0.00416666666715,0.00416666666715,0.00416666666716,0.00416666666778,0.00416666667538,0.0
0.00416666666702,0.00416666666702,0.00418918210118,0.432610465204,0.468772186159,0.00416666666702,0.00416666666702,0.00416666666702,0.00416666666702,0.00416666666702,0.00416666666702,0.00416666666702,0.00417206979959,0.00572463324798,0.00536479680698,0.00416666666702,0.00416666666702,0.00416666666702,0.00416666666702,0.00416666666702,0.00416666666702,0.00416666666702,0.00416666666703,0.00416666666813,0.00416666667358,0.0
0.00416666666693,0.00416666666693,0.00418918403538,0.444146220247,0.45729824979,0.00416666666693,0.00416666666693,0.00416666666693,0.00416666666693,0.00416666666693,0.00416666666693,0.00416666666693,0.00417199371717,0.00568875983105,0.00533892569991,0.00416666666693,0.00416666666693,0.00416666666693,0.00416666666693,0.00416666666693,0.00416666666693,0.00416666666693,0.00416666666694,0.00416666666887,0.00416666667266,0.0
0.00416666666686,0.00416666666686,0.00418918485623,0.455689836495,0.445815172645,0.00416666666686,0.00416666666686,0.00416666666686,0.00416666666686,0.00416666666686,0.00416666666686,0.00416666666686,0.00417191801199,0.00565366456394,0.00531355674852,0.00416666666686,0.00416666666686,0.00416666666686,0.00416666666686,0.00416666666686,0.00416666666686,0.00416666666686,0.00416666666687,0.00416666667027,0.0041666666727,0.0
