0.0 0.0,0.0 1.0,0.0 2.0,0.0 3.0,0.0 4.0,1.0 0.0,1.0 1.0,1.0 2.0,1.0 3.0,1.0 4.0,2.0 0.0,2.0 1.0,2.0 2.0,2.0 3.0,2.0 4.0,3.0 0.0,3.0 1.0,3.0 2.0,3.0 3.0,3.0 4.0,4.0 0.0,4.0 1.0,4.0 2.0,4.0 3.0,4.0 4.0,other
0.04,0.04,0.04,0.04,0.04,0.04,0.04,0.04,0.04,0.04,0.04,0.04,0.04,0.04,0.04,0.04,0.04,0.04,0.04,0.04,0.04,0.04,0.04,0.04,0.04,0.0
0.0386217948718,0.0386217948718,0.0386217948718,0.0386217948718,0.0386217948718,0.0386217948718,0.0386217948718,0.0386217948718,0.0386217948718,0.0386217948718,0.0386217948718,0.0386217948718,0.0386217948718,0.0386217948718,0.0386217948718,0.0386217948718,0.0386217948718,0.0386217948718,0.0386217948718,0.0386217948718,0.0386217948725,0.0386218098286,0.0386217948725,0.0386218109935,0.073076891997,0.0
0.0362753901071,0.0362753901071,0.0362753901071,0.0362753901071,0.0362753901071,0.0362753901071,0.0362753901071,0.0362753901071,0.0362753901071,0.0362753901071,0.0362753901071,0.0362753901071,0.0362753901071,0.0362753901071,0.0362753901071,0.0362753901071,0.0362753901071,0.0362753901071,0.0362753901071,0.0362753901071,0.0362753901093,0.0362754272317,0.0362753901081,0.0362754096403,0.129390580768,0.0
0.0325968028225,0.0325968028225,0.0325968028225,0.0325968028225,0.0325968028225,0.0325968028225,0.0325968028225,0.0325968028225,0.0325968028225,0.0325968028225,0.0325968028225,0.0325968028225,0.0325968028225,0.0325968028225,0.0325968028225,0.0325968028225,0.0325968028225,0.0325968028225,0.0325968028225,0.0325968028225,0.03259680283,0.0325968845612,0.0325968028234,0.0325968206327,0.217676632703,0.0
0.0275145437926,0.0275145437926,0.0275145437926,0.0275145437926,0.0275145437941,0.0275145437926,0.0275145437926,0.0275145437926,0.0275145437926,0.0275145437926,0.0275145437926,0.0275145437926,0.0275145437926,0.0275145437926,0.0275145437926,0.0275145437926,0.0275145437926,0.0275145437926,0.0275145437926,0.0275145437926,0.0275145438441,0.0275147675981,0.0275145437934,0.0275145584361,0.339650710475,0.0
0.0215951889261,0.0215951889298,0.0215951889261,0.0215951889261,0.0215952776981,0.0215951889261,0.0215951889261,0.0215951889261,0.0215951889261,0.0215951889261,0.0215951889261,0.0215951889261,0.0215951889261,0.0215951889261,0.0215951889261,0.0215951889261,0.0215951889261,0.0215951889261,0.0215951889261,0.0215951889261,0.0215951897605,0.0215961292278,0.0215951889266,0.0215951998572,0.481714424931,0.0
0.0192703320157,0.0192746971093,0.019270312187,0.019270312187,0.0312075959403,0.019270312187,0.019270312187,0.019270312187,0.019270312187,0.019270312187,0.019270312187,0.019270312187,0.019270312187,0.019270312187,0.019270312187,0.019270312187,0.019270312187,0.019270312187,0.019270312187,0.019270312187,0.0192703209195,0.0192728983182,0.0192703121875,0.0192703216599,0.525568214671,0.0
0.0187972742244,0.0188120971188,0.018797168667,0.018797168667,0.057361614754,0.018797168667,0.018797168667,0.018797168667,0.018797168667,0.018797168667,0.018797168667,0.018797168667,0.018797168667,0.018797168667,0.018797168667,0.018797168667,0.018797168667,0.018797168667,0.018797168667,0.018797168667,0.0187971773256,0.0187996984767,0.0187971686675,0.0187971778432,0.510285924251,0.0
0.0179990324027,0.0180192585979,0.0179988755903,0.0179988755903,0.102983123151,0.0179988755903,0.0179988755903,0.0179988755903,0.0179988755903,0.0179988755903,0.0179988755903,0.0179988755903,0.0179988755903,0.0179988755903,0.0179988755903,0.0179988755903,0.0179988755903,0.0179988755903,0.0179988755903,0.0179988755903,0.0179988838226,0.0180012724377,0.0179988755907,0.0179988842658,0.483019784697,0.0
0.0167071307058,0.0167278876741,0.0167069613782,0.0167069613782,0.177367242261,0.0167069613782,0.0167069613782,0.0167069613782,0.0167069613782,0.0167069613782,0.0167069613782,0.0167069613782,0.0167069613782,0.0167069613782,0.0167069613782,0.0167069613782,0.0167069613782,0.0167069613782,0.0167069613782,0.0167069613782,0.0167069688454,0.016709134699,0.0167069613786,0.0167069692435,0.438349361763,0.0
0.0148179936549,0.0148361407014,0.0148178417869,0.014817841787,0.286224362364,0.0148178417869,0.0148178417869,0.0148178417869,0.0148178417869,0.0148178417869,0.0148178417869,0.0148178417869,0.0148178417869,0.0148178417869,0.0148178417869,0.0148178417869,0.0148178417869,0.0148178417869,0.0148178417869,0.0148178417869,0.0148178481293,0.0148196877141,0.0148178417873,0.0148178484673,0.372944966804,0.0
0.0124477575818,0.0124619199496,0.0124476381586,0.0124476381596,0.422807631583,0.0124476381586,0.0124476381586,0.0124476381586,0.0124476381586,0.0124476381586,0.0124476381586,0.0124476381586,0.0124476381586,0.0124476381586,0.0124476381586,0.0124476381586,0.0124476381586,0.0124476381586,0.0124476381586,0.0124476381586,0.0124476430896,0.012449073312,0.0124476381588,0.0124476433524,0.290880844277,0.0
0.00998691388572,0.00999687075229,0.00998682981316,0.00998682990262,0.564612121115,0.00998682980901,0.00998682980901,0.00998682980901,0.00998682980901,0.00998682980901,0.00998682980901,0.00998682980901,0.00998682980901,0.00998682980901,0.00998682980901,0.00998682980901,0.00998682980901,0.00998682980901,0.00998682980901,0.00998682980901,0.00998683327467,0.00998783848621,0.0099868298092,0.00998683345939,0.205679652367,0.0
0.00788659910811,0.00789296305293,0.00788654622242,0.00788655587797,0.685641353943,0.00788654535835,0.00788654535835,0.00788654535835,0.00788654535835,0.00788654535835,0.00788654535835,0.00788654535835,0.00788654535835,0.00788654535835,0.00788654535835,0.00788654535835,0.00788654535835,0.00788654535835,0.00788654535835,0.00788654535835,0.00788654757338,0.00788719004076,0.00788654535847,0.00788654769144,0.132960970756,0.0
0.00637363807192,0.00637741370044,0.00637368540039,0.00637417772503,0.772824088845,0.00637360618143,0.00637360618143,0.00637360618143,0.00637360618143,0.00637360618143,0.00637360618143,0.00637360618143,0.00637360618143,0.00637360618143,0.00637360618143,0.00637360618143,0.00637360618143,0.00637360618143,0.00637360618143,0.00637360618143,0.00637360749557,0.00637398866033,0.00637360618151,0.00637360756562,0.0805780936326,0.0
0.00541348789309,0.00541562092342,0.00541546639232,0.00542339706977,0.828140831821,0.0054134698763,0.0054134698763,0.0054134698763,0.0054134698763,0.0054134698763,0.0054134698763,0.0054134698763,0.0054134698763,0.0054134698763,0.0054134698763,0.0054134698763,0.0054134698763,0.0054134698763,0.0054134698763,0.0054134698763,0.00541347061872,0.00541368595649,0.00541346987634,0.00541347065829,0.0473350506464,0.0
0.00485680443213,0.0048579851028,0.00487231745136,0.00491817457675,0.860154366865,0.00485679445938,0.00485679445938,0.00485679445938,0.00485679445938,0.00485679445938,0.00485679445938,0.00485679445938,0.00485679445938,0.00485679445938,0.00485679445938,0.00485679445938,0.00485679445938,0.00485679445938,0.00485679445938,0.00485679445938,0.00485679487032,0.00485691406361,0.0048567944594,0.00485679489222,0.028061136396,0.0
0.00455177756981,0.00455243640822,0.00460484180776,0.00473697783274,0.877569964548,0.00455177200474,0.00455177200474,0.00455177200474,0.00455177200474,0.00455177200474,0.00455177200474,0.00455177200474,0.00455177200474,0.00455177200474,0.00455177200474,0.00455177200474,0.00455177200474,0.00455177200474,0.00455177200474,0.00455177200474,0.00455177223405,0.00455183874634,0.00455177200475,0.00455177224628,0.0175002665309,0.0
0.00438619514075,0.00438657070485,0.0044970652884,0.00475055186593,0.886874584381,0.00438619196839,0.00438619196839,0.00438619196839,0.00438619196839,0.00438619196839,0.00438619196839,0.00438619196839,0.00438619196839,0.00438619196839,0.00438619196839,0.00438619196839,0.00438619196839,0.00438619196839,0.00438619196839,0.00438619196839,0.00438619209911,0.00438623001374,0.0043861919684,0.00438619210608,0.0117673469063,0.0
0.00429429856363,0.00429451691333,0.0044696834992,0.00485694318801,0.891907263526,0.00429429671921,0.00429429671921,0.00429429671921,0.00429429671921,0.00429429671921,0.00429429671921,0.00429429671921,0.00429429671921,0.00429429671921,0.00429429671921,0.00429429671921,0.00429429671921,0.00429429671921,0.00429429671921,0.00429429671921,0.00429429679521,0.00429431883844,0.00429429671921,0.00429429679926,0.00858563436979,0.0
0.00424191620023,0.00424204493546,0.00447803397175,0.0049955808968,0.894674011006,0.00424191511275,0.00424191511275,0.00424191511275,0.00424191511275,0.00424191511275,0.00424191511275,0.00424191511275,0.00424191511275,0.00424191511275,0.00424191511275,0.00424191511275,0.00424191511275,0.00424191511275,0.00424191511275,0.00424191511275,0.00424191515756,0.00424192815386,0.00424191511275,0.00424191515995,0.00677201271437,0.0
0.00421143551273,0.00421151210234,0.00449943234365,0.00513506006489,0.896208602329,0.00421143486572,0.00421143486572,0.00421143486572,0.00421143486572,0.00421143486572,0.00421143486572,0.00421143486572,0.00421143486572,0.00421143486572,0.00421143486572,0.00421143486572,0.00421143486572,0.00421143486572,0.00421143486572,0.00421143486572,0.00421143489237,0.00421144262438,0.00421143486572,0.0042114348938,0.00571668738507,0.0
0.00419345207957,0.00419349790356,0.00452312573274,0.00526074817455,0.897059537867,0.00419345169243,0.00419345169243,0.00419345169243,0.00419345169243,0.00419345169243,0.00419345169243,0.00419345169243,0.00419345169243,0.00419345169243,0.00419345169243,0.00419345169243,0.00419345169243,0.00419345169243,0.00419345169243,0.00419345169243,0.00419345170838,0.00419345633447,0.00419345169243,0.00419345170923,0.00509405141191,0.0
0.00418274821647,0.00418277572854,0.00454451769655,0.00536719091779,0.897527098739,0.004182747984,0.004182747984,0.004182747984,0.004182747984,0.004182747984,0.004182747984,0.004182747984,0.004182747984,0.004182747984,0.004182747984,0.004182747984,0.004182747984,0.004182747984,0.004182747984,0.004182747984,0.00418274799358,0.00418275077102,0.004182747984,0.00418274799409,0.00472345419847,0.0
0.00417634229004,0.00417635884301,0.00456207726948,0.00545377144389,0.897779284225,0.00417634215015,0.00417634215015,0.00417634215015,0.00417634215015,0.00417634215015,0.00417634215015,0.00417634215015,0.00417634215015,0.00417634215015,0.00417634215015,0.00417634215015,0.00417634215015,0.00417634215015,0.00417634215015,0.00417634215015,0.00417634215591,0.00417634382698,0.00417634215015,0.00417634215621,0.00450166338689,0.0
0.00417249564137,0.00417250561358,0.0045757089626,0.00552222226135,0.897911169101,0.00417249555706,0.00417249555706,0.00417249555706,0.00417249555706,0.00417249555706,0.00417249555706,0.00417249555706,0.00417249555706,0.00417249555706,0.00417249555706,0.00417249555706,0.00417249555706,0.00417249555706,0.00417249555706,0.00417249555706,0.00417249556054,0.00417249656725,0.00417249555706,0.00417249556072,0.00436848181834,0.0
0.0041701810421,0.00417018705455,0.00458590836931,0.00557521287878,0.89797672719,0.00417018099124,0.00417018099124,0.00417018099124,0.00417018099124,0.00417018099124,0.00417018099124,0.00417018099124,0.00417018099124,0.00417018099124,0.00417018099124,0.00417018099124,0.00417018099124,0.00417018099124,0.00417018099124,0.00417018099124,0.00417018099333,0.0041701816003,0.00417018099124,0.00417018099344,0.00428834401828,0.0
0.00416878655617,0.00416879018296,0.0045933421183,0.0056155813727,0.898006492341,0.00416878652546,0.00416878652546,0.00416878652546,0.00416878652546,0.00416878652546,0.00416878652546,0.00416878652546,0.00416878652546,0.00416878652546,0.00416878652546,0.00416878652546,0.00416878652546,0.00416878652546,0.00416878652546,0.00416878652546,0.00416878652672,0.00416878689284,0.00416878652546,0.00416878652679,0.0042400630756,0.0
0.00416794577098,0.00416794795938,0.00459865495358,0.00564595160878,0.898017577411,0.00416794575242,0.00416794575242,0.00416794575242,0.00416794575242,0.00416794575242,0.00416794575242,0.00416794575242,0.00416794575242,0.00416794575242,0.00416794575242,0.00416794575242,0.00416794575242,0.00416794575242,0.00416794575242,0.00416794575242,0.00416794575318,0.0041679459741,0.00416794575242,0.00416794575322,0.00421095277741,0.0
0.00416743859463,0.00416743991537,0.00460239481495,0.00566857474623,0.898019425774,0.0041674385834,0.0041674385834,0.0041674385834,0.0041674385834,0.0041674385834,0.0041674385834,0.0041674385834,0.0041674385834,0.0041674385834,0.0041674385834,0.0041674385834,0.0041674385834,0.0041674385834,0.0041674385834,0.0041674385834,0.00416743858386,0.00416743871718,0.0041674385834,0.00416743858389,0.00419339293572,0.0
0.00416713256957,0.00416713336676,0.00460499588082,0.00568529405776,0.898017127846,0.00416713256276,0.00416713256276,0.00416713256276,0.00416713256276,0.00416713256276,0.00416713256276,0.00416713256276,0.00416713256276,0.00416713256276,0.00416713256276,0.00416713256276,0.00416713256276,0.00416713256276,0.00416713256276,0.00416713256276,0.00416713256304,0.0041671326435,0.00416713256276,0.00416713256305,0.00418279750539,0.0
0.00416694788487,0.00416694836611,0.00460678733828,0.00569757156581,0.898013331849,0.00416694788073,0.00416694788073,0.00416694788073,0.00416694788073,0.00416694788073,0.00416694788073,0.00416694788073,0.00416694788073,0.00416694788073,0.00416694788073,0.00416694788073,0.00416694788073,0.00416694788073,0.00416694788073,0.00416694788073,0.0041669478809,0.00416694792947,0.00416694788073,0.00416694788091,0.00417640321255,0.0
0.00416683641657,0.00416683670711,0.00460801130509,0.0057065406732,0.898009339129,0.00416683641404,0.00416683641404,0.00416683641404,0.00416683641404,0.00416683641404,0.00416683641404,0.00416683641404,0.00416683641404,0.00416683641404,0.00416683641404,0.00416683641404,0.00416683641404,0.00416683641404,0.00416683641404,0.00416683641404,0.00416683641414,0.00416683644346,0.00416683641404,0.00416683641415,0.00417254387304,0.0
0.00416676913433,0.00416676930976,0.00460884195742,0.00571306517874,0.898005726503,0.00416676913277,0.00416676913277,0.00416676913277,0.00416676913277,0.00416676913277,0.00416676913277,0.00416676913277,0.00416676913277,0.00416676913277,0.00416676913277,0.00416676913277,0.00416676913277,0.00416676913277,0.00416676913277,0.00416676913277,0.00416676913283,0.00416676915053,0.00416676913277,0.00416676913284,0.00417021437666,0.0
0.00416672852114,0.00416672862709,0.00460940250375,0.00571779488913,0.898002695329,0.00416672852017,0.00416672852017,0.00416672852017,0.00416672852017,0.00416672852017,0.00416672852017,0.00416672852017,0.00416672852017,0.00416672852017,0.00416672852017,0.00416672852017,0.00416672852017,0.00416672852017,0.00416672852017,0.00416672852017,0.00416672852021,0.00416672853089,0.00416672852017,0.00416672852021,0.00416880823619,0.0
0.00416670400542,0.00416670406943,0.00460977895798,0.00572121369887,0.898000263736,0.0041667040048,0.0041667040048,0.0041667040048,0.0041667040048,0.0041667040048,0.0041667040048,0.0041667040048,0.0041667040048,0.0041667040048,0.0041667040048,0.0041667040048,0.0041667040048,0.0041667040048,0.0041667040048,0.0041667040048,0.00416670400483,0.00416670401128,0.0041667040048,0.00416670400483,0.00416795943448,0.0
0.00416668920654,0.00416668924523,0.00461003073684,0.0057236790756,0.897998369759,0.00416668920614,0.00416668920614,0.00416668920614,0.00416668920614,0.00416668920614,0.00416668920614,0.00416668920614,0.00416668920614,0.00416668920614,0.00416668920614,0.00416668920614,0.00416668920614,0.00416668920614,0.00416668920614,0.00416668920614,0.00416668920615,0.00416668921004,0.00416668920614,0.00416668920615,0.00416744705641,0.0
0.00416668027312,0.00416668029654,0.00461019853177,0.00572545340566,0.897996924549,0.00416668027285,0.00416668027285,0.00416668027285,0.00416668027285,0.00416668027285,0.00416668027285,0.00416668027285,0.00416668027285,0.00416668027285,0.00416668027285,0.00416668027285,0.00416668027285,0.00416668027285,0.00416668027285,0.00416668027285,0.00416668027286,0.00416668027521,0.00416668027285,0.00416668027286,0.00416713775706,0.0
0.0041666748804,0.00416667489458,0.00461031001171,0.00572672829182,0.89799583815,0.0041666748802,0.0041666748802,0.0041666748802,0.0041666748802,0.0041666748802,0.0041666748802,0.0041666748802,0.0041666748802,0.0041666748802,0.0041666748802,0.0041666748802,0.0041666748802,0.0041666748802,0.0041666748802,0.0041666748802,0.00416667488021,0.00416667488163,0.0041666748802,0.00416667488021,0.00416695104597,0.0
0.00416667162502,0.00416667163364,0.00461038387815,0.00572764306201,0.897995030592,0.00416667162487,0.00416667162487,0.00416667162487,0.00416667162487,0.00416667162487,0.00416667162487,0.00416667162487,0.00416667162487,0.00416667162487,0.00416667162487,0.00416667162487,0.00416667162487,0.00416667162487,0.00416667162487,0.00416667162487,0.00416667162488,0.00416667162573,0.00416667162487,0.00416667162488,0.00416683833587,0.0
0.00416666965987,0.00416666966513,0.00461043270731,0.00572829868386,0.897994435451,0.00416666965975,0.00416666965975,0.00416666965975,0.00416666965975,0.00416666965975,0.00416666965975,0.00416666965975,0.00416666965975,0.00416666965975,0.00416666965975,0.00416666965975,0.00416666965975,0.00416666965975,0.00416666965975,0.00416666965975,0.00416666965976,0.00416666966027,0.00416666965975,0.00416666965976,0.00416677029708,0.0
0.00416666847359,0.00416666847681,0.00461046491965,0.00572876811968,0.897993999789,0.00416666847348,0.00416666847348,0.00416666847348,0.00416666847348,0.00416666847348,0.00416666847348,0.00416666847348,0.00416666847348,0.00416666847348,0.00416666847348,0.00416666847348,0.00416666847348,0.00416666847348,0.00416666847348,0.00416666847348,0.00416666847349,0.0041666684738,0.00416666847348,0.00416666847349,0.00416672922459,0.0
0.00416666775747,0.00416666775947,0.004610486132,0.0057291039713,0.897993682559,0.00416666775738,0.00416666775738,0.00416666775738,0.00416666775738,0.00416666775738,0.00416666775738,0.00416666775738,0.00416666775738,0.00416666775738,0.00416666775738,0.00416666775738,0.00416666775738,0.00416666775738,0.00416666775738,0.00416666775738,0.00416666775738,0.00416666775757,0.00416666775738,0.00416666775738,0.00416670443063,0.0
0.00416666732517,0.00416666732644,0.00461050007896,0.00572934408828,0.897993452541,0.00416666732509,0.00416666732509,0.00416666732509,0.00416666732509,0.00416666732509,0.00416666732509,0.00416666732509,0.00416666732509,0.00416666732509,0.00416666732509,0.00416666732509,0.00416666732509,0.00416666732509,0.00416666732509,0.00416666732509,0.00416666732509,0.0041666673252,0.00416666732509,0.00416666732509,0.00416668946342,0.0
0.00416666706421,0.00416666706503,0.00461050923658,0.00572951566139,0.897993286326,0.00416666706413,0.00416666706413,0.00416666706413,0.00416666706413,0.00416666706413,0.00416666706413,0.00416666706413,0.00416666706413,0.00416666706413,0.00416666706413,0.00416666706413,0.00416666706413,0.00416666706413,0.00416666706413,0.00416666706413,0.00416666706413,0.0041666670642,0.00416666706413,0.00416666706413,0.00416668042825,0.0
0.00416666690668,0.00416666690723,0.00461051524251,0.0057296381979,0.897993166546,0.0041666669066,0.0041666669066,0.0041666669066,0.0041666669066,0.0041666669066,0.0041666669066,0.0041666669066,0.0041666669066,0.0041666669066,0.0041666669066,0.0041666669066,0.0041666669066,0.0041666669066,0.0041666669066,0.0041666669066,0.0041666669066,0.00416666690664,0.0041666669066,0.0041666669066,0.00416667497404,0.0
0.00416666681158,0.00416666681197,0.00461051917751,0.00572972567707,0.897993080422,0.00416666681151,0.00416666681151,0.00416666681151,0.00416666681151,0.00416666681151,0.00416666681151,0.00416666681151,0.00416666681151,0.00416666681151,0.00416666681151,0.00416666681151,0.00416666681151,0.00416666681151,0.00416666681151,0.00416666681151,0.00416666681151,0.00416666681153,0.00416666681151,0.00416666681151,0.00416667168153,0.0
0.00416666675418,0.00416666675446,0.0046105217535,0.00572978810716,0.897993018609,0.0041666667541,0.0041666667541,0.0041666667541,0.0041666667541,0.0041666667541,0.0041666667541,0.0041666667541,0.0041666667541,0.0041666667541,0.0041666667541,0.0041666667541,0.0041666667541,0.0041666667541,0.0041666667541,0.0041666667541,0.0041666667541,0.00416666675412,0.0041666667541,0.0041666667541,0.00416666969396,0.0
0.00416666671952,0.00416666671975,0.00461052343866,0.00572983264785,0.897992974311,0.00416666671945,0.00416666671945,0.00416666671945,0.00416666671945,0.00416666671945,0.00416666671945,0.00416666671945,0.00416666671945,0.00416666671945,0.00416666671945,0.00416666671945,0.00416666671945,0.00416666671945,0.00416666671945,0.00416666671945,0.00416666671945,0.00416666671946,0.00416666671945,0.00416666671945,0.00416666849414,0.0
0.0041666666986,0.0041666666988,0.00461052454045,0.00572986441752,0.897992942603,0.00416666669853,0.00416666669853,0.00416666669853,0.00416666669853,0.00416666669853,0.00416666669853,0.00416666669853,0.00416666669853,0.00416666669853,0.00416666669853,0.00416666669853,0.00416666669853,0.00416666669853,0.00416666669853,0.00416666669853,0.00416666669853,0.00416666669853,0.00416666669853,0.00416666669853,0.00416666776985,0.0
0.00416666668598,0.00416666668615,0.00461052526052,0.00572988707325,0.897992919929,0.0041666666859,0.0041666666859,0.0041666666859,0.0041666666859,0.0041666666859,0.0041666666859,0.0041666666859,0.0041666666859,0.0041666666859,0.0041666666859,0.0041666666859,0.0041666666859,0.0041666666859,0.0041666666859,0.0041666666859,0.0041666666859,0.0041666666859,0.0041666666859,0.0041666666859,0.00416666733262,0.0
0.00416666667835,0.00416666667851,0.00461052573097,0.00572990322676,0.897992903729,0.00416666667828,0.00416666667828,0.00416666667828,0.00416666667828,0.00416666667828,0.00416666667828,0.00416666667828,0.00416666667828,0.00416666667828,0.00416666667828,0.00416666667828,0.00416666667828,0.00416666667828,0.00416666667828,0.00416666667828,0.00416666667828,0.00416666667828,0.00416666667828,0.00416666667828,0.00416666706868,0.0
0.00416666667375,0.0041666666739,0.00461052603828,0.00572991474247,0.897992892162,0.00416666667368,0.00416666667368,0.00416666667368,0.00416666667368,0.00416666667368,0.00416666667368,0.00416666667368,0.00416666667368,0.00416666667368,0.00416666667368,0.00416666667368,0.00416666667368,0.00416666667368,0.00416666667368,0.00416666667368,0.00416666667368,0.00416666667368,0.00416666667368,0.00416666667368,0.00416666690935,0.0
0.00416666667097,0.00416666667112,0.00461052623901,0.00572992295088,0.897992883908,0.0041666666709,0.0041666666709,0.0041666666709,0.0041666666709,0.0041666666709,0.0041666666709,0.0041666666709,0.0041666666709,0.0041666666709,0.0041666666709,0.0041666666709,0.0041666666709,0.0041666666709,0.0041666666709,0.0041666666709,0.0041666666709,0.0041666666709,0.0041666666709,0.0041666666709,0.00416666681316,0.0
0.0041666666693,0.00416666666944,0.00461052637013,0.00572992880123,0.89799287802,0.00416666666922,0.00416666666922,0.00416666666922,0.00416666666922,0.00416666666922,0.00416666666922,0.00416666666922,0.00416666666922,0.00416666666922,0.00416666666922,0.00416666666922,0.00416666666922,0.00416666666922,0.00416666666922,0.00416666666922,0.00416666666922,0.00416666666922,0.00416666666922,0.00416666666922,0.0041666667551,0.0
0.00416666666828,0.00416666666842,0.0046105264558,0.00572993297054,0.897992873821,0.00416666666821,0.00416666666821,0.00416666666821,0.00416666666821,0.00416666666821,0.00416666666821,0.00416666666821,0.00416666666821,0.00416666666821,0.00416666666821,0.00416666666821,0.00416666666821,0.00416666666821,0.00416666666821,0.00416666666821,0.00416666666821,0.00416666666821,0.00416666666821,0.00416666666821,0.00416666672005,0.0
0.00416666666767,0.00416666666781,0.00461052651179,0.00572993594162,0.897992870828,0.0041666666676,0.0041666666676,0.0041666666676,0.0041666666676,0.0041666666676,0.0041666666676,0.0041666666676,0.0041666666676,0.0041666666676,0.0041666666676,0.0041666666676,0.0041666666676,0.0041666666676,0.0041666666676,0.0041666666676,0.0041666666676,0.0041666666676,0.0041666666676,0.0041666666676,0.00416666669889,0.0
0.0041666666673,0.00416666666744,0.0046105265484,0.00572993805868,0.897992868695,0.00416666666723,0.00416666666723,0.00416666666723,0.00416666666723,0.00416666666723,0.00416666666723,0.00416666666723,0.00416666666723,0.00416666666723,0.00416666666723,0.00416666666723,0.00416666666723,0.00416666666723,0.00416666666723,0.00416666666723,0.00416666666723,0.00416666666723,0.00416666666723,0.00416666666723,0.00416666668612,0.0
0.00416666666708,0.00416666666722,0.00461052657234,0.00572993956713,0.897992867175,0.00416666666701,0.00416666666701,0.00416666666701,0.00416666666701,0.00416666666701,0.00416666666701,0.00416666666701,0.00416666666701,0.00416666666701,0.00416666666701,0.00416666666701,0.00416666666701,0.00416666666701,0.00416666666701,0.00416666666701,0.00416666666701,0.00416666666701,0.00416666666701,0.00416666666701,0.00416666667841,0.0
0.00416666666695,0.00416666666708,0.00461052658802,0.00572994064188,0.897992866092,0.00416666666687,0.00416666666687,0.00416666666687,0.00416666666687,0.00416666666687,0.00416666666687,0.00416666666687,0.00416666666687,0.00416666666687,0.00416666666687,0.00416666666687,0.00416666666687,0.00416666666687,0.00416666666687,0.00416666666687,0.00416666666687,0.00416666666687,0.00416666666687,0.00416666666687,0.00416666667376,0.0
0.00416666666687,0.004166666667,0.00461052659829,0.0057299414076,0.89799286532,0.00416666666679,0.00416666666679,0.00416666666679,0.00416666666679,0.00416666666679,0.00416666666679,0.00416666666679,0.00416666666679,0.00416666666679,0.00416666666679,0.00416666666679,0.00416666666679,0.00416666666679,0.00416666666679,0.00416666666679,0.00416666666679,0.00416666666679,0.00416666666679,0.00416666666679,0.00416666667095,0.0
0.00416666666682,0.00416666666695,0.00461052660502,0.00572994195312,0.897992864771,0.00416666666674,0.00416666666674,0.00416666666674,0.00416666666674,0.00416666666674,0.00416666666674,0.00416666666674,0.00416666666674,0.00416666666674,0.00416666666674,0.00416666666674,0.00416666666674,0.00416666666674,0.00416666666674,0.00416666666674,0.00416666666674,0.00416666666674,0.00416666666674,0.00416666666674,0.00416666666925,0.0
0.00416666666679,0.00416666666692,0.00461052660944,0.00572994234175,0.897992864379,0.00416666666671,0.00416666666671,0.00416666666671,0.00416666666671,0.00416666666671,0.00416666666671,0.00416666666671,0.00416666666671,0.00416666666671,0.00416666666671,0.00416666666671,0.00416666666671,0.00416666666671,0.00416666666671,0.00416666666671,0.00416666666671,0.00416666666671,0.00416666666671,0.00416666666671,0.00416666666823,0.0
0.00416666666677,0.00416666666691,0.00461052661234,0.00572994261861,0.897992864101,0.00416666666669,0.00416666666669,0.00416666666669,0.00416666666669,0.00416666666669,0.00416666666669,0.00416666666669,0.00416666666669,0.00416666666669,0.00416666666669,0.00416666666669,0.00416666666669,0.00416666666669,0.00416666666669,0.00416666666669,0.00416666666669,0.00416666666669,0.00416666666669,0.00416666666669,0.00416666666761,0.0
0.00416666666676,0.00416666666689,0.00461052661425,0.00572994281584,0.897992863902,0.00416666666668,0.00416666666668,0.00416666666668,0.00416666666668,0.00416666666668,0.00416666666668,0.00416666666668,0.00416666666668,0.00416666666668,0.00416666666668,0.00416666666668,0.00416666666668,0.00416666666668,0.00416666666668,0.00416666666668,0.00416666666668,0.00416666666668,0.00416666666668,0.00416666666668,0.00416666666723,0.0
0.00416666666675,0.00416666666689,0.00461052661551,0.00572994295634,0.897992863761,0.00416666666668,0.00416666666668,0.00416666666668,0.00416666666668,0.00416666666668,0.00416666666668,0.00416666666668,0.00416666666668,0.00416666666668,0.00416666666668,0.00416666666668,0.00416666666668,0.00416666666668,0.00416666666668,0.00416666666668,0.00416666666668,0.00416666666668,0.00416666666668,0.00416666666668,0.00416666666701,0.0
0.00416666666675,0.00416666666688,0.00461052661634,0.00572994305643,0.89799286366,0.00416666666667,0.00416666666667,0.00416666666667,0.00416666666667,0.00416666666667,0.00416666666667,0.00416666666667,0.00416666666667,0.00416666666667,0.00416666666667,0.00416666666667,0.00416666666667,0.00416666666667,0.00416666666667,0.00416666666667,0.00416666666667,0.00416666666667,0.00416666666667,0.00416666666667,0.00416666666687,0.0
0.00416666666675,0.00416666666688,0.00461052661689,0.00572994312773,0.897992863588,0.00416666666667,0.00416666666667,0.00416666666667,0.00416666666667,0.00416666666667,0.00416666666667,0.00416666666667,0.00416666666667,0.00416666666667,0.00416666666667,0.00416666666667,0.00416666666667,0.00416666666667,0.00416666666667,0.00416666666667,0.00416666666667,0.00416666666667,0.00416666666667,0.00416666666667,0.00416666666679,0.0
0.00416666666674,0.00416666666688,0.00461052661726,0.00572994317851,0.897992863537,0.00416666666667,0.00416666666667,0.00416666666667,0.00416666666667,0.00416666666667,0.00416666666667,0.00416666666667,0.00416666666667,0.00416666666667,0.00416666666667,0.00416666666667,0.00416666666667,0.00416666666667,0.00416666666667,0.00416666666667,0.00416666666667,0.00416666666667,0.00416666666667,0.00416666666667,0.00416666666674,0.0
0.00416666666674,0.00416666666688,0.0046105266175,0.00572994321469,0.897992863501,0.00416666666667,0.00416666666667,0.00416666666667,0.00416666666667,0.00416666666667,0.00416666666667,0.00416666666667,0.00416666666667,0.00416666666667,0.00416666666667,0.00416666666667,0.00416666666667,0.00416666666667,0.00416666666667,0.00416666666667,0.00416666666667,0.00416666666667,0.00416666666667,0.00416666666667,0.00416666666671,0.0
0.00416666666674,0.00416666666688,0.00461052661766,0.00572994324046,0.897992863475,0.00416666666667,0.00416666666667,0.00416666666667,0.00416666666667,0.00416666666667,0.00416666666667,0.00416666666667,0.00416666666667,0.00416666666667,0.00416666666667,0.00416666666667,0.00416666666667,0.00416666666667,0.00416666666667,0.00416666666667,0.00416666666667,0.00416666666667,0.00416666666667,0.00416666666667,0.00416666666669,0.0
0.00416666666674,0.00416666666688,0.00461052661776,0.00572994325882,0.897992863456,0.00416666666667,0.00416666666667,0.00416666666667,0.00416666666667,0.00416666666667,0.00416666666667,0.00416666666667,0.00416666666667,0.00416666666667,0.00416666666667,0.00416666666667,0.00416666666667,0.00416666666667,0.00416666666667,0.00416666666667,0.00416666666667,0.00416666666667,0.00416666666667,0.00416666666667,0.00416666666668,0.0
0.00416666666674,0.00416666666688,0.00461052661783,0.0057299432719,0.897992863443,0.00416666666667,0.00416666666667,0.00416666666667,0.00416666666667,0.00416666666667,0.00416666666667,0.00416666666667,0.00416666666667,0.00416666666667,0.00416666666667,0.00416666666667,0.00416666666667,0.00416666666667,0.00416666666667,0.00416666666667,0.00416666666667,0.00416666666667,0.00416666666667,0.00416666666667,0.00416666666668,0.0
0.00416666666674,0.00416666666688,0.00461052661788,0.00572994328121,0.897992863434,0.00416666666667,0.00416666666667,0.00416666666667,0.00416666666667,0.00416666666667,0.00416666666667,0.00416666666667,0.00416666666667,0.00416666666667,0.00416666666667,0.00416666666667,0.00416666666667,0.00416666666667,0.00416666666667,0.00416666666667,0.00416666666667,0.00416666666667,0.00416666666667,0.00416666666667,0.00416666666667,0.0
0.00416666666674,0.00416666666688,0.00461052661791,0.00572994328784,0.897992863427,0.00416666666667,0.00416666666667,0.00416666666667,0.00416666666667,0.00416666666667,0.00416666666667,0.00416666666667,0.00416666666667,0.00416666666667,0.00416666666667,0.00416666666667,0.00416666666667,0.00416666666667,0.00416666666667,0.00416666666667,0.00416666666667,0.00416666666667,0.00416666666667,0.00416666666667,0.00416666666667,0.0
0.00416666666674,0.00416666666688,0.00461052661794,0.00572994329257,0.897992863423,0.00416666666667,0.00416666666667,0.00416666666667,0.00416666666667,0.00416666666667,0.00416666666667,0.00416666666667,0.00416666666667,0.00416666666667,0.00416666666667,0.00416666666667,0.00416666666667,0.00416666666667,0.00416666666667,0.00416666666667,0.00416666666667,0.00416666666667,0.00416666666667,0.00416666666667,0.00416666666667,0.0
0.00416666666674,0.00416666666688,0.00461052661795,0.00572994329594,0.897992863419,0.00416666666667,0.00416666666667,0.00416666666667,0.00416666666667,0.00416666666667,0.00416666666667,0.00416666666667,0.00416666666667,0.00416666666667,0.00416666666667,0.00416666666667,0.00416666666667,0.00416666666667,0.00416666666667,0.00416666666667,0.00416666666667,0.00416666666667,0.00416666666667,0.00416666666667,0.00416666666667,0.0
0.00416666666674,0.00416666666688,0.00461052661796,0.00572994329833,0.897992863417,0.00416666666667,0.00416666666667,0.00416666666667,0.00416666666667,0.00416666666667,0.00416666666667,0.00416666666667,0.00416666666667,0.00416666666667,0.00416666666667,0.00416666666667,0.00416666666667,0.00416666666667,0.00416666666667,0.00416666666667,0.00416666666667,0.00416666666667,0.00416666666667,0.00416666666667,0.00416666666667,0.0
0.00416666666674,0.00416666666688,0.00461052661797,0.00572994330004,0.897992863415,0.00416666666667,0.00416666666667,0.00416666666667,0.00416666666667,0.00416666666667,0.00416666666667,0.00416666666667,0.00416666666667,0.00416666666667,0.00416666666667,0.00416666666667,0.00416666666667,0.00416666666667,0.00416666666667,0.00416666666667,0.00416666666667,0.00416666666667,0.00416666666667,0.00416666666667,0.00416666666667,0.0
0.00416666666674,0.00416666666688,0.00461052661797,0.00572994330126,0.897992863414,0.00416666666667,0.00416666666667,0.00416666666667,0.00416666666667,0.00416666666667,0.00416666666667,0.00416666666667,0.00416666666667,0.00416666666667,0.00416666666667,0.00416666666667,0.00416666666667,0.00416666666667,0.00416666666667,0.00416666666667,0.00416666666667,0.00416666666667,0.00416666666667,0.00416666666667,0.00416666666667,0.0
0.00416666666674,0.00416666666688,0.00461052661797,0.00572994330213,0.897992863413,0.00416666666667,0.00416666666667,0.00416666666667,0.00416666666667,0.00416666666667,0.00416666666667,0.00416666666667,0.00416666666667,0.00416666666667,0.00416666666667,0.00416666666667,0.00416666666667,0.00416666666667,0.00416666666667,0.00416666666667,0.00416666666667,0.00416666666667,0.00416666666667,0.00416666666667,0.00416666666667,0.0
0.00416666666674,0.00416666666688,0.00461052661798,0.00572994330274,0.897992863412,0.00416666666667,0.00416666666667,0.00416666666667,0.00416666666667,0.00416666666667,0.00416666666667,0.00416666666667,0.00416666666667,0.00416666666667,0.00416666666667,0.00416666666667,0.00416666666667,0.00416666666667,0.00416666666667,0.00416666666667,0.00416666666667,0.00416666666667,0.00416666666667,0.00416666666667,0.00416666666667,0.0
0.00416666666674,0.00416666666688,0.00461052661798,0.00572994330318,0.897992863412,0.00416666666667,0.00416666666667,0.00416666666667,0.00416666666667,0.00416666666667,0.00416666666667,0.00416666666667,0.00416666666667,0.00416666666667,0.00416666666667,0.00416666666667,0.00416666666667,0.00416666666667,0.00416666666667,0.00416666666667,0.00416666666667,0.00416666666667,0.00416666666667,0.00416666666667,0.00416666666667,0.0
0.00416666666674,0.00416666666688,0.00461052661798,0.0057299433035,0.897992863412,0.00416666666667,0.00416666666667,0.00416666666667,0.00416666666667,0.00416666666667,0.00416666666667,0.00416666666667,0.00416666666667,0.00416666666667,0.00416666666667,0.00416666666667,0.00416666666667,0.00416666666667,0.00416666666667,0.00416666666667,0.00416666666667,0.00416666666667,0.00416666666667,0.00416666666667,0.00416666666667,0.0
0.00416666666674,0.00416666666688,0.00461052661798,0.00572994330372,0.897992863411,0.00416666666667,0.00416666666667,0.00416666666667,0.00416666666667,0.00416666666667,0.00416666666667,0.00416666666667,0.00416666666667,0.00416666666667,0.00416666666667,0.00416666666667,0.00416666666667,0.00416666666667,0.00416666666667,0.00416666666667,0.00416666666667,0.00416666666667,0.00416666666667,0.00416666666667,0.00416666666667,0.0
0.00416666666674,0.00416666666688,0.00461052661798,0.00572994330388,0.897992863411,0.00416666666667,0.00416666666667,0.00416666666667,0.00416666666667,0.00416666666667,0.00416666666667,0.00416666666667,0.00416666666667,0.00416666666667,0.00416666666667,0.00416666666667,0.00416666666667,0.00416666666667,0.00416666666667,0.00416666666667,0.00416666666667,0.00416666666667,0.00416666666667,0.00416666666667,0.00416666666667,0.0
0.00416666666674,0.00416666666688,0.00461052661798,0.00572994330399,0.897992863411,0.00416666666667,0.00416666666667,0.00416666666667,0.00416666666667,0.00416666666667,0.00416666666667,0.00416666666667,0.00416666666667,0.00416666666667,0.00416666666667,0.00416666666667,0.00416666666667,0.00416666666667,0.00416666666667,0.00416666666667,0.00416666666667,0.00416666666667,0.00416666666667,0.00416666666667,0.00416666666667,0.0
0.00416666666674,0.00416666666688,0.00461052661798,0.00572994330407,0.897992863411,0.00416666666667,0.00416666666667,0.00416666666667,0.00416666666667,0.00416666666667,0.00416666666667,0.00416666666667,0.00416666666667,0.00416666666667,0.00416666666667,0.00416666666667,0.00416666666667,0.00416666666667,0.00416666666667,0.00416666666667,0.00416666666667,0.00416666666667,0.00416666666667,0.00416666666667,0.00416666666667,0.0
0.00416666666674,0.00416666666688,0.00461052661798,0.00572994330413,0.897992863411,0.00416666666667,0.00416666666667,0.00416666666667,0.00416666666667,0.00416666666667,0.00416666666667,0.00416666666667,0.00416666666667,0.00416666666667,0.00416666666667,0.00416666666667,0.00416666666667,0.00416666666667,0.00416666666667,0.00416666666667,0.00416666666667,0.00416666666667,0.00416666666667,0.00416666666667,0.00416666666667,0.0
0.00416666666674,0.00416666666688,0.00461052661798,0.00572994330417,0.897992863411,0.00416666666667,0.00416666666667,0.00416666666667,0.00416666666667,0.00416666666667,0.00416666666667,0.00416666666667,0.00416666666667,0.00416666666667,0.00416666666667,0.00416666666667,0.00416666666667,0.00416666666667,0.00416666666667,0.00416666666667,0.00416666666667,0.00416666666667,0.00416666666667,0.00416666666667,0.00416666666667,0.0
0.00416666666674,0.00416666666688,0.00461052661798,0.0057299433042,0.897992863411,0.00416666666667,0.00416666666667,0.00416666666667,0.00416666666667,0.00416666666667,0.00416666666667,0.00416666666667,0.00416666666667,0.00416666666667,0.00416666666667,0.00416666666667,0.00416666666667,0.00416666666667,0.00416666666667,0.00416666666667,0.00416666666667,0.00416666666667,0.00416666666667,0.00416666666667,0.00416666666667,0.0
0.00416666666674,0.00416666666688,0.00461052661798,0.00572994330422,0.897992863411,0.00416666666667,0.00416666666667,0.00416666666667,0.00416666666667,0.00416666666667,0.00416666666667,0.00416666666667,0.00416666666667,0.00416666666667,0.00416666666667,0.00416666666667,0.00416666666667,0.00416666666667,0.00416666666667,0.00416666666667,0.00416666666667,0.00416666666667,0.00416666666667,0.00416666666667,0.00416666666667,0.0
0.00416666666674,0.00416666666688,0.00461052661798,0.00572994330423,0.897992863411,0.00416666666667,0.00416666666667,0.00416666666667,0.00416666666667,0.00416666666667,0.00416666666667,0.00416666666667,0.00416666666667,0.00416666666667,0.00416666666667,0.00416666666667,0.00416666666667,0.00416666666667,0.00416666666667,0.00416666666667,0.00416666666667,0.00416666666667,0.00416666666667,0.00416666666667,0.00416666666667,0.0
0.00416666666674,0.00416666666688,0.00461052661798,0.00572994330424,0.897992863411,0.00416666666667,0.00416666666667,0.00416666666667,0.00416666666667,0.00416666666667,0.00416666666667,0.00416666666667,0.00416666666667,0.00416666666667,0.00416666666667,0.00416666666667,0.00416666666667,0.00416666666667,0.00416666666667,0.00416666666667,0.00416666666667,0.00416666666667,0.00416666666667,0.00416666666667,0.00416666666667,0.0
0.00416666666674,0.00416666666688,0.00461052661798,0.00572994330425,0.897992863411,0.00416666666667,0.00416666666667,0.00416666666667,0.00416666666667,0.00416666666667,0.00416666666667,0.00416666666667,0.00416666666667,0.00416666666667,0.00416666666667,0.00416666666667,0.00416666666667,0.00416666666667,0.00416666666667,0.00416666666667,0.00416666666667,0.00416666666667,0.00416666666667,0.00416666666667,0.00416666666667,0.0
