-0.5 -0.5,-0.5 -1.0,-0.5 -1.5,-0.5 0.0,-0.5 0.5,-0.5 1.0,-0.5 1.5,-0.5 2.0,other
0.015625,0.015625,0.015625,0.015625,0.015625,0.015625,0.015625,0.015625,0.875
0.0182612936699,0.0170781600293,0.0169125031794,0.0180600317138,0.0183260171402,0.0159576724397,0.0160092634585,0.0160465953451,0.863348463024
0.0210329146159,0.0184641229335,0.0181340122085,0.0205620849279,0.0219347681008,0.0163668519063,0.0164852873028,0.0165603192613,0.850459638743
0.0238161160151,0.0197161266137,0.0192354729436,0.0230146698114,0.0268418431534,0.016871077979,0.0170764213381,0.0171900268577,0.836238245288
0.0264471858102,0.0207615552364,0.0201585048544,0.025276762441,0.0336106837753,0.0174887286122,0.0178069643191,0.0179622928398,0.820487322112
0.0287335545301,0.0215278534375,0.0208437571185,0.0271943396797,0.0430403131778,0.0182350378779,0.0186991393125,0.0189052168243,0.802820788042
0.0304738477077,0.0219492689597,0.0212340237792,0.0286148899071,0.0562270303639,0.0191178585873,0.0197686582218,0.0200469481804,0.782567474293
0.0314868240236,0.0219745437136,0.0212780257934,0.0294041539658,0.0745816905865,0.0201319895997,0.0210186236251,0.0214140890128,0.75871005968
0.0316498891853,0.0215768658777,0.0209379959731,0.0294682309758,0.0997036791746,0.0212526891028,0.0224323252978,0.0230307926066,0.729947531806
0.0309421648639,0.0207659102181,0.0202038858902,0.0287835580087,0.132970446936,0.0224321073018,0.0239689009155,0.0249220387086,0.695010987157
0.0294692985948,0.0195960209995,0.019109882865,0.0274234517652,0.17481391554,0.0236065228816,0.0255707614164,0.0271283704892,0.653281775448
0.0274392997746,0.0181611427444,0.0177388240103,0.0255535689001,0.22403189439,0.0247184295616,0.0271881610808,0.0297362676128,0.605432411926
0.0250950913721,0.0165753255118,0.0162042649876,0.0233850345235,0.277756102354,0.0257401100956,0.0288069718945,0.0329119639734,0.553525135287
0.0226507311417,0.0149484163335,0.0146200015018,0.0211151885151,0.332269809775,0.026676532339,0.0304544739275,0.0369167284929,0.500348117974
0.0202602499086,0.0133665320426,0.0130753305176,0.0188904196329,0.384118395005,0.0275450707078,0.0321789014502,0.0421005577201,0.448464543015
0.0180138558159,0.0118830066172,0.0116250714392,0.0167974633403,0.430816162444,0.0283503020611,0.0340223974361,0.0488940413139,0.399597699532
0.0159497320497,0.0105208483236,0.0102928519626,0.0148733668602,0.470931568029,0.0290687516862,0.0360041216684,0.0578149214317,0.354543837988
0.0140717301494,0.00928186073266,0.00908086693479,0.0131223716674,0.503785904748,0.029644964894,0.0381149217671,0.0694880411969,0.313409337909
0.0123654422803,0.00815628760816,0.00797973365915,0.0115313136741,0.529079178289,0.0299943012035,0.0403173755253,0.0846655785025,0.275910789258
0.010809459581,0.00712991675158,0.00697561024285,0.0100803402525,0.54661130986,0.030009831007,0.0425463375129,0.104230025033,0.24160716976
0.00938220046145,0.0061884781437,0.00605456084055,0.00874937249475,0.556136986672,0.0295743966512,0.0447088738568,0.129157755397,0.210047375483
0.00806590077419,0.00532024030521,0.00520511866594,0.00752186465369,0.557346989883,0.0285806434951,0.0466854194254,0.160414587865,0.180859234933
0.00684906199557,0.00451761257238,0.00441986219843,0.00638710268913,0.549969583369,0.0269602434087,0.0483360044582,0.198754910895,0.153805618413
0.0057278431791,0.00377805853106,0.00369631223947,0.00534150870975,0.533983827306,0.0247176896018,0.0495162147931,0.244421227497,0.128817318143
0.0047060516577,0.00310408801476,0.00303692548613,0.00438863500985,0.509899146417,0.0219550677644,0.0501052721936,0.296810350704,0.105994462753
0.0037929851678,0.00250183299018,0.00244770184036,0.00353715293432,0.478980550794,0.0188688905277,0.0500410516108,0.354270505348,0.0855593287862
0.00299897812245,0.00197810955009,0.00193531024866,0.00279670010129,0.443249249308,0.0157090714106,0.0493464945809,0.41422919416,0.0677568925184
0.00233007645253,0.00153690530382,0.00150365222567,0.00217291468545,0.405167474402,0.0127141021396,0.0481293439291,0.473710548385,0.0527349824773
0.00178440112824,0.00117698069792,0.00115151513955,0.00166404434817,0.367123752157,0.0100553278615,0.04655117459,0.530030953253,0.0404618508248
0.00135190167974,0.000891706400765,0.000872413149803,0.00126071644671,0.330983034354,0.00781565285601,0.0447824242249,0.581322173547,0.0307199773413
0.00101696487018,0.000670783947797,0.000656270643312,0.000948370782075,0.297894456623,0.0060021384199,0.0429665499014,0.626679962361,0.0231645024516
0.000761933743405,0.000502566872713,0.000491693156139,0.000710541298279,0.268352626134,0.00457432890597,0.0412045720325,0.665999150788,0.0174025870692
0.000569908289397,0.000375908002163,0.000367774706179,0.000531467845057,0.242386154279,0.00347113426577,0.0395566431355,0.699684158974,0.0130568505037
0.00042627635736,0.000281169231544,0.000275085724995,0.00039752382879,0.219754399138,0.00262880282005,0.0380516595662,0.728384815446,0.00980026788759
0.000319189936881,0.000210535673533,0.000205980411513,0.000297660365382,0.200095507255,0.00199008797949,0.0366979280598,0.752815852745,0.0073672575727
0.000239423664565,0.000157922327399,0.000154505421862,0.000223274327669,0.183018083074,0.00150748779563,0.0354917163817,0.773656821803,0.00555076520451
0.000179971664242,0.000118708155576,0.000116139700164,0.000167832376428,0.168149616469,0.00114332851289,0.0344230911408,0.791507938588,0.00419337339255
0.000135591832282,8.94354959309e-05,8.7500394725e-05,0.000126445981961,0.155157582441,0.000868514405384,0.0334795182976,0.80687824479,0.00317716636108
0.000102393666183,6.75381953096e-05,6.60768739089e-05,9.54870524657e-05,0.143755355933,0.000660920133953,0.0326479142782,0.820189781621,0.0024145322457
7.75008372228e-05,5.11190440729e-05,5.0012976221e-05,7.22732653808e-05,0.13370061901,0.000503866281591,0.0319157222897,0.831788266735,0.00184061956105
5.8789096545e-05,3.8776900272e-05,3.79378748911e-05,5.48236511729e-05,0.124790604435,0.000384834228004,0.0312714130484,0.841955350017,0.00140747074852
4.46885812713e-05,2.94762917975e-05,2.88385013411e-05,4.16742335576e-05,0.116856432197,0.000294444342727,0.0307046627799,0.850920189987,0.00107959308515
3.40371233655e-05,2.24506596968e-05,2.19648819445e-05,3.17412324517e-05,0.109757608701,0.000225669092942,0.0302063600232,0.858869498688,0.000830669596993
2.59723494363e-05,1.71311878015e-05,1.67605074998e-05,2.42204414966e-05,0.103377127653,0.000173237849333,0.0297685285777,0.865955883558,0.000641137875768
1.98526317302e-05,1.30946624473e-05,1.28113210583e-05,1.85135108106e-05,0.0976172966877,0.000133191137499,0.0293842152416,0.872304609904,0.000496414903156
1.51992379885e-05,1.00253148528e-05,9.80838587893e-06,1.41739987763e-05,0.092396268387,0.00010254850068,0.0290473684108,0.878019010907,0.000385596857451
1.16539628334e-05,7.68687502882e-06,7.52054397728e-06,1.08678611513e-05,0.0876451959319,7.90615264154e-05,0.0287527207427,0.883184786534,0.000300506022045
8.94803876136e-06,5.90206565388e-06,5.77435366959e-06,8.34445899162e-06,0.0833059177472,6.10302312483e-05,0.028495681928,0.887873410425,0.00023499075178
6.87926522621e-06,4.53751655494e-06,4.43933044213e-06,6.41523036359e-06,0.0793290788342,4.71664112017e-05,0.0282722437357,0.892144829738,0.000184409938872
5.29513398211e-06,3.49263428603e-06,3.41705734662e-06,4.93795387508e-06,0.0756726074134,3.64917676836e-05,0.028078897485,0.896049608357,0.000145252197287
4.08033985811e-06,2.6913643122e-06,2.63312541681e-06,3.80510184446e-06,0.0723004783732,2.82617939788e-05,0.0279125631243,0.899630633122,0.000114853654712
3.14750811738e-06,2.07607483322e-06,2.03114982163e-06,2.93519309826e-06,0.0691817073279,2.19087716714e-05,0.0277705286912,0.902924477149,9.11881343216e-05
2.430288551e-06,1.60300169124e-06,1.56831332673e-06,2.26635286858e-06,0.0662895298714,1.6998972187e-05,0.0276503988303,0.905962493718,7.27106520589e-05
1.87819670645e-06,1.23884567785e-06,1.2120372224e-06,1.75150198183e-06,0.0636007296302,1.32004427164e-05,0.0275500510884,0.908771697944,5.82403134803e-05
1.452749101e-06,9.58223345506e-07,9.37487289624e-07,1.35475275355e-06,0.0610950860775,1.02586989378e-05,0.0274675988268,0.911375480759,4.68724251015e-05
1.1245598939e-06,7.4175199119e-07,7.25700217384e-07,1.04870149171e-06,0.0587549189751,7.97833990305e-06,0.027401359732,0.913794189899,3.79123402291e-05
8.71154171692e-07,5.74607313662e-07,5.62172466893e-07,8.12389277719e-07,0.0565647110203,6.20911029074e-06,0.0273498290469,0.916045604973,3.08255266861e-05
6.75316947979e-07,4.45434424455e-07,4.35794844396e-07,6.2976232774e-07,0.0545107939975,4.83531111355e-06,0.0273116567747,0.918145327829,2.5199779599e-05
5.23843780078e-07,3.45523762853e-07,3.38046246478e-07,4.88506881757e-07,0.0525810866901,3.76773779023e-06,0.0272856282283,0.920107104869,2.07165539361e-05
4.06593279062e-07,2.68186137774e-07,2.62382223946e-07,3.79165623147e-07,0.0507648751359,2.93753039396e-06,0.0272706473952,0.921943094447,1.71291643776e-05
3.15767124561e-07,2.08277830331e-07,2.03770359637e-07,2.94466257661e-07,0.0490526276575,2.2914739229e-06,0.0272657226768,0.92366408974,1.42461702148e-05
2.45361932268e-07,1.61839049292e-07,1.58336546595e-07,2.28810353473e-07,0.0474358385613,1.78840050625e-06,0.0272699546313,0.925279705374,1.19186849937e-05
1.90751224349e-07,1.25818201578e-07,1.23095224539e-07,1.77883508558e-07,0.0459068955641,1.39643072281e-06,0.0272825254119,0.926798534381,1.00306640494e-05
1.48366100788e-07,9.7861265224e-08,9.57433102232e-08,1.38357561495e-07,0.0444589669297,1.09085511942e-06,0.0273026896411,0.928228280789,8.49145663139e-06
1.15450934877e-07,7.61506477862e-08,7.45025425157e-08,1.07662765914e-07,0.0430859050441,8.52505048884e-07,0.0273297665048,0.929575872095,7.2300838708e-06
8.98761997023e-08,5.92817279558e-08,5.79986953621e-08,8.38132423592e-08,0.0417821637464,6.66498138617e-07,0.0273631328852,0.930847555066,6.19083469352e-06
6.99948741385e-08,4.6168141934e-08,4.5168913547e-08,6.52730701388e-08,0.0405427272173,5.21271038079e-07,0.0274022173788,0.932048977658,5.32987013931e-06
5.45321442901e-08,3.59690312534e-08,3.51905347242e-08,5.08534287603e-08,0.0393630486087,4.07832788485e-07,0.0274464950717,0.933185259341,4.61260067646e-06
4.25005811293e-08,2.80330945287e-08,2.74263517837e-08,3.96334971394e-08,0.0382389969126,3.19187861235e-07,0.0274954829649,0.934261051684,4.01165710914e-06
3.31348386114e-08,2.18555147817e-08,2.13824721972e-08,3.08995565743e-08,0.0371668108252,2.49889850264e-07,0.0275487359556,0.935280590739,3.50531808952e-06
2.58413283988e-08,1.7044765234e-08,1.66758420864e-08,2.40980601128e-08,0.0361430585645,1.95695898482e-07,0.0276058433,0.93624774249,3.0762894399e-06
2.01593990941e-08,1.32970033967e-08,1.30091943921e-08,1.87994304141e-08,0.0351646027747,1.5329887969e-07,0.0276664254892,0.937166042417,2.71075497556e-06
1.57313629828e-08,1.03763009158e-08,1.0151706526e-08,1.46701083233e-08,0.034228569789,1.20119664014e-07,0.0277301314837,0.938038730041,2.39763717951e-06
1.22793342514e-08,8.09936622105e-09,7.92405360899e-09,1.14509534653e-08,0.0333323226378,9.41458584778e-08,0.0277966362581,0.938868779184,2.12802032793e-06
9.58731649367e-09,6.32372956813e-09,6.18684918236e-09,8.94054003871e-09,0.0324734372849,7.38065309016e-08,0.0278656386154,0.939658924555,1.89469956366e-06
7.48733943522e-09,4.93859891817e-09,4.83169896301e-09,6.98222869363e-09,0.0316496816527,5.78748188144e-08,0.0279368592362,0.940411685169,1.6918277647e-06
5.8487219529e-09,3.8577778993e-09,3.77427205949e-09,5.45415382072e-09,0.030858997067,4.53921659503e-08,0.0280100389318,0.941129385036,1.5146384633e-06
4.56975084651e-09,3.01417718207e-09,2.94893112202e-09,4.26146363905e-09,0.0300994818011,3.56093463904e-08,0.0280849370769,0.94181417149,1.35922799667e-06
3.57122778833e-09,2.35555809186e-09,2.30456806471e-09,3.33030244384e-09,0.0293693764514,2.79405292861e-08,0.0281613301989,0.942468031464,1.2223838618e-06
2.79146206795e-09,1.84122985797e-09,1.80137278823e-09,2.60314112302e-09,0.0286670509108,2.19274806085e-08,0.0282390107036,0.943092805972,1.10144916987e-06
2.18238303243e-09,1.43948540598e-09,1.40832446388e-09,2.0351518396e-09,0.0279909927423,1.72116501024e-08,0.0283177857234,0.943690203042,9.94215352008e-07
1.70652024761e-09,1.12560949299e-09,1.101242775e-09,1.59139190233e-09,0.0273397967795,1.35123956954e-08,0.028397476071,0.944261809275,8.9883701203e-07
1.3346565297e-09,8.80330663424e-10,8.61273374591e-10,1.24461511738e-09,0.0267121558081,1.060998783e-08,0.0284779152875,0.944809100209,8.13764172013e-07
1.04400305862e-09,6.88617566397e-10,6.73710252356e-10,9.73570004291e-10,0.0261068521989,8.33233854311e-09,0.0285589487739,0.945333449627,7.37688202451e-07
8.16779801708e-10,5.38742612936e-10,5.27079656144e-10,7.61675981177e-10,0.0255227503817,6.54463458672e-09,0.0286404329963,0.945836137935,6.69498540742e-07
6.39110759663e-10,4.21553287815e-10,4.12427174179e-10,5.95993135417e-10,0.0249587900629,5.14123585007e-09,0.0287222347574,0.946318359721,6.08247932429e-07
5.00163870673e-10,3.29904836221e-10,3.22762699762e-10,4.66420148495e-10,0.0244139801046,4.03934167241e-09,0.0288042305259,0.946781230587,5.53124420314e-07
3.91481135718e-10,2.58218419e-10,2.52628149233e-10,3.65069610219e-10,0.0238873929883,3.17403747481e-09,0.0288863058186,0.947225793323,5.03428688788e-07
3.06456706574e-10,2.02136863083e-10,1.97760662975e-10,2.85781314403e-10,0.0233781598026,2.49441956475e-09,0.0289683546296,0.947653023526,4.58555668796e-07
2.39930114718e-10,1.5825635805e-10,1.5483010894e-10,2.23742928273e-10,0.0228854656958,1.96056244561e-09,0.0290502789009,0.948063834686,4.17979541637e-07
1.8786913604e-10,1.23917275864e-10,1.21234429773e-10,1.75194251008e-10,0.0224085457444,1.54114472747e-09,0.0291319880319,0.948459082833,3.81241461861e-07
1.47122462586e-10,9.70410348331e-11,9.49400376646e-11,1.37196570224e-10,0.0219466811951,1.21159006527e-09,0.0292133984223,0.948839570755,3.47939462032e-07
1.1522675866e-10,7.60028351377e-11,7.43573043912e-11,1.07452734109e-10,0.0214991960398,9.52610988359e-10,0.0292944330463,0.949206051868,3.17720113923e-07
9.02561005992e-11,5.95323503177e-11,5.82434022773e-11,8.41667480646e-11,0.0210654538915,7.4906800374e-10,0.0293750210554,0.94955923374,2.90271608483e-07
7.07044584196e-11,4.66362129712e-11,4.56264676604e-11,6.59341842401e-11,0.0206448551291,5.89075486512e-10,0.0294550974054,0.949899781329,2.6531798594e-07
5.53939446343e-11,3.65374962913e-11,3.57463923452e-11,5.16566199777e-11,0.0202368342857,4.6330080564e-10,0.0295346025089,0.950228319948,2.42614301829e-07
4.34031630907e-11,2.8628453444e-11,2.80085859476e-11,4.04748203402e-11,0.0198408576562,3.64414796238e-10,0.029613481907,0.950545437989,2.21942557623e-07
3.40112415383e-11,2.24336018268e-11,2.19478592127e-11,3.17165463358e-11,0.0194564211033,2.86660801916e-10,0.0296916859624,0.950851689429,2.03108258599e-07
2.66541052436e-11,1.75808814387e-11,1.72002066843e-11,2.4855778401e-11,0.0190830480417,2.25516632736e-10,0.0297691695696,0.951147596139,1.85937488456e-07
2.08903071088e-11,1.37791166557e-11,1.34807563446e-11,1.94808516981e-11,0.0187202875863,1.77429352803e-10,0.0298458918821,0.951433650012,1.70274411532e-07
1.63743203107e-11,1.08004002337e-11,1.05665349392e-11,1.52695505012e-11,0.0183677128463,1.39607166836e-10,0.0299218160556,0.951710314926,1.55979130446e-07
1.28356596598e-11,8.46632189626e-12,8.28299466976e-12,1.19696380886e-11,0.0180249193542,1.09856082708e-10,0.0299969090044,0.951978028564,1.42925840522e-07
1.00625565854e-11,6.63720046359e-12,6.4934784148e-12,9.38363306552e-12,0.0176915236163,8.64516939008e-11,0.0300711411724,0.952237204091,1.31001233187e-07
7.88919234985e-12,5.20366296513e-12,5.09098113103e-12,7.3569038703e-12,0.0173671617738,6.80385137333e-11,0.0301444863163,0.952488231713,1.20103109179e-07
6.18571224685e-12,4.08005807072e-12,3.99170586764e-12,5.7683566523e-12,0.0170514883654,5.35509282907e-11,0.0302169212996,0.952731480122,1.10139169399e-07
4.8504137383e-12,3.19930343737e-12,3.13002265686e-12,4.52315042928e-12,0.0167441751825,4.21511157599e-11,0.0302884258991,0.952967297835,1.01025956841e-07
3.80363430948e-12,2.50885417868e-12,2.45452425842e-12,3.54699729465e-12,0.0164449102079,3.31802833838e-11,0.0303589826205,0.953196014438,9.26879275917e-08
2.98296850321e-12,1.96754805189e-12,1.92493964341e-12,2.78170213288e-12,0.016153396633,2.6120359722e-11,0.0304285765241,0.95341794175,8.5056632562e-08
2.33952454863e-12,1.54313635472e-12,1.50971834408e-12,2.18167179492e-12,0.0158693519447,2.05638964213e-11,0.0304971950599,0.953633374897,7.80699946263e-08
1.83499422369e-12,1.21035122578e-12,1.18413959527e-12,1.71118264322e-12,0.0155925070776,1.61904170922e-11,0.030564827911,0.953842593318,7.16716682992e-08
1.43935897746e-12,9.49392617677e-13,9.28832063621e-13,1.34224143189e-12,0.0153226056259,1.27478299918e-11,0.0306314668456,0.954045861701,6.58104710837e-08
1.12909392554e-12,7.4474366414e-13,7.28614861486e-13,1.05291047128e-12,0.0150594031099,1.00378185795e-11,0.0306971055763,0.95424343086,6.04398772875e-08
8.85761487299e-13,5.84243052103e-13,5.71590002163e-13,8.25996147117e-13,0.014802666293,7.90435731905e-12,0.0307617396268,0.954435538552,5.5517566474e-08
6.949100034e-13,4.58358556972e-13,4.48431663282e-13,6.48021844505e-13,0.0145521725446,6.22468317596e-12,0.0308253662065,0.954622410235,5.10050198523e-08
5.45211099461e-13,3.59618053212e-13,3.51829516317e-13,5.08423510924e-13,0.0143077092465,4.90219694614e-12,0.0308879840903,0.954804259789,4.68671588586e-08
4.27783969645e-13,2.82163816117e-13,2.76052678114e-13,3.98919528469e-13,0.0140690732381,3.86088134376e-12,0.0309495935062,0.954981290178,4.30720209766e-08
3.35666022269e-13,2.2140336303e-13,2.16608111797e-13,3.13017073648e-13,0.0138360702983,3.0409113318e-12,0.0310101960275,0.95515369408,3.95904685139e-08
2.63398143278e-13,1.73735895758e-13,1.69972992114e-13,2.45625362197e-13,0.0136085146609,2.39520171479e-12,0.0310697944722,0.955321654468,3.63959266136e-08
2.06699728522e-13,1.3633795392e-13,1.33384999758e-13,1.92752606292e-13,0.0133862285616,1.88669162423e-12,0.031128392807,0.955485345165,3.34641472611e-08
1.62214030713e-13,1.06995447402e-13,1.04677990682e-13,1.51268542542e-13,0.0131690418128,1.48620842281e-12,0.0311859960562,0.955644931356,3.07729964531e-08
1.27308588728e-13,8.39720207775e-14,8.21532107377e-14,1.1871832605e-13,0.0129567914064,1.17078725092e-12,0.0312426102169,0.955800570073,2.83022620443e-08
9.99188110729e-14,6.590588194e-14,6.44783582467e-14,9.31766671506e-14,0.0127493211402,9.2234891494e-13,0.0312982421776,0.955952410647,2.6033480087e-08
7.84253717183e-14,5.17289331594e-14,5.06084661155e-14,7.31334992563e-14,0.0125464812681,7.26659621072e-13,0.0313528996421,0.956100595139,2.39497777376e-08
6.15581012786e-14,4.06033783002e-14,3.9723881717e-14,5.74043544635e-14,0.0123481281714,5.72512408066e-13,0.0314065910575,0.956245258735,2.20357310261e-08
4.83206418093e-14,3.18720255919e-14,3.1181645786e-14,4.50601018822e-14,0.0121541240496,4.51082982878e-13,0.0314593255463,0.956386530126,2.0277235978e-08
3.79313748743e-14,2.50193241458e-14,2.44773726494e-14,3.53718612999e-14,0.01196433663,3.55422764522e-13,0.0315111128425,0.956524531866,1.86613917502e-08
2.97771047042e-14,1.96408136505e-14,1.92153614659e-14,2.77678113619e-14,0.0117786388949,2.80059882561e-13,0.0315619632316,0.956659380697,1.71763945852e-08
2.33767396997e-14,1.54191689133e-14,1.50851595122e-14,2.17993215136e-14,0.0115969088237,2.20685120379e-13,0.0316118874939,0.956791187871,1.58114415205e-08
1.83528119696e-14,1.21054143208e-14,1.18431834425e-14,1.71143931486e-14,0.0114190291511,1.73904702781e-13,0.0316608968511,0.956920059441,1.45566429036e-08
1.440914184e-14,9.50419148466e-15,9.29830596638e-15,1.34368311255e-14,0.0112448871383,1.37045688263e-13,0.031709002917,0.957046096542,1.34029428605e-08
1.13133203421e-14,7.4622047963e-15,7.3005516202e-15,1.05499081934e-14,0.0110743743582,1.0800276266e-13,0.03175621765,0.95716939565,1.23420469571e-08
8.88296952054e-15,5.85915880876e-15,5.73223040817e-15,8.28355234609e-15,0.0109073864915,8.5117619075e-14,0.0318025533098,0.957290048832,1.13663563699e-08
6.97496517346e-15,4.60064962058e-15,4.50098313103e-15,6.50429672924e-15,0.0107438231352,6.70839876013e-14,0.0318480224157,0.95740814398,1.04689079508e-08
5.47698278276e-15,3.61258862187e-15,3.53432589405e-15,5.10739598981e-15,0.0105835876213,5.28728561912e-14,0.031892637709,0.957523765026,9.64331963458e-09
4.30086545138e-15,2.83682802502e-15,2.7753703746e-15,4.01064169847e-15,0.0104265868455,4.16735866799e-14,0.0319364121164,0.957636992154,8.88374069096e-09
3.37742087595e-15,2.22772897868e-15,2.17946626079e-15,3.1495103879e-15,0.0102727311052,3.28475447887e-14,0.0319793587169,0.957747901993,8.18480637353e-09
2.65233920998e-15,1.74946901426e-15,1.71156701168e-15,2.47335685252e-15,0.0101219339461,2.58915827407e-14,0.0320214907104,0.957856567802,7.54159656026e-09
2.08299017104e-15,1.37392943666e-15,1.34416300228e-15,1.94242736754e-15,0.00997411201723,2.0409279563e-14,0.032062821389,0.957963059644,6.94959802084e-09
1.63590988171e-15,1.0790376592e-15,1.05565976022e-15,1.52551610344e-15,0.00982918493375,1.60882899263e-14,0.0321033641098,0.958067444552,6.40466998041e-09
1.28482881128e-15,8.47466445385e-16,8.291053799e-16,1.19812613147e-15,0.00968707514638,1.26825032158e-14,0.0321431322697,0.958169786681,5.90301268116e-09
1.00912423853e-15,6.65613162333e-16,6.51191883789e-16,9.41026306313e-16,0.00954770781824,9.99799066333e-15,0.0321821392828,0.958270147458,5.44113867147e-09
7.92605790715e-16,5.2279872926e-16,5.11471520966e-16,7.3911875109e-16,0.00941101070772,7.88193573921e-15,0.0322203985583,0.958368585718,5.01584657787e-09
6.22562325726e-16,4.10638946428e-16,4.01741712615e-16,5.80550051623e-16,0.00927691405747,6.21391410164e-15,0.0322579234812,0.958465157837,4.62419713776e-09
4.89013883748e-16,3.22551086706e-16,3.15562330632e-16,4.56013683262e-16,0.00914535048892,4.89902410395e-15,0.0322947273938,0.958559917854,4.26349129185e-09
3.84124559815e-16,2.53366629646e-16,2.47876819852e-16,3.58202500541e-16,0.00901625490217,3.8624749063e-15,0.032330823579,0.958652917588,3.9312501537e-09
3.01741659524e-16,1.99027291199e-16,1.94714811844e-16,2.81378989027e-16,0.00888956438091,3.0453227325e-15,0.0323662252453,0.958744206749,3.62519669048e-09
2.3703396053e-16,1.56346423021e-16,1.52958692452e-16,2.21037935757e-16,0.00876521810194,2.40111155379e-15,0.0324009455119,0.958833833043,3.3432389646e-09
1.86207754907e-16,1.22821715612e-16,1.20160361939e-16,1.73641632232e-16,0.00864315724925,1.89322624692e-15,0.0324349973969,0.95892184227,3.08345479916e-09
1.46283938781e-16,9.64881678707e-17,9.43973894149e-17,1.36412005457e-16,0.00852332493218,1.49280703773e-15,0.0324683938048,0.959008278419,2.84407774293e-09
1.14923017818e-16,7.58026616898e-17,7.41600877137e-17,1.07167431658e-16,0.00840566610758,1.17710614227e-15,0.0325011475164,0.959093183753,2.62348422172e-09
9.02877233578e-17,5.95533443113e-17,5.82628587001e-17,8.41946228087e-17,0.00829012750576,9.28192798966e-16,0.0325332711791,0.959176598895,2.42018177307e-09
7.09351515806e-17,4.67884839146e-17,4.57745899993e-17,6.61480440623e-17,0.00817665755984,7.31932795901e-16,0.0325647772982,0.959258562909,2.23279827058e-09
5.57320781746e-17,3.67606116325e-17,3.59640070369e-17,5.19709428738e-17,0.00806520633853,5.77184279796e-16,0.0325956782294,0.959339113372,2.06007205245e-09
4.37884664438e-17,2.88826638601e-17,2.82567654293e-17,4.08333439098e-17,0.00795572548201,4.55163985218e-16,0.0326259861721,0.959418286445,1.90084287657e-09
3.44052583622e-17,2.26935455167e-17,2.22017602535e-17,3.20833631252e-17,0.00784816814083,3.58947752331e-16,0.0326557131629,0.959496116942,1.75404363105e-09
2.70333790397e-17,1.78310896113e-17,1.74446714018e-17,2.52089785903e-17,0.00774248891758,2.83076865876e-16,0.0326848710707,0.959572638393,1.61869273578e-09
2.12415450659e-17,1.40108237986e-17,1.37071901356e-17,1.98080111247e-17,0.00763864381127,2.2324778569e-16,0.0327134715919,0.959647883103,1.49388717598e-09
1.66909852196e-17,1.10092962935e-17,1.07707062279e-17,1.55645508589e-17,0.00753659016424,1.76067595597e-16,0.0327415262465,0.959721882211,1.37879611391e-09
1.31155886189e-17,8.65098169572e-18,8.46349746666e-18,1.22304449975e-17,0.0074362866114,1.38861244721e-16,0.0327690463746,0.959794665741,1.27265502979e-09
1.0306314533e-17,6.79799778384e-18,6.65066923162e-18,9.61075967013e-18,0.00733769303183,1.09519607628e-16,0.0327960431339,0.959866262659,1.17476034702e-09
8.09894859726e-18,5.34202957875e-18,5.22625352362e-18,7.55236237161e-18,0.00724077050251,8.63797158167e-17,0.0328225274972,0.959936700916,1.0844645009e-09
6.36448682762e-18,4.19798668987e-18,4.10700372694e-18,5.93495487707e-18,0.00714548125403,6.81303458497e-17,0.0328485102504,0.960006007494,1.00117141335e-09
5.00158321449e-18,3.29902178695e-18,3.22752100949e-18,4.66403048572e-18,0.0070517886283,5.3737593614e-17,0.0328740019917,0.960074208456,9.24332339657e-10
3.93061787274e-18,2.59261798243e-18,2.5364264762e-18,3.66534246459e-18,0.00695965703813,4.23862021297e-17,0.03289901313,0.960141328978,8.53442055934e-10
3.08903787807e-18,2.03751567102e-18,1.99335459273e-18,2.88055929661e-18,0.00686905192846,3.34333070847e-17,0.0329235538851,0.960207393398,7.88035358797e-10
2.4276976256e-18,1.60129864879e-18,1.5665916055e-18,2.26385200173e-18,0.00677993973932,2.63719709218e-17,0.0329476342867,0.960272425246,7.27683851241e-10
1.90798420175e-18,1.25849802309e-18,1.23122053409e-18,1.77921349756e-18,0.00669228787038,2.08024332025e-17,0.032971264175,0.960336447283,6.71992990804e-10
1.49955931566e-18,9.89102801851e-19,9.67664032232e-19,1.39835291281e-18,0.00660606464697,1.64094438568e-17,0.0329944532012,0.960399481531,6.20599378242e-10
1.17858549894e-18,7.7738990381e-19,7.60539748928e-19,1.09904148959e-18,0.00652123928751,1.29443918237e-17,0.0330172108279,0.960461549311,5.73168266745e-10
9.26332678624e-19,6.11005061005e-19,5.97761145944e-19,8.63813190493e-19,0.00643778187235,1.02112142013e-17,0.0330395463303,0.960522671268,5.29391273425e-10
7.28083526754e-19,4.80240792762e-19,4.69831116897e-19,6.78943919818e-19,0.00635566331386,8.05528589448e-18,0.033061468797,0.9605828674,4.88984276359e-10
5.72273500475e-19,3.77469180364e-19,3.69287052916e-19,5.33649597781e-19,0.00627485532779,6.35465910547e-18,0.033082987132,0.960642157089,4.51685481877e-10
4.49815237871e-19,2.96696241865e-19,2.90264873699e-19,4.19456149456e-19,0.00619533040577,5.01315550481e-18,0.0331041100556,0.960700559121,4.17253648067e-10
3.53567774291e-19,2.33211829755e-19,2.28156511642e-19,3.29704541179e-19,0.00611706178891,3.95491914379e-18,0.033124846107,0.960758091719,3.85466451665e-10
2.77919525322e-19,1.83314568541e-19,1.79340809925e-19,2.59161906151e-19,0.00604002344255,3.12012111529e-18,0.033145203645,0.960814772556,3.56118986552e-10
2.18460643839e-19,1.44095743035e-19,1.4097209392e-19,2.03716012771e-19,0.00596419003192,2.46157235431e-18,0.0331651908514,0.960870618788,3.29022383091e-10
1.71725590396e-19,1.13269499018e-19,1.10814051453e-19,1.60135207973e-19,0.00588953689885,1.9420525134e-18,0.033184815732,0.960925647065,3.04002538406e-10
1.34990865489e-19,8.90394283928e-20,8.7109209142e-20,1.25879799838e-19,0.00581604003935,1.53220348255e-18,0.0332040861198,0.96097987356,2.8089894856e-10
1.06116079851e-19,6.99937399036e-20,6.84763748583e-20,9.89538535514e-20,0.0057436760821,1.20886815705e-18,0.0332230096767,0.961033313982,2.59563634313e-10
8.34190742348e-20,5.50228887312e-20,5.38300523908e-20,7.77887389962e-20,0.00567242226776,9.53780312079e-19,0.0332415938962,0.961085983596,2.39860152859e-10
6.55777915695e-20,4.32548518246e-20,4.23171194646e-20,6.1151625314e-20,0.00560225642914,7.5253135403e-19,0.0332598461061,0.961137897243,2.21662688544e-10
5.15531687469e-20,3.4004267679e-20,3.3267069756e-20,4.80735765511e-20,0.00553315697204,5.93755417136e-19,0.033277773471,0.961189069352,2.04855216169e-10
4.05285441331e-20,2.673246981e-20,2.61529125298e-20,3.77930484437e-20,0.0054651028569,4.68486651259e-19,0.0332953829947,0.961239513959,1.89330730985e-10
3.18620422765e-20,2.10160799243e-20,2.05604464766e-20,2.97114866071e-20,0.00539807358116,3.69652305903e-19,0.0333126815232,0.961289244721,1.74990540005e-10
2.50491556532e-20,1.65223270091e-20,1.61641137086e-20,2.3358433592e-20,0.0053320491622,2.91672910382e-19,0.0333296757474,0.961338274929,1.61743609664e-10
1.96933390778e-20,1.29896515382e-20,1.2708024334e-20,1.83641078508e-20,0.00526701012102,2.3014691759e-19,0.0333463722056,0.961386617524,1.49505965295e-10
1.5482900479e-20,1.02124627307e-20,9.99104408071e-21,1.44378541405e-20,0.00520293746647,1.81601963138e-19,0.0333627772867,0.961434285109,1.38200138239e-10
1.21728394766e-20,8.02915935807e-21,7.85507473794e-21,1.13512078086e-20,0.00513981268011,1.43298664285e-19,0.0333788972327,0.961481289959,1.27754656769e-10
9.57057412011e-21,6.31271516298e-21,6.17584362897e-21,8.92458483382e-21,0.00507761770159,1.13075858069e-19,0.0333947381414,0.961527644039,1.18103577302e-10
7.5247231483e-21,4.96327968795e-21,4.85566481291e-21,7.01682117549e-21,0.00501633491458,8.92285240232e-20,0.0334103059695,0.961573359007,1.09186052674e-10
5.91628949199e-21,3.90236295167e-21,3.81774980738e-21,5.51695130661e-21,0.00495594713325,7.04114869262e-20,0.0334256065355,0.96161844623,1.009459345e-10
4.65173087828e-21,3.06826484981e-21,3.00173605776e-21,4.3377464901e-21,0.00489643758917,5.55634540088e-20,0.0334406455218,0.961662916796,9.33314069076e-11
3.65751351274e-21,2.41248278715e-21,2.36017243576e-21,3.4106360398e-21,0.00483778991876,4.38470916254e-20,0.0334554284784,0.961706781517,8.62946491258e-11
2.87583133907e-21,1.89688811955e-21,1.85575688428e-21,2.68171549419e-21,0.00477998815113,3.46017538277e-20,0.033469960825,0.961750050944,7.97915246321e-11
2.26124136554e-21,1.4915068296e-21,1.45916519945e-21,2.10860903109e-21,0.0047230166964,2.73061909193e-20,0.0334842478542,0.961792735376,7.37812947422e-11
1.77801897342e-21,1.1727750991e-21,1.14734441627e-21,1.65800327217e-21,0.00466686033439,2.15491304961e-20,0.0334982947337,0.961834844864,6.82263546951e-11
1.39807910573e-21,9.22168133955e-22,9.02171356067e-22,1.30370877604e-21,0.00461150420378,1.70060686347e-20,0.0335121065097,0.961876389223,6.3091990448e-11
1.09934222647e-21,7.2512235761e-22,7.09398183792e-22,1.02513628351e-21,0.00455693379152,1.3420959996e-20,0.033525688109,0.961917378041,5.83461545338e-11
8.64449866872e-22,5.70188190665e-22,5.5782355318e-22,8.06098955777e-22,0.00450313492279,1.05917725387e-20,0.0335390443418,0.961957820681,5.39592594732e-11
6.79754950356e-22,4.48364073348e-22,4.38641066161e-22,6.33870845823e-22,0.00445009375114,8.35909096269e-21,0.0335521799045,0.961997726294,4.99039873479e-11
5.34528099943e-22,3.52572949113e-22,3.44927105311e-22,4.98446775229e-22,0.00439779674907,6.59712529057e-21,0.0335650993823,0.962037103822,4.61551142579e-11
4.20333716128e-22,2.77250728118e-22,2.71238218801e-22,3.91960523097e-22,0.00434623069892,5.20661689075e-21,0.0335778072513,0.962075962007,4.26893484863e-11
3.30539503093e-22,2.18022772672e-22,2.13294619248e-22,3.08227456538e-22,0.00429538268401,4.10924143893e-21,0.0335903078816,0.962114309395,3.94851812896e-11
2.59930894111e-22,1.7144957377e-22,1.67731373754e-22,2.42384980342e-22,0.00424524008017,3.24319287232e-21,0.0336026055392,0.962152154344,3.65227493169e-11
2.04407936056e-22,1.34826817306e-22,1.31902804574e-22,1.90609880297e-22,0.00419579054749,2.55969908898e-21,0.0336147043891,0.96218950503,3.37837077441e-11
1.60746994428e-22,1.06028205636e-22,1.03728718272e-22,1.49896112027e-22,0.0041470220224,2.02027276077e-21,0.033626608497,0.962226369449,3.12511132774e-11
1.26413414191e-22,8.33818894023e-23,8.15735165115e-23,1.17880106428e-22,0.00409892270992,1.59454213369e-21,0.0336383218322,0.962262755429,2.89093162525e-11
9.94142379763e-23,6.55733210179e-23,6.41511557201e-23,9.27034288067e-23,0.0040514810763,1.25853943204e-21,0.0336498482695,0.962298670627,2.6743861113e-11
7.81824146648e-23,5.15688790948e-23,5.04504273989e-23,7.29048029619e-23,0.00400468584179,9.93350312635e-22,0.0336611915919,0.962334122542,2.47413946132e-11
6.14857639906e-23,4.05558218399e-23,3.96762133926e-23,5.73352203768e-23,0.00395852597371,7.84048192424e-22,0.0336723554924,0.962369118511,2.28895811374e-11
4.83554032792e-23,3.18950776e-23,3.1203300003e-23,4.50911979366e-23,0.00391299067972,6.18853348602e-22,0.0336833435765,0.962403665723,2.11770245802e-11
3.80294747399e-23,2.50841275943e-23,2.45400654885e-23,3.54623034779e-23,0.00386806940132,4.88469372545e-22,0.0336941593641,0.962437771215,1.9593196274e-11
2.99089017877e-23,1.9727822947e-23,1.92999298441e-23,2.78898984542e-23,0.00382375180755,3.85559564701e-22,0.0337048062917,0.962471441883,1.81283684905e-11
2.3522602524e-23,1.55154396271e-23,1.51789072452e-23,2.19346994352e-23,0.00378002778891,3.04333751366e-22,0.0337152877147,0.96250468448,1.67735530827e-11
1.85001385011e-23,1.22026376728e-23,1.19379564454e-23,1.72512730325e-23,0.00373688745144,2.40222232289e-22,0.0337256069089,0.962537505624,1.5520444864e-11
1.45502092432e-23,9.5972762548e-24,9.38910341295e-24,1.35679820107e-23,0.00369432111106,1.89618481765e-22,0.033735767073,0.962569911802,1.43613693574e-11
1.14437428794e-23,7.54826031864e-24,7.38452981539e-24,1.0671217283e-23,0.00365231928799,1.49676102723e-22,0.0337457713301,0.962601909369,1.32892345736e-11
9.00060043141e-24,5.93677077941e-24,5.80799337666e-24,8.39299965023e-24,0.0036108727014,1.18148592152e-22,0.0337556227298,0.962633504556,1.22974865038e-11
7.07912134847e-24,4.66936879378e-24,4.56808167628e-24,6.6012310071e-24,0.00356997226426,9.32628896321e-23,0.0337653242502,0.962664703474,1.13800680402e-11
5.56790301495e-24,3.67257355142e-24,3.59290751817e-24,5.19202873167e-24,0.00352960907828,7.36195850413e-23,0.0337748787993,0.962695512112,1.05313810565e-11
4.37933677466e-24,2.88859865916e-24,2.82593777004e-24,4.08369802944e-24,0.00348977442908,5.81141640028e-23,0.0337842892171,0.962725936344,9.74625140341e-12
3.44452508147e-24,2.2719995108e-24,2.2227134352e-24,3.21199217875e-24,0.00345045978141,4.58748552282e-23,0.0337935582771,0.962755981932,9.01989659441e-12
2.70928462534e-24,1.78703696263e-24,1.74827049773e-24,2.52638544913e-24,0.00341165677463,3.62135793779e-23,0.0338026886882,0.962785654529,8.3478959713e-12
2.13100336965e-24,1.40560424571e-24,1.37511179123e-24,1.98714229211e-24,0.00337335721825,2.85872372261e-23,0.0338116830961,0.962814959678,7.72616315924e-12
1.67616903476e-24,1.10559676195e-24,1.08161214743e-24,1.56301265579e-24,0.00333555308765,2.25671573796e-23,0.0338205440853,0.96284390282,7.15092063352e-12
1.31842555917e-24,8.69630132209e-25,8.50764245337e-25,1.22941963833e-24,0.00329823651987,1.78149834214e-23,0.0338292741799,0.962872489294,6.6186762348e-12
1.0370447303e-24,6.84032088963e-25,6.6919236629e-25,9.67034286786e-25,0.00326139980962,1.40636430347e-23,0.0338378758462,0.962900724338,6.12620148259e-12
8.15724283407e-25,5.38049706255e-25,5.26376816828e-25,7.6065482732e-25,0.00322503540531,1.1102327866e-23,0.0338463514931,0.962928613096,5.67051154798e-12
6.41642722116e-25,4.23225962301e-25,4.14044011978e-25,5.98325287874e-25,0.00318913590527,8.76463873161e-24,0.0338547034744,0.962956160615,5.24884675791e-12
5.04716016676e-25,3.32909460047e-25,3.25686828847e-25,4.70642371596e-25,0.00315369405405,6.91922899822e-24,0.0338629340897,0.962983371851,4.85865551266e-12
3.97013054835e-25,2.61868860384e-25,2.56187402024e-25,3.70210366726e-25,0.00311870273883,5.4624196116e-24,0.033871045586,0.963010251671,4.49757850805e-12
3.12295933907e-25,2.05989660223e-25,2.01520478042e-25,2.91212470657e-25,0.00308415498594,4.31237023959e-24,0.033879040159,0.963036804851,4.16343416176e-12
2.45658427778e-25,1.62035726448e-25,1.58520121346e-25,2.29073661856e-25,0.00305004395749,3.40447858459e-24,0.0338869199545,0.963063036084,3.85420515132e-12
1.93241659436e-25,1.2746175438e-25,1.24696240346e-25,1.80195565739e-25,0.0030163629481,2.68774904509e-24,0.0338946870694,0.963088949979,3.56802597819e-12
1.52010489259e-25,1.00265774163e-25,9.80902928534e-26,1.41747937776e-25,0.00298310538167,2.1219264573e-24,0.0339023435534,0.963114551062,3.30317147934e-12
1.19577651756e-25,7.88731518832e-26,7.71618031719e-26,1.11504671886e-25,0.00295026480835,1.67523369982e-24,0.0339098914097,0.963139843779,3.05804621353e-12
9.40654433995e-26,6.20453592718e-26,6.06991105887e-26,8.77148250609e-26,0.00291783490149,1.32258592111e-24,0.0339173325966,0.963164832499,2.8311746552e-12
7.39969422818e-26,4.88082225077e-26,4.77491744883e-26,6.90011803128e-26,0.00288580945472,1.04418096428e-24,0.0339246690285,0.963189521514,2.6211921341e-12
5.82104531933e-26,3.83954904366e-26,3.75623666133e-26,5.42804672111e-26,0.00285418237917,8.24386726899e-25,0.0339319025768,0.963213915042,2.42683646367e-12
4.57922185954e-26,3.02044509213e-26,2.95490501418e-26,4.27006152855e-26,0.00282294770062,6.50862896006e-25,0.0339390350715,0.963238017226,2.24694020527e-12
3.60234951918e-26,2.37610226981e-26,2.3245428748e-26,3.35914032766e-26,0.00279209955691,5.13867680868e-25,0.0339460683019,0.963261832139,2.08042351977e-12
2.83389287437e-26,1.86922995198e-26,1.82866863096e-26,2.64256439367e-26,0.0027616321953,4.05710570185e-25,0.0339530040174,0.963285363785,1.9262875616e-12
2.22938148133e-26,1.47049554337e-26,1.43858606176e-26,2.07886549088e-26,0.00273153996991,3.20320352145e-25,0.0339598439293,0.963308616099,1.78360837373e-12
1.75383482564e-26,1.15682598161e-26,1.13172268556e-26,1.63542465719e-26,0.00270181733933,2.52904116877e-25,0.033966589711,0.963331592948,1.65153124549e-12
1.37973693945e-26,9.10071800252e-27,8.90322802999e-27,1.28658355052e-26,0.00267245886416,1.99678076304e-25,0.0339732429992,0.963354298135,1.52926549778e-12
1.0854433395e-26,7.15956349339e-27,7.00419512108e-27,1.01215893155e-26,0.00264345920471,1.5765507398e-25,0.0339798053952,0.963376735399,1.41607966321e-12
8.53927994297e-27,5.63249298208e-27,5.51026140644e-27,7.96274221135e-27,0.00261481311873,1.24476844331e-25,0.0339862784651,0.963398908415,1.31129703094e-12
6.71797733798e-27,4.43116542723e-27,4.33500256197e-27,6.26440446085e-27,0.00258651545924,9.82815960701e-26,0.0339926637414,0.963420820798,1.21429152864e-12
5.28517012503e-27,3.48608860979e-27,3.41043415001e-27,4.92833337772e-27,0.00255856117234,7.75994800261e-26,0.0339989627235,0.963442476103,1.12448391567e-12
4.15798124645e-27,2.7425970079e-27,2.68307675163e-27,3.87724713553e-27,0.00253094529514,6.12700687133e-26,0.0340051768783,0.963463877826,1.04133826402e-12
3.27121556089e-27,2.15768805011e-27,2.11086085622e-27,3.05035209596e-27,0.00250366295375,4.83772119779e-26,0.0340113076415,0.963485029404,9.64358705079e-13
2.57358696461e-27,1.69753353384e-27,1.66069226978e-27,2.39982463736e-27,0.0024767093613,3.81976094486e-26,0.0340173564182,0.96350593422,8.9308642189e-13
2.02475064442e-27,1.3355221067e-27,1.30653706524e-27,1.88804376147e-27,0.00245007981599,3.01602112312e-26,0.0340233245836,0.9635265956,8.27096868503e-13
1.59296862651e-27,1.0507194681e-27,1.02791519106e-27,1.48541424268e-27,0.00242376969927,2.38141666519e-26,0.0340292134837,0.963547016816,7.65997198975e-13
1.25327346412e-27,8.2665714201e-28,8.08715522715e-28,1.16865428705e-27,0.00239777447397,1.88035210755e-26,0.0340350244362,0.963567201089,7.09423890226e-13
9.86023755704e-28,6.50379700141e-28,6.36263757714e-28,9.19448569402e-28,0.00237208968256,1.48472398925e-26,0.0340407587312,0.963587151586,6.5704054402e-13
7.75767875427e-28,5.1169528119e-28,5.00589196021e-28,7.23388675216e-28,0.00234671094538,1.17234379981e-26,0.0340464176317,0.963606871422,6.08535854503e-13
6.1035014432e-28,4.0258602339e-28,3.93847964477e-28,5.69139616006e-28,0.00232163395902,9.25692929295e-27,0.0340520023745,0.963626363666,5.63621728761e-13
4.80207707823e-28,3.16744286504e-28,3.09869301538e-28,4.47784176244e-28,0.00229685449463,7.3093971943e-27,0.0340575141705,0.963645631334,5.22031548811e-13
3.77817426115e-28,2.49207821926e-28,2.43798643327e-28,3.5230714559e-28,0.00227236839636,5.77163433421e-27,0.034062954206,0.963664677397,4.83518564334e-13
2.97260768122e-28,1.96072777712e-28,1.91816855883e-28,2.7718958818e-28,0.00224817157977,4.55741581782e-27,0.0340683236426,0.963683504777,4.47854406249e-13
