-10.0 -10.0 -10.0,-10.0 -10.0 0.0,-10.0 -10.0 10.0,-10.0 0.0 -10.0,-10.0 0.0 0.0,-10.0 0.0 10.0,-10.0 10.0 -10.0,-10.0 10.0 0.0,-10.0 10.0 10.0,0.0 -10.0 -10.0,0.0 -10.0 0.0,0.0 -10.0 10.0,0.0 0.0 -10.0,0.0 0.0 0.0,0.0 0.0 10.0,0.0 10.0 -10.0,0.0 10.0 0.0,0.0 10.0 10.0,10.0 -10.0 -10.0,10.0 -10.0 0.0,10.0 -10.0 10.0,10.0 0.0 -10.0,10.0 0.0 0.0,10.0 0.0 10.0,10.0 10.0 -10.0,10.0 10.0 0.0,10.0 10.0 10.0,other
0.037037037037,0.037037037037,0.037037037037,0.037037037037,0.037037037037,0.037037037037,0.037037037037,0.037037037037,0.037037037037,0.037037037037,0.037037037037,0.037037037037,0.037037037037,0.037037037037,0.037037037037,0.037037037037,0.037037037037,0.037037037037,0.037037037037,0.037037037037,0.037037037037,0.037037037037,0.037037037037,0.037037037037,0.037037037037,0.037037037037,0.037037037037,0.0
0.0357142857143,0.0357142857143,0.0357142857144,0.0357142857143,0.0357142857143,0.0357142857144,0.0357142857143,0.0357142857143,0.0357142857144,0.0357148102078,0.0357152833763,0.0357168157264,0.0399011037551,0.0422174760658,0.0506493170002,0.0361032267638,0.0370855049364,0.0375631483483,0.0357284080992,0.0357509219904,0.0358057353965,0.0361448171665,0.0364720148163,0.0380522570915,0.0362517851921,0.0366774768413,0.0370213257972,0.0
0.0342144780581,0.0342144780582,0.0342144780583,0.0342144780582,0.0342144780582,0.0342144780583,0.0342144780581,0.0342144780582,0.0342144780584,0.0342155567623,0.0342164975333,0.0342192548573,0.0430678124411,0.0486784345699,0.0676187010775,0.0349894242239,0.0369577676875,0.0376625855294,0.0342428494138,0.0342894341707,0.0343880851804,0.0350691577877,0.0357261223396,0.0386387057335,0.0352772773762,0.0361522130061,0.0366598177856,0.0
0.0325339144582,0.0325339144583,0.0325339144584,0.0325339144582,0.0325339144583,0.0325339144585,0.0325339144582,0.0325339144583,0.0325339144587,0.0325355719511,0.032536959775,0.0325406085922,0.0465142696052,0.0569113326018,0.0878062282437,0.0336830377777,0.0366165419195,0.0372868662452,0.0325763704397,0.0326485562679,0.032779060709,0.0337950350693,0.0347785677079,0.0387225757723,0.0340935438473,0.0354424286518,0.0359272146983,0.0
0.0306830113918,0.030683011392,0.0306830113922,0.0306830113919,0.030683011392,0.0306830113923,0.0306830113919,0.030683011392,0.0306830113925,0.0306852609387,0.0306870565972,0.0306912503295,0.0501873303334,0.0676406123984,0.110502819484,0.0321842960738,0.0360335337399,0.0364189929397,0.030738990793,0.0308381374132,0.0309877569654,0.0323199566844,0.0336201690133,0.0382631331716,0.0326932725993,0.0345398919852,0.0348204360114,0.0
0.0286855502809,0.0286855502811,0.0286855502813,0.028685550281,0.0286855502811,0.0286855502815,0.0286855502809,0.0286855502812,0.0286855502817,0.0286883840526,0.0286905279413,0.0286949280161,0.0539960269234,0.0819132744388,0.134329819623,0.0305067763127,0.0351939298483,0.0350789526133,0.0287539885469,0.0288810510962,0.0290367983474,0.030654759977,0.0322551497246,0.0372627273142,0.0310836596487,0.0334479892935,0.0333613037508,0.0
0.0265723428419,0.0265723428422,0.0265723428424,0.026572342842,0.0265723428423,0.0265723428427,0.026572342842,0.0265723428423,0.026572342843,0.0265757183131,0.0265781321958,0.026582434948,0.0578046446707,0.101183251105,0.157293281588,0.0286725153334,0.0340960426991,0.0333173650527,0.026651577837,0.0268067522856,0.0269561341329,0.0288189745495,0.0306976890606,0.0357632745844,0.029282679795,0.0321776432743,0.0315908029941,0.0
0.0243712392999,0.0243712393002,0.0243712393005,0.0243712393,0.0243712393004,0.0243712393007,0.0243712393,0.0243712393004,0.0243712393012,0.02437506427,0.0243776568424,0.0243816206526,0.0614256665403,0.127339231466,0.177010218606,0.0267029410322,0.0327452429225,0.0311983214416,0.0244589436312,0.024641179968,0.0247730976133,0.0268318411579,0.0289637922719,0.033828780062,0.0273104041835,0.030738908188,0.0295559354478,0.0
0.0220994137726,0.0220994137731,0.0220994137733,0.0220994137728,0.0220994137733,0.0220994137736,0.0220994137728,0.0220994137733,0.0220994137741,0.0221035369968,0.0221062113388,0.0221096768251,0.0646132653008,0.162573362649,0.191062032875,0.0246111278952,0.0311463531365,0.0287809581911,0.0221925781606,0.0223990028478,0.0225047001527,0.0247044579955,0.0270635627241,0.0315238420944,0.0251807093648,0.0291333621699,0.0272965353231,0.0
0.0197651433257,0.0197651433262,0.0197651433263,0.0197651433259,0.0197651433264,0.0197651433267,0.0197651433259,0.0197651433265,0.0197651433272,0.0197693614608,0.0197720210502,0.0197749180682,0.0670659973184,0.208931370828,0.197429289608,0.0224029993605,0.0293032417862,0.0261132550051,0.0198601641215,0.0200855590762,0.0201595247166,0.0224408719505,0.0250018812176,0.02890380079,0.0229015602703,0.0273552546602,0.0248426387751,0.0
0.0173825755115,0.017382575512,0.0173825755121,0.0173825755117,0.0173825755122,0.0173825755125,0.0173825755117,0.0173825755123,0.0173825755129,0.0173866641179,0.0173892163579,0.0173915544936,0.0684605268536,0.267413603361,0.195003304922,0.020092140963,0.0272335280118,0.0232462475827,0.0174755326895,0.0177121801703,0.0177528628326,0.0200531508234,0.0227932585199,0.0260271126453,0.0204894198578,0.0254074731625,0.0222290430267,0.0
0.0149936710074,0.0149936710078,0.0149936710078,0.0149936710075,0.014993671008,0.0149936710082,0.0149936710075,0.014993671008,0.0149936710085,0.0149974333316,0.0149997947148,0.015001638837,0.0685391914397,0.3368072164,0.18410091855,0.0177232491698,0.0249956820775,0.0202622605515,0.0150808549878,0.015319175078,0.0153291847295,0.0175857666532,0.0204866423913,0.022984423175,0.0179932708591,0.0233287889728,0.0195214690109,0.0
0.0126794573655,0.0126794573658,0.0126794573659,0.0126794573656,0.012679457366,0.0126794573662,0.0126794573656,0.0126794573661,0.0126794573665,0.0126827672931,0.0126848745073,0.0126863137532,0.0672330580895,0.413052713738,0.166660348399,0.0153852620504,0.0227065508394,0.0172921699283,0.0127580359575,0.0129882147589,0.0129735618348,0.0151301851803,0.0181801023324,0.0199177021253,0.0155087964374,0.0212121308179,0.0168320956646,0.0
0.0105420166579,0.0105420166582,0.0105420166583,0.0105420166581,0.0105420166584,0.0105420166585,0.010542016658,0.0105420166584,0.0105420166588,0.010544831827,0.0105466536388,0.010547776029,0.0647310608194,0.490150464464,0.145713402515,0.0131926795555,0.0205199125988,0.0144938554362,0.0106105133572,0.010824570348,0.0107928939849,0.0128072406191,0.0160010538878,0.0169984296533,0.0131599701519,0.0191871775253,0.0142993636642,0.0
0.00866415983413,0.00866415983438,0.00866415983441,0.00866415983425,0.00866415983449,0.00866415983462,0.0086641598342,0.00866415983454,0.00866415983483,0.00866650325781,0.00866804213545,0.00866892177948,0.06141098844,0.56240679351,0.12426915216,0.0112410618334,0.0185695066706,0.0119983922065,0.00872244859369,0.00891558849846,0.00887414418621,0.0107219859468,0.0140572291141,0.0143704536595,0.0110531624809,0.0173698500257,0.0120383369915,0.0
0.00708061526734,0.00708061526754,0.00708061526757,0.00708061526743,0.00708061526763,0.00708061526774,0.0070806152674,0.00708061526767,0.00708061526791,0.00708254448318,0.00708382633985,0.00708452094998,0.0576789939033,0.626294436366,0.104398492489,0.00957406663327,0.0169237877736,0.009869502906,0.00712949897173,0.00730009988913,0.00725450152451,0.00892819529934,0.0123995118439,0.0121062114702,0.00924173254449,0.0158208857958,0.0101036534085,0.0
0.00578043937278,0.00578043937295,0.00578043937297,0.00578043937286,0.00578043937302,0.00578043937311,0.00578043937284,0.00578043937306,0.00578043937325,0.00578202135541,0.00578308214289,0.00578363518634,0.053847868412,0.680714757044,0.087055088058,0.00818511728996,0.0155852630549,0.00810516977953,0.00582114202667,0.00596982286245,0.00592380389978,0.00742727568515,0.0110231692099,0.0102080213639,0.00772580788731,0.0145436404645,0.00849135992019,0.0
0.00472732127234,0.00472732127247,0.00472732127249,0.0047273212724,0.00472732127253,0.00472732127261,0.00472732127238,0.00472732127256,0.00472732127272,0.00472861877358,0.00472949503641,0.00472993889895,0.0501085130267,0.726168545771,0.072407115573,0.00703945015636,0.0145178984154,0.00666489253487,0.00476113021938,0.00488970093286,0.00484546990588,0.00618905738741,0.00989210508273,0.00863699948687,0.00647392831749,0.0135073159412,0.0071639330871,0.0
0.00387809262637,0.00387809262649,0.0038780926265,0.00387809262643,0.00387809262653,0.00387809262659,0.00387809262641,0.00387809262656,0.00387809262669,0.00387915917019,0.00387988357499,0.00388024240515,0.0465571064976,0.763843695591,0.0602328836465,0.00609443203082,0.0136734796574,0.00549559668668,0.00390618203505,0.00401689650609,0.00397561985457,0.00517242207121,0.00896137309493,0.00734057703526,0.0054440665354,0.0126699358327,0.00607361413552,0.0
0.00319268565141,0.0031926856515,0.00319268565151,0.00319268565145,0.00319268565154,0.00319268565159,0.00319268565144,0.00319268565156,0.00319268565167,0.00319356498936,0.00319416504434,0.00319445697794,0.0432317323505,0.795052998845,0.0501793402497,0.00531045056801,0.0130061028899,0.0045461850527,0.00321605859735,0.00331119883192,0.00327339420669,0.00433716383435,0.00818922964542,0.00626789302829,0.00459552031873,0.0119911884872,0.00517518521931,0.0
0.00263755880627,0.00263755880635,0.00263755880636,0.00263755880631,0.00263755880638,0.00263755880642,0.00263755880629,0.0026375588064,0.00263755880648,0.00263828607909,0.00263878432865,0.00263902312845,0.040139462973,0.820987292415,0.0418873928868,0.00465460811802,0.0124773297458,0.00377302307745,0.00265704659397,0.00273873065498,0.00270453366214,0.00364861333356,0.00754119643984,0.00537556081122,0.00389342945774,0.0114371172879,0.00443053974946,0.0
0.00218590118766,0.00218590118772,0.00218590118773,0.00218590118769,0.00218590118775,0.00218590118778,0.00218590118767,0.00218590118776,0.00218590118783,0.00218650447851,0.00218691920136,0.00218711543356,0.0372725040019,0.842643464952,0.0350392320526,0.00410090654109,0.0120567217201,0.00314077498204,0.00220218398669,0.00227229677585,0.00224162770756,0.00307847810124,0.00699024846637,0.00462853965577,0.00330949820686,0.010980711026,0.0038091620213,0.0
0.00181668461131,0.00181668461136,0.00181668461137,0.00181668461134,0.00181668461139,0.00181668461141,0.00181668461133,0.0018166846114,0.00181668461146,0.00181718638959,0.00181753236966,0.00181769424089,0.0346168409158,0.860827435806,0.0293693897513,0.00362920698802,0.0117207211455,0.00262146088086,0.0018303167724,0.00189050035888,0.00186316458228,0.00260419782466,0.00651566503015,0.00399915639881,0.00282126220609,0.0106009923284,0.00328711450813,0.0
0.00151350171827,0.00151350171832,0.00151350171832,0.00151350171829,0.00151350171833,0.00151350171836,0.00151350171829,0.00151350171834,0.00151350171839,0.00151392003495,0.00151420924948,0.00151434320334,0.032156568954,0.87618188062,0.0246616050714,0.00322398412576,0.0114512138243,0.00219308408795,0.00152493532405,0.00157660496609,0.0015523522905,0.00220791308922,0.00610166673182,0.0034656930169,0.00241100036351,0.0102817906381,0.00284571894354,0.0
0.00126352704537,0.0012635270454,0.00126352704541,0.00126352704538,0.00126352704542,0.00126352704544,0.00126352704538,0.00126352704543,0.00126352704547,0.00126387647754,0.00126411866457,0.00126422981037,0.0298759281422,0.889217734571,0.0207413892024,0.00287323062829,0.0112342453533,0.00183834127393,0.00127313179875,0.00131750105435,0.00129606042429,0.00187547389888,0.00573622447304,0.00301107020195,0.0020647099076,0.0100106287268,0.00247036198172,0.0
0.00105668193315,0.00105668193318,0.00105668193319,0.00105668193317,0.0010566819332,0.00105668193321,0.00105668193316,0.0010566819332,0.00105668193324,0.00105697431693,0.00105717742783,0.00105726985231,0.0277601708502,0.900342164899,0.0174682217293,0.00256759042738,0.0110590014675,0.00154355995783,0.00106476127957,0.00110286859375,0.00108396806209,0.00159561419863,0.00541012198497,0.0026217718425,0.00177126268482,0.00977782958067,0.00214953344571,0.0
0.000884992279716,0.000884992279741,0.000884992279745,0.000884992279728,0.000884992279753,0.000884992279766,0.000884992279724,0.000884992279758,0.000884992279787,0.000885237276027,0.000885407831836,0.000885484828732,0.0257958557376,0.909881297808,0.0147287081141,0.00229970271115,0.0109170360733,0.0012978689432,0.000891796254365,0.000924529825947,0.000907907744183,0.00135930330715,0.00511624918941,0.0022870123242,0.00152174768377,0.00957583525853,0.00187408857082,0.0
0.000742103293358,0.00074210329338,0.000742103293382,0.000742103293368,0.000742103293389,0.000742103293401,0.000742103293365,0.000742103293394,0.000742103293418,0.00074230882571,0.000742452196736,0.000742516438099,0.0239708721888,0.918097997624,0.0124309839807,0.00206371444568,0.0108016979579,0.0010925649374,0.000747838702335,0.000775958513407,0.000761369467361,0.00115924861356,0.00484907867475,0.00199810620692,0.00130897029268,0.00939869796311,0.00163669333048,0.0
0.000622914608834,0.000622914608852,0.000622914608854,0.000622914608842,0.00062291460886,0.000622914608869,0.000622914608839,0.000622914608864,0.000622914608884,0.000623087203731,0.000623207829473,0.000623261495254,0.0222743480759,0.925205559757,0.0105002760738,0.00185492013853,0.0107077072461,0.00092063250729,0.000627753101452,0.000651909927403,0.000639127525176,0.000989517454768,0.00460427957681,0.00174799470152,0.00112707383287,0.00924170206462,0.00143141000907,0.0
0.000523305344642,0.000523305344657,0.000523305344659,0.000523305344649,0.000523305344664,0.000523305344672,0.000523305344647,0.000523305344667,0.000523305344684,0.000523450398207,0.000523551961143,0.000523596838376,0.0206965160446,0.931378209187,0.00887542456692,0.00166949532804,0.0106308417588,0.000776380084485,0.000527389836885,0.00054814144279,0.00053695922353,0.000845249633182,0.00437843218771,0.00153088984856,0.000971253399772,0.00910108292302,0.00125338723527,0.0
0.00043992573901,0.000439925739023,0.000439925739024,0.000439925739016,0.000439925739028,0.000439925739035,0.000439925739014,0.000439925739031,0.000439925739046,0.00044004772738,0.000440133291133,0.000440170850737,0.0192285740098,0.936759161346,0.00750616759653,0.00150429847115,0.0105677032438,0.000655162670575,0.000443375551456,0.000461200413527,0.000451431647759,0.000722437864796,0.00416881582289,0.00134200591722,0.000837538455238,0.00897381649897,0.00109862696964,0.0
0.000370038026588,0.000370038026598,0.0003700380266,0.000370038026593,0.000370038026603,0.000370038026609,0.000370038026591,0.000370038026605,0.000370038026618,0.00037014067321,0.000370212793094,0.000370244249988,0.0178625556086,0.941466840553,0.00635101747609,0.00135672268011,0.0105155415923,0.000553169118617,0.000372953018053,0.000388261928315,0.00037973878212,0.000617758928493,0.00397324997646,0.00117735522369,0.000722626446626,0.00885746065235,0.000963808059678,0.0
0.00031139387255,0.000311393872559,0.00031139387256,0.000311393872554,0.000311393872563,0.000311393872567,0.000311393872552,0.000311393872565,0.000311393872575,0.000311480282184,0.000311541094237,0.000311567454823,0.0165912164504,0.945599708212,0.00537559238025,0.0012245838986,0.0104721213222,0.000467257629416,0.000313857785566,0.000327003670642,0.000319576024899,0.000528442722457,0.00378997441769,0.00103359162242,0.000623754374223,0.00875003431713,0.000846151487826,0.0
0.00026213912485,0.000262139124858,0.000262139124859,0.000262139124854,0.000262139124861,0.000262139124865,0.000262139124853,0.000262139124863,0.000262139124872,0.000262211891636,0.000262263184753,0.000262285284753,0.0154079372231,0.949240039175,0.00455129815499,0.00110603585742,0.0104356190811,0.000394827446397,0.000264222308846,0.000275508550956,0.000269042655713,0.000452169806542,0.00361755794529,0.00090788945224,0.000538598727577,0.00864992461402,0.000743316515982,0.0
0.000220739144413,0.000220739144419,0.00022073914442,0.000220739144416,0.000220739144422,0.000220739144426,0.000220739144415,0.000220739144423,0.000220739144431,0.000220800439561,0.000220843714274,0.000220862249114,0.0143066425535,0.952456898109,0.00385427997292,0.000999504840305,0.0104045441145,0.000333717927024,0.000222500784302,0.000232188288089,0.000226565363129,0.000386990502752,0.00345482840669,0.000797849027006,0.000465196780356,0.00855581474196,0.000653319886006,0.0
0.00018591977275,0.000185919772755,0.000185919772756,0.000185919772752,0.000185919772758,0.00018591977276,0.000185919772751,0.000185919772759,0.000185919772765,0.000185971416107,0.000186007932736,0.000186023482092,0.01328173368,0.955308503348,0.00326458298708,0.000903639210005,0.010377675904,0.000282128490986,0.00018740972175,0.00019572292992,0.000190837779324,0.000331260445595,0.00330081863653,0.000701422153137,0.000401884098305,0.00846662746796,0.00057447236116,0.0
0.000156620291261,0.000156620291266,0.000156620291266,0.000156620291263,0.000156620291268,0.00015662029127,0.000156620291263,0.000156620291269,0.000156620291274,0.000156663809999,0.00015669462827,0.000156707676033,0.0123280327989,0.957844118267,0.00276547587359,0.000817270013103,0.0103540147752,0.000238554628264,0.000157880584903,0.000165012610769,0.000160772291877,0.000283588796226,0.00315472441771,0.000616852881346,0.000347244463985,0.00838148044205,0.000505328419312,0.0
0.000131955660574,0.000131955660578,0.000131955660578,0.000131955660576,0.00013195566058,0.000131955660582,0.000131955660575,0.00013195566058,0.000131955660585,0.000131992337531,0.000132018349318,0.000132029299906,0.0114407370571,0.960105575319,0.00234290221461,0.000739379962724,0.0103327424109,0.000201736371506,0.000133021772268,0.000139138788131,0.000135461357861,0.000242796295365,0.00301587160012,0.000542629946561,0.000300069398899,0.00829965056656,0.000444646006874,0.0
0.000111186005679,0.000111186005682,0.000111186005682,0.00011118600568,0.000111186005683,0.000111186005685,0.00011118600568,0.000111186005684,0.000111186005688,0.000111216919334,0.000111238875807,0.000111248067551,0.0106153803953,0.962128512253,0.00198503294582,0.000669078803289,0.0103131900105,0.000170616526977,0.000112087891535,0.000117332887909,0.000114146238219,0.000207881030805,0.00288369025128,0.000477448253747,0.000259325173436,0.00822054536783,0.000391354056191,0.0
9.36918070804e-05,9.36918070831e-05,9.36918070835e-05,9.36918070817e-05,9.36918070843e-05,9.36918070858e-05,9.36918070813e-05,9.36918070849e-05,9.3691807088e-05,9.3717864718e-05,9.37363989277e-05,9.37441151029e-05,0.00984780171441,0.96394338104,0.00168189928353,0.000605583572599,0.0102948124159,0.000144306610489,9.44547779666e-05,9.89507890875e-05,9.61915762327e-05,0.000177990308971,0.00275769424627,0.000420177426269,0.000224125713382,0.00814367983575,0.00034452604618,0.0
7.89536218516e-05,7.89536218539e-05,7.89536218542e-05,7.89536218527e-05,7.89536218549e-05,7.89536218561e-05,7.89536218523e-05,7.89536218554e-05,7.8953621858e-05,7.89755871521e-05,7.89912328656e-05,7.89977108093e-05,0.00913411809965,0.965576275951,0.00142509019413,0.000548202649161,0.0102771669419,0.000122058915918,7.95990731092e-05,8.3451948288e-05,8.10646159924e-05,0.00015239739875,0.00263746509358,0.000369835916667,0.000193710192635,0.00806865757301,0.000303358308224,0.0
6.6535428069e-05,6.6535428071e-05,6.65354280712e-05,6.65354280699e-05,6.65354280718e-05,6.65354280728e-05,6.65354280696e-05,6.65354280722e-05,6.65354280744e-05,6.65539441205e-05,6.65671515705e-05,6.65725902406e-05,0.00847070206994,0.967049616736,0.0012075019742,0.000496322746348,0.0102598959537,0.00010324350169,6.70814514742e-05,7.03822388793e-05,6.83181326755e-05,0.00013048219706,0.00252263907877,0.000325569536454,0.000167424383361,0.00799515537084,0.00026715209028,0.0
5.60708877385e-05,5.60708877401e-05,5.60708877403e-05,5.60708877393e-05,5.60708877408e-05,5.60708877417e-05,5.6070887739e-05,5.60708877412e-05,5.6070887743e-05,5.60864962692e-05,5.60976453443e-05,5.61022115989e-05,0.00785416202443,0.968382714896,0.00102313017013,0.000449398217327,0.0102427124554,8.73291487667e-05,5.65327856574e-05,5.9359784512e-05,5.75763528073e-05,0.000111715075987,0.00241289702048,0.000286633526546,0.00014470504462,0.00792291053153,0.000235298622758,0.0
4.72519753512e-05,4.72519753525e-05,4.72519753527e-05,4.72519753518e-05,4.72519753531e-05,4.72519753539e-05,4.72519753516e-05,4.72519753534e-05,4.7251975355e-05,4.72651328308e-05,4.72745441429e-05,4.72783779687e-05,0.00728132522679,0.969592245067,0.000866896098496,0.000406942185246,0.0102253881207,7.38675463517e-05,4.76426933963e-05,5.00632218776e-05,4.85232983072e-05,9.56433299644e-05,0.00230795609198,0.000252377488246,0.000125066787922,0.00785171040886,0.000207266601927,0.0
3.98195349196e-05,3.98195349208e-05,3.98195349209e-05,3.98195349202e-05,3.98195349213e-05,3.98195349219e-05,3.981953492e-05,3.98195349215e-05,3.98195349228e-05,3.98306260591e-05,3.98385702419e-05,3.98417891145e-05,0.0067492228079,0.970692638908,0.00073450179273,0.000368519125942,0.0102077433186,6.24801159985e-05,4.01500264998e-05,4.22219454336e-05,4.089310658e-05,8.18797620483e-05,0.00220756328178,0.000222232644005,0.000108090977151,0.00778138375195,0.000182591636036,0.0
3.35554171523e-05,3.35554171533e-05,3.35554171534e-05,3.35554171528e-05,3.35554171537e-05,3.35554171542e-05,3.35554171526e-05,3.35554171539e-05,3.3555417155e-05,3.35647662366e-05,3.35714717668e-05,3.35741742923e-05,0.00625507638089,0.971696415399,0.000622308414516,0.000333738615297,0.01018963878,5.28470036179e-05,3.38349509678e-05,3.56079774492e-05,3.44619698449e-05,7.00930407946e-05,0.00211149015891,0.000195701010422,9.34163110334e-05,0.00771179352364,0.000160867297284,0.0
2.82759171962e-05,2.8275917197e-05,2.82759171971e-05,2.82759171966e-05,2.82759171974e-05,2.82759171978e-05,2.82759171965e-05,2.82759171976e-05,2.82759171985e-05,2.82837976073e-05,2.82894573891e-05,2.82917263486e-05,0.00579628595378,0.972614458675,0.000527234116364,0.000302250017656,0.0101709686225,4.46978609683e-05,2.85123368367e-05,3.0029176921e-05,2.90414073094e-05,5.999953071e-05,0.00201952867851,0.000172346152362,8.07308060297e-05,0.00764283093132,0.000141737497485,0.0
2.38262870802e-05,2.38262870808e-05,2.38262870809e-05,2.38262870805e-05,2.38262870811e-05,2.38262870815e-05,2.38262870804e-05,2.38262870813e-05,2.38262870821e-05,2.38329293063e-05,2.38377062195e-05,2.38396111176e-05,0.00537041889665,0.973456252403,0.000446668088257,0.000273737940642,0.0101516545056,3.78041102559e-05,2.40262303432e-05,2.53235557665e-05,2.44726387966e-05,5.13563550294e-05,0.00193148781881,0.000151785253549,6.97649515002e-05,0.00757441045861,0.000124889962507,0.0
2.00761392785e-05,2.00761392791e-05,2.00761392792e-05,2.00761392788e-05,2.00761392794e-05,2.00761392797e-05,2.00761392787e-05,2.00761392795e-05,2.00761392801e-05,2.00817376542e-05,2.00857692319e-05,2.00873684312e-05,0.00497519977746,0.974230078011,0.000378398113783,0.000247918319077,0.0101316407288,3.19724422665e-05,2.02452235646e-05,2.13545139217e-05,2.0621871735e-05,4.39554934334e-05,0.00184719088281,0.000133682290406,6.02858512332e-05,0.00750646572671,0.000110050624853,0.0
1.69155913704e-05,1.69155913709e-05,1.6915591371e-05,1.69155913706e-05,1.69155913711e-05,1.69155913714e-05,1.69155913706e-05,1.69155913712e-05,1.69155913718e-05,1.69203097522e-05,1.69237121261e-05,1.69250546362e-05,0.00460850092488,0.974943182747,0.000320549434787,0.000224535019474,0.0101108901208,2.70393435836e-05,1.70585704726e-05,1.80068392809e-05,1.73763477947e-05,3.76187521414e-05,0.00176647333204,0.000117742136031,5.20921986453e-05,0.00743894604559,9.69787881622e-05,0.0
1.42520285969e-05,1.42520285973e-05,1.42520285973e-05,1.42520285971e-05,1.42520285975e-05,1.42520285977e-05,1.4252028597e-05,1.42520285975e-05,1.4252028598e-05,1.42560051444e-05,1.42588763747e-05,1.42600033527e-05,0.00426833361054,0.975601922477,0.000271533104942,0.000203356878723,0.0100893805938,2.28664845856e-05,1.43729253451e-05,1.51833458749e-05,1.46410229286e-05,3.21934716887e-05,0.00168918104605,0.000103705452693,4.5009959413e-05,0.0073718135399,8.54629444062e-05,0.0
1.20073827155e-05,1.20073827159e-05,1.20073827159e-05,1.20073827157e-05,1.2007382716e-05,1.20073827162e-05,1.20073827157e-05,1.20073827161e-05,1.20073827165e-05,1.20107339208e-05,1.20131568065e-05,1.20141028154e-05,0.0039528397694,0.976211883257,0.000230002321705,0.000184175107761,0.0100671022575,1.93368290547e-05,1.21096012243e-05,1.28020457888e-05,1.23357767025e-05,2.7548860173e-05,0.00161516892256,9.13442561366e-05,3.88886564744e-05,0.00730504075511,7.53171458129e-05,0.0
1.01158430466e-05,1.01158430469e-05,1.01158430469e-05,1.01158430467e-05,1.0115843047e-05,1.01158430472e-05,1.01158430467e-05,1.01158430471e-05,1.01158430474e-05,1.01186671304e-05,1.01207115818e-05,1.01215056475e-05,0.00366028419684,0.97677798505,0.000194815478153,0.00016680100443,0.0100440550046,1.63513498724e-05,1.02022637202e-05,1.0793768252e-05,1.03930647196e-05,2.35728580448e-05,0.00154429975004,8.04580548485e-05,3.3598169464e-05,0.00723860866507,6.63778504967e-05,0.0
8.52192986065e-06,8.52192986089e-06,8.52192986092e-06,8.52192986076e-06,8.521929861e-06,8.52192986113e-06,8.52192986072e-06,8.52192986105e-06,8.52192986134e-06,8.5243096359e-06,8.52603467901e-06,8.5267011767e-06,0.00338904717572,0.977304570359,0.000165004882913,0.000151063930158,0.0100202464959,1.38262545848e-05,8.59498981624e-06,9.10015394609e-06,8.75594255074e-06,2.016945548e-05,0.00147644329782,7.08704833871e-05,2.90259745916e-05,0.0071725050158,5.85011743076e-05,0.0
7.17887193581e-06,7.17887193602e-06,7.17887193604e-06,7.17887193591e-06,7.17887193611e-06,7.17887193622e-06,7.17887193587e-06,7.17887193615e-06,7.17887193639e-06,7.18087722206e-06,7.18233269054e-06,7.18289208956e-06,0.00313761749799,0.977795480109,0.000139750266728,0.00013680951335,0.00999569048096,1.16906404629e-05,7.24063308788e-06,7.67196455483e-06,7.376401545e-06,1.72563957201e-05,0.00141147557982,6.24263617701e-05,2.50747624221e-05,0.00710672295079,5.15604923432e-05,0.0
6.04723971971e-06,6.04723971989e-06,6.04723971991e-06,6.04723971979e-06,6.04723971996e-06,6.04723972006e-06,6.04723971977e-06,6.04723972e-06,6.0472397202e-06,6.04892937945e-06,6.0501573441e-06,6.05062683325e-06,0.00290458585304,0.978254118722,0.0001183563353,0.000123898048864,0.00997040540362,9.88451175168e-06,6.09944642214e-06,6.46765744971e-06,6.21396674165e-06,1.47632079955e-05,0.00134927825657,5.49891234333e-05,2.16603804778e-05,0.00704125987238,4.54443424495e-05,0.0
5.09379347183e-06,5.09379347197e-06,5.09379347199e-06,5.09379347189e-06,5.09379347204e-06,5.09379347212e-06,5.09379347187e-06,5.09379347207e-06,5.09379347224e-06,5.09521712778e-06,5.09625310382e-06,5.09664711664e-06,0.0026886385611,0.978683510019,0.000100233745287,0.000112203068131,0.00994441324693,8.35710262477e-06,5.13792131967e-06,5.4521835574e-06,5.23451523896e-06,1.26295221874e-05,0.00128973814708,4.84385629071e-05,1.87100554546e-05,0.00697611650074,4.00545902991e-05,0.0
4.29051234471e-06,4.29051234484e-06,4.29051234485e-06,4.29051234477e-06,4.29051234489e-06,4.29051234496e-06,4.29051234475e-06,4.29051234492e-06,4.29051234506e-06,4.29171182822e-06,4.29258579511e-06,4.29291645102e-06,0.00248855163391,0.979086345311,8.48829781908e-05,0.000101610058579,0.00991773858086,7.06545835989e-06,4.32780949105e-06,4.59597322757e-06,4.40928012237e-06,1.08036245304e-05,0.00123274682808,4.26688614934e-05,1.61608564315e-05,0.00691129609857,3.53048216297e-05,0.0
3.61377583881e-06,3.61377583892e-06,3.61377583893e-06,3.61377583886e-06,3.61377583896e-06,3.61377583902e-06,3.61377583885e-06,3.61377583899e-06,3.6137758391e-06,3.61478641143e-06,3.61552367425e-06,3.61580114911e-06,0.00230318514767,0.979465024861,7.18806687383e-05,9.20153143767e-05,0.00989040778035,5.9732347543e-06,3.64529797362e-06,3.8740805531e-06,3.71401066623e-06,9.24121967971e-06,0.00117820030225,3.75868551695e-05,1.39583659966e-05,0.00684680383435,3.11189321909e-05,0.0
3.04367363215e-06,3.04367363224e-06,3.04367363225e-06,3.0436736322e-06,3.04367363228e-06,3.04367363233e-06,3.04367363218e-06,3.0436736323e-06,3.0436736324e-06,3.04452501596e-06,3.04514693302e-06,3.04537977042e-06,0.00213147791525,0.979821693659,6.08680130216e-05,8.33249031764e-05,0.00986244838692,5.04968207704e-06,3.07031359401e-06,3.26546129814e-06,3.12826420393e-06,7.9043695447e-06,0.00112599872111,3.31105139205e-05,1.20555308961e-05,0.00678264626162,2.74298901005e-05,0.0
2.56342360373e-06,2.5634236038e-06,2.56342360381e-06,2.56342360376e-06,2.56342360383e-06,2.56342360387e-06,2.56342360375e-06,2.56342360385e-06,2.56342360393e-06,2.56414085031e-06,2.56466544765e-06,2.56486082038e-06,0.00197244244573,0.980158272363,5.15409394506e-05,7.54537357475e-05,0.00983388859085,4.26878511658e-06,2.58593644636e-06,2.75236352368e-06,2.63480897378e-06,6.76058359791e-06,0.00107604615081,2.91676058995e-05,1.04116677936e-05,0.00671883089505,2.41786487982e-05,0.0
2.15888106592e-06,2.15888106598e-06,2.15888106599e-06,2.15888106595e-06,2.15888106601e-06,2.15888106604e-06,2.15888106594e-06,2.15888106602e-06,2.15888106609e-06,2.15948528919e-06,2.15992777963e-06,2.16009170934e-06,0.00182516018025,0.980476484099,4.36417742002e-05,6.83247271811e-05,0.00980475681446,3.60853530341e-06,2.17790527573e-06,2.31981329801e-06,2.21912052453e-06,5.78203902527e-06,0.00102825037196,2.56945233697e-05,8.99160311073e-06,0.00665536586733,2.1313191731e-05,0.0
1.81812490283e-06,1.81812490288e-06,1.81812490289e-06,1.81812490285e-06,1.8181249029e-06,1.81812490293e-06,1.81812490285e-06,1.81812490292e-06,1.81812490298e-06,1.81863389712e-06,1.81900711854e-06,1.81914466023e-06,0.00168877699355,0.980777877707,3.69521738966e-05,6.18680398512e-05,0.00977508137999,3.0503146072e-06,1.83420035711e-06,1.95518064712e-06,1.86895701332e-06,4.94491219527e-06,0.000982522705835,2.26352504092e-05,7.7649288209e-06,0.00659225965335,1.87876924079e-05,0.0
1.53110856337e-06,1.53110856341e-06,1.53110856342e-06,1.53110856339e-06,1.53110856343e-06,1.53110856346e-06,1.53110856338e-06,1.53110856344e-06,1.53110856349e-06,1.53153732459e-06,1.53185211014e-06,1.5319675071e-06,0.00156249895069,0.981063847948,3.12871329636e-05,5.60203995549e-05,0.00974489024792,2.57837404243e-06,1.54469172856e-06,1.64781322747e-06,1.57400103739e-06,4.22880558045e-06,0.000938777861506,1.99404549539e-05,6.70535854478e-06,0.00652952085033,1.65617755988e-05,0.0
1.28936575147e-06,1.28936575151e-06,1.28936575152e-06,1.28936575149e-06,1.28936575153e-06,1.28936575155e-06,1.28936575149e-06,1.28936575154e-06,1.28936575158e-06,1.2897269166e-06,1.28999240726e-06,1.29008922127e-06,0.00144558830885,0.98133565309,2.6489902382e-05,5.07244773061e-05,0.00971421081417,2.17939226136e-06,1.30084254455e-06,1.38872716107e-06,1.3255575821e-06,3.61625653252e-06,0.000896933799255,1.75666899771e-05,5.79017042993e-06,0.00646715800421,1.4599867283e-05,0.0
1.08576224929e-06,1.08576224933e-06,1.08576224933e-06,1.08576224931e-06,1.08576224934e-06,1.08576224936e-06,1.0857622493e-06,1.08576224935e-06,1.08576224938e-06,1.08606646697e-06,1.08629037547e-06,1.08637159608e-06,0.00133735975396,0.981594430248,2.24276814389e-05,4.59283301427e-05,0.00968306975578,1.84210194624e-06,1.09545892073e-06,1.17034612244e-06,1.11629930143e-06,3.09231625155e-06,0.00085691160673,1.54756905269e-05,4.99972512845e-06,0.00640517947456,1.28706225298e-05,0.0
9.14286651059e-07,9.14286651085e-07,9.14286651088e-07,9.14286651071e-07,9.14286651096e-07,9.14286651111e-07,9.14286651067e-07,9.14286651102e-07,9.14286651132e-07,9.14542894044e-07,9.14731727705e-07,9.14799864062e-07,0.00123717686203,0.981841208791,1.89879650704e-05,4.15848950661e-05,0.00965149291688,1.55697359968e-06,9.22478992768e-07,9.86281156354e-07,9.4005172328e-07,2.64418895005e-06,0.00081863538513,1.36337550032e-05,4.31704876663e-06,0.00634359333094,1.13464218535e-05,0.0
7.69873915978e-07,7.69873916e-07,7.69873916003e-07,7.69873915988e-07,7.6987391601e-07,7.69873916021e-07,7.69873915984e-07,7.69873916014e-07,7.6987391604e-07,7.70089744577e-07,7.70248993437e-07,7.70306151385e-07,0.0011444487751,0.982076922067,1.60754472236e-05,3.76515308844e-05,0.00961950522755,1.31594792836e-06,7.7679505147e-07,8.31144878049e-07,7.91612130892e-07,2.26092263536e-06,0.000782032143242,1.2011200496e-05,3.72747216346e-06,0.00628240727533,1.00029277653e-05,0.0
6.48256601707e-07,6.48256601726e-07,6.48256601728e-07,6.48256601716e-07,6.48256601734e-07,6.48256601744e-07,6.48256601713e-07,6.48256601738e-07,6.4825660176e-07,6.48438385851e-07,6.48572681493e-07,6.48620628311e-07,0.0010586270819,0.9823024177,1.36093957693e-05,3.40896032909e-05,0.00958713064979,1.11220936494e-06,6.54103576109e-07,7.00394695943e-07,6.66596849383e-07,1.93314415271e-06,0.000747031697734,1.05818832626e-05,3.21831873123e-06,0.00622162858579,8.81869426622e-06,0.0
5.45839443566e-07,5.45839443581e-07,5.45839443583e-07,5.45839443573e-07,5.45839443588e-07,5.45839443597e-07,5.45839443571e-07,5.45839443592e-07,5.4583944361e-07,5.45992550028e-07,5.4610579964e-07,5.46146018409e-07,0.000979202893203,0.982518466618,1.15214273108e-05,3.08641090073e-05,0.00955439214525,9.39994415953e-07,5.50778797971e-07,5.90200531837e-07,5.61312490372e-07,1.6528321772e-06,0.000713566578415,9.32277651195e-06,2.77863450932e-06,0.00616126407743,7.77482291845e-06,0.0
4.5959362263e-07,4.59593622643e-07,4.59593622645e-07,4.59593622636e-07,4.59593622649e-07,4.59593622656e-07,4.59593622634e-07,4.59593622652e-07,4.59593622667e-07,4.59722572838e-07,4.59818072375e-07,4.59851807627e-07,0.000905704102286,0.982725771019,9.753621101e-06,2.79433352449e-05,0.00952131166075,7.94429490481e-07,4.63766108908e-07,4.97333217951e-07,4.72647403071e-07,1.41312274001e-06,0.000681571937541,8.21359861849e-06,2.39895466121e-06,0.00610132007733,6.85465990829e-06,0.0
3.86967637706e-07,3.86967637717e-07,3.86967637718e-07,3.86967637711e-07,3.86967637722e-07,3.86967637728e-07,3.86967637709e-07,3.86967637724e-07,3.86967637737e-07,3.87076240762e-07,3.87156770457e-07,3.87185066496e-07,0.000837692820805,0.982924971384,8.25692050345e-06,2.52985511219e-05,0.00948791012782,6.71393683709e-07,3.9049220598e-07,4.19070345037e-07,3.97980166643e-07,1.20814264362e-06,0.000650985462454,7.23648572331e-06,2.07110152664e-06,0.00604180241081,6.04352919206e-06,0.0
3.25812178682e-07,3.25812178692e-07,3.25812178693e-07,3.25812178687e-07,3.25812178696e-07,3.25812178701e-07,3.25812178685e-07,3.25812178698e-07,3.25812178709e-07,3.25903643477e-07,3.25971548445e-07,3.25995281532e-07,0.000774762980857,0.983116652683,6.98977825401e-06,2.29037280057e-05,0.00945420747339,5.6740268277e-07,3.28789349421e-07,3.53116838113e-07,3.35102453584e-07,1.03286678177e-06,0.000621747291035,6.37570340909e-06,1.78800997911e-06,0.00598271639663,5.32849741217e-06,0.0
2.74316805891e-07,2.74316805899e-07,2.74316805899e-07,2.74316805894e-07,2.74316805902e-07,2.74316805906e-07,2.74316805893e-07,2.74316805904e-07,2.74316805913e-07,2.74393835593e-07,2.74451093861e-07,2.74470999218e-07,0.000716538094079,0.98330134986,5.91700842004e-06,2.07352860503e-05,0.00942022263914,4.79510549863e-07,2.76831521365e-07,2.97537960516e-07,2.82154011437e-07,8.82995946349e-07,0.000593799929594,5.61739277687e-06,1.54357640976e-06,0.00592406684929,4.69816678911e-06,0.0
2.30956583626e-07,2.30956583633e-07,2.30956583633e-07,2.30956583629e-07,2.30956583636e-07,2.30956583639e-07,2.30956583628e-07,2.30956583637e-07,2.30956583645e-07,2.31021455317e-07,2.31069735226e-07,2.31086429717e-07,0.000662669158994,0.983479552711,5.00881358662e-06,1.87718644637e-05,0.00938597360751,4.05226635065e-07,2.33080618944e-07,2.50702805211e-07,2.37567862583e-07,7.5485219029e-07,0.000567088172933,4.94934681385e-06,1.33252815238e-06,0.00586585808684,4.14249265242e-06,0.0
1.94447105867e-07,1.94447105873e-07,1.94447105874e-07,1.9444710587e-07,1.94447105875e-07,1.94447105878e-07,1.94447105869e-07,1.94447105877e-07,1.94447105883e-07,1.94501737645e-07,1.94542446292e-07,1.94556447456e-07,0.000612832708068,0.983651710208,4.23996057917e-06,1.69941132766e-05,0.00935147743254,3.42445292633e-07,1.96241107459e-07,2.11236634778e-07,2.00024119186e-07,6.45289233002e-07,0.000541559026393,4.3608134349e-06,1.15031059219e-06,0.00580809394299,3.65262267349e-06,0.0
1.63706596801e-07,1.63706596806e-07,1.63706596807e-07,1.63706596804e-07,1.63706596808e-07,1.63706596811e-07,1.63706596803e-07,1.63706596809e-07,1.63706596815e-07,1.63752604333e-07,1.63786928439e-07,1.63798670467e-07,0.000566728986301,0.98381823436,3.58908208748e-06,1.53845045979e-05,0.00931675027439,2.89386431472e-07,1.65221805811e-07,1.77980686997e-07,1.68411061302e-07,5.51615753146e-07,0.00051716162977,3.84232201388e-06,9.92989571682e-07,0.00575077778235,3.22075521527e-06,0.0
1.37823975143e-07,1.37823975147e-07,1.37823975147e-07,1.37823975145e-07,1.37823975148e-07,1.37823975151e-07,1.37823975144e-07,1.37823975149e-07,1.37823975154e-07,1.3786271931e-07,1.37891659711e-07,1.37901506856e-07,0.000524080253455,0.98397950365,3.03808499745e-06,1.39271615342e-05,0.00928180743609,2.44545232693e-07,1.39103684337e-07,1.49958278638e-07,1.41792337892e-07,4.71529721124e-07,0.000493847183016,3.38553060169e-06,8.57167027299e-07,0.00569391251796,2.84001452251e-06,0.0
1.16031945346e-07,1.16031945349e-07,1.16031945349e-07,1.16031945347e-07,1.16031945351e-07,1.16031945352e-07,1.16031945347e-07,1.16031945351e-07,1.16031945355e-07,1.160645724e-07,1.16088973135e-07,1.16097230966e-07,0.000484629202386,0.984135866111,2.57164915571e-06,1.26077031213e-05,0.00924666340195,2.06649623145e-07,1.17112730665e-07,1.26346222245e-07,1.19379329127e-07,4.03062187472e-07,0.000471568873678,2.98309136333e-06,7.39908069271e-07,0.00563750063053,2.50434074859e-06,0.0
9.76843257024e-08,9.76843257052e-08,9.76843257055e-08,9.76843257037e-08,9.76843257064e-08,9.76843257079e-08,9.76843257032e-08,9.7684325707e-08,9.76843257103e-08,9.77118010906e-08,9.77323739479e-08,9.77392987979e-08,0.00044813748629,0.984287642081,2.17680276914e-06,1.14131037724e-05,0.00921133187654,1.74624310571e-07,9.85970872528e-08,1.06450724493e-07,1.00507859089e-07,3.44529169636e-07,0.000450281806067,2.62853206076e-06,6.38677957011e-07,0.00558154418863,2.20839305344e-06,0.0
8.22369472246e-08,8.2236947227e-08,8.22369472273e-08,8.22369472257e-08,8.2236947228e-08,8.22369472293e-08,8.22369472253e-08,8.22369472285e-08,8.22369472312e-08,8.22600840899e-08,8.22774293173e-08,8.22832362077e-08,0.000414384348007,0.984435126677,1.84256274186e-06,1.03315658876e-05,0.00917582582395,1.47560369581e-07,8.30077891461e-08,8.9687064538e-08,8.4618575115e-08,2.94490473786e-07,0.000429942932129,2.31615166808e-06,5.51287631323e-07,0.00552604486947,1.94746421803e-06,0.0
6.92315617387e-08,6.92315617407e-08,6.92315617409e-08,6.92315617396e-08,6.92315617415e-08,6.92315617426e-08,6.92315617393e-08,6.9231561742e-08,6.92315617443e-08,6.92510449336e-08,6.9265668703e-08,6.92705379964e-08,0.000383165344863,0.984578592009,1.55963003386e-06,9.35240439602e-06,0.00914015750662,1.24689523026e-07,6.98825358469e-08,7.55624604142e-08,7.12404173172e-08,2.51714454813e-07,0.000410510984039,2.04092843356e-06,4.75846644949e-07,0.00547100397997,1.71740540567e-06,0.0
5.82822857733e-08,5.8282285775e-08,5.82822857752e-08,5.82822857741e-08,5.82822857757e-08,5.82822857766e-08,5.82822857738e-08,5.82822857761e-08,5.8282285778e-08,5.82986920889e-08,5.83110212313e-08,5.83151042135e-08,0.000354291162883,0.984718289186,1.32013163665e-06,8.46594211682e-06,0.00910433852351,1.05362394951e-07,5.88320200344e-08,6.36616240332e-08,5.99766922472e-08,2.15147860442e-07,0.000391946408513,1.79843890448e-06,4.10722489321e-07,0.00541642247768,1.5145598637e-06,0.0
4.90641811734e-08,4.90641811748e-08,4.9064181175e-08,4.90641811741e-08,4.90641811755e-08,4.90641811762e-08,4.90641811739e-08,4.90641811758e-08,4.90641811774e-08,4.90779963808e-08,4.90883908153e-08,4.9091814379e-08,0.000327586514536,0.984854450118,1.11740204254e-06,7.66341492857e-06,0.0090683798473,8.90301226515e-08,4.95284108205e-08,5.36345834696e-08,5.04933410131e-08,1.83890027796e-07,0.000374211302847,1.58478660734e-06,3.54505450619e-07,0.00536230099143,1.33570450261e-06,0.0
