0.0 0.0,0.0 1.0,0.0 2.0,0.0 3.0,0.0 4.0,1.0 0.0,1.0 1.0,1.0 2.0,1.0 3.0,1.0 4.0,2.0 0.0,2.0 1.0,2.0 2.0,2.0 3.0,2.0 4.0,3.0 0.0,3.0 1.0,3.0 2.0,3.0 3.0,3.0 4.0,4.0 0.0,4.0 1.0,4.0 2.0,4.0 3.0,4.0 4.0,other
0.04,0.04,0.04,0.04,0.04,0.04,0.04,0.04,0.04,0.04,0.04,0.04,0.04,0.04,0.04,0.04,0.04,0.04,0.04,0.04,0.04,0.04,0.04,0.04,0.04,0.0
0.0386217948718,0.0386217948718,0.0386217948718,0.0386217948718,0.0386217948718,0.0386217948718,0.0386217948718,0.0386217948718,0.0386217948718,0.0386217948718,0.0386217948718,0.0386217948718,0.0386217948718,0.0386217948718,0.0386217948718,0.0386217948718,0.0386217948718,0.0386217948718,0.0386217948718,0.0386217948718,0.0386217949073,0.038622575989,0.0386226160378,0.0567091788975,0.0549879367326,0.0
0.036798003586,0.036798003586,0.036798003586,0.036798003586,0.036798003586,0.036798003586,0.036798003586,0.036798003586,0.036798003586,0.036798003586,0.036798003586,0.036798003586,0.036798003586,0.036798003586,0.036798003586,0.036798003586,0.036798003586,0.036798003586,0.036798003586,0.036798003586,0.0367980036863,0.036799785015,0.0367998839242,0.0791949343001,0.0744473213541,0.0
0.0344667750512,0.0344667750512,0.0344667750512,0.0344667750512,0.0344667750512,0.0344667750512,0.0344667750512,0.0344667750512,0.0344667750512,0.0344667750512,0.0344667750512,0.0344667750512,0.0344667750512,0.0344667750512,0.0344667750512,0.0344667750512,0.0344667750512,0.0344667750512,0.0344667750512,0.0344667750512,0.0344667752982,0.0344699512719,0.0344701469805,0.108448188225,0.0988094372011,0.0
0.0316157693013,0.0316157693013,0.0316157693013,0.0316157693014,0.0316157693014,0.0316157693013,0.0316157693013,0.0316157693013,0.0316157693013,0.0316157693013,0.0316157693013,0.0316157693013,0.0316157693013,0.0316157693013,0.0316157693013,0.0316157693013,0.0316157693013,0.0316157693013,0.0316157693013,0.0316157693013,0.0316157699711,0.0316211105161,0.0316214868102,0.144907090265,0.127919156411,0.0
0.028312168204,0.028312168204,0.028312168204,0.028312168205,0.0283121682049,0.028312168204,0.028312168204,0.028312168204,0.028312168204,0.028312168204,0.028312168204,0.028312168204,0.028312168204,0.028312168204,0.028312168204,0.028312168204,0.028312168204,0.028312168204,0.028312168204,0.028312168204,0.0283121704237,0.0283212824233,0.0283220386365,0.188042269001,0.160758875433,0.0
0.0247158883787,0.0247158883787,0.0247158883787,0.0247158883879,0.024715888387,0.0247158883787,0.0247158883787,0.0247158883787,0.0247158883787,0.0247158883787,0.0247158883787,0.0247158883787,0.0247158883787,0.0247158883787,0.0247158883787,0.0247158883787,0.0247158883787,0.0247158883787,0.0247158883787,0.0247158883787,0.0247158975193,0.0247322457373,0.0247338746657,0.236116359279,0.195383855208,0.0
0.0210591691774,0.0210591691776,0.0210591691776,0.0210591692875,0.0210591692761,0.0210591691774,0.0210591691774,0.0210591691774,0.0210591691774,0.0210591691774,0.0210591691774,0.0210591691774,0.0210591691774,0.0210591691774,0.0210591691774,0.0210591691774,0.0210591691774,0.0210591691774,0.0210591691774,0.0210591691774,0.0210592129514,0.0210901225669,0.0210938221426,0.286350709502,0.22922274908,0.0
0.0175928902158,0.0175928902216,0.0175928902225,0.0175928915753,0.0175928914316,0.0175928902158,0.0175928902158,0.0175928902158,0.0175928902158,0.0175928902158,0.0175928902158,0.0175928902158,0.0175928902158,0.0175928902158,0.0175928902158,0.0175928902158,0.0175928902158,0.0175928902158,0.0175928902158,0.0175928902158,0.0175931071915,0.0176527793043,0.0176612210307,0.335538117988,0.259696967582,0.0
0.0145231733888,0.0145231735319,0.0145231735572,0.0145231878515,0.0145231862952,0.014523173387,0.014523173387,0.014523173387,0.014523173387,0.014523173387,0.014523173387,0.0145231733871,0.0145231733871,0.0145231733895,0.0145231733893,0.014523173387,0.014523173387,0.014523173387,0.014523173387,0.014523173387,0.0145241573531,0.0146359894385,0.0146542571019,0.380841985883,0.284880114788,0.0
0.0119683004136,0.0119683027658,0.0119683032323,0.0119684151501,0.0119684026049,0.0119683003512,0.0119683003512,0.0119683003512,0.0119683003512,0.0119683003512,0.0119683003513,0.0119683003532,0.0119683003536,0.0119683004428,0.0119683004328,0.0119683003512,0.0119683003512,0.0119683003512,0.0119683003512,0.0119683003512,0.011972011993,0.0121662602936,0.0122021171674,0.420406509158,0.303886871775,0.0
0.00995075128724,0.00995077454498,0.00995077963502,0.00995138111385,0.00995131128479,0.0099507501043,0.0099507501043,0.0099507501043,0.0099507501043,0.0099507501043,0.00995075010786,0.00995075017592,0.0099507501909,0.00995075186251,0.00995075166767,0.0099507501043,0.0099507501043,0.0099507501043,0.0099507501043,0.0099507501043,0.00996185055337,0.0102665793527,0.0103291759373,0.45356012814,0.316866013103,0.0
0.00841968728043,0.00841982496593,0.00841985787059,0.00842207304798,0.00842180513383,0.00841967548164,0.00841967548164,0.00841967548164,0.00841967548164,0.00841967548164,0.00841967557655,0.00841967664482,0.00841967690208,0.00841969310092,0.00841969112912,0.00841967548164,0.00841967548164,0.00841967548164,0.00841967548164,0.00841967548164,0.00844596608345,0.00887672400755,0.00897427774062,0.480624017075,0.324680598624,0.0
0.00728734049524,0.00728786258349,0.00728799760686,0.0072938787159,0.00729313513077,0.00728727341041,0.00728727341041,0.00728727341041,0.00728727341041,0.00728727341041,0.00728727453048,0.00728728288427,0.00728728506642,0.00728737343986,0.00728736216393,0.00728727341041,0.00728727341041,0.00728727341041,0.00728727341041,0.00728727341041,0.00733808503087,0.00789449782385,0.00803262284829,0.502497011257,0.328478256319,0.0
0.00646086769625,0.00646226310843,0.00646265021819,0.00647472775712,0.0064731307886,0.00646062322152,0.00646062322152,0.00646062322152,0.00646062322152,0.00646062322152,0.00646063014719,0.00646066791696,0.00646067852021,0.00646098569547,0.00646094461854,0.00646062322152,0.00646062322152,0.00646062322152,0.00646062322152,0.00646062322152,0.0065441626565,0.00721423249745,0.00739570431641,0.520247161411,0.329354960436,0.0
0.00586010152143,0.00586297997742,0.00586382918532,0.00588433524453,0.00588150563087,0.00585946235068,0.00585946235068,0.00585946235068,0.00585946235068,0.00585946235068,0.0058594888386,0.00585960283378,0.00585963690477,0.00586040244268,0.00586029549475,0.00585946235068,0.00585946235068,0.00585946235068,0.00585946235068,0.00585946235068,0.0059810228741,0.00674771735538,0.00697311832741,0.534855928037,0.328195411825,0.0
0.00542277321575,0.00542769860447,0.00542923145955,0.00545958408041,0.00545522880195,0.00542146087227,0.00542146087227,0.00542146087227,0.00542146087227,0.00542146087227,0.00542153250027,0.00542178999114,0.00542187119379,0.00542337349503,0.00542315527907,0.00542146087227,0.00542146087227,0.00542146087227,0.00542146087227,0.00542146087227,0.00558311136286,0.00642914057356,0.00669763527997,0.547119627941,0.325649637499,0.0
0.00510308990603,0.00511045965575,0.00511286144133,0.00515357907013,0.00514752900042,0.00510082801605,0.00510082801605,0.00510082801605,0.00510082801605,0.00510082801605,0.00510097905799,0.00510145203831,0.00510160815321,0.00510409335461,0.00510371997455,0.00510082801605,0.00510082801605,0.00510082801605,0.00510082801605,0.00510082801605,0.00530202742078,0.00621212482306,0.00652203657048,0.557644308272,0.322171851101,0.0
0.00486820850057,0.00487821666809,0.00488161011187,0.00493248877397,0.00492469363727,0.00486477706481,0.00486477706481,0.00486477706481,0.00486477706481,0.00486477706481,0.0048650431771,0.00486579201031,0.00486604887621,0.00486968427025,0.00486912215525,0.00486477706481,0.00486477706481,0.00486477706481,0.00486477706481,0.00486477706481,0.00510323978795,0.00606479375427,0.00641396184866,0.566877073031,0.31807225275,0.0
0.00469476222609,0.00470742217126,0.00471186303235,0.00477222370915,0.00476272644234,0.0046900245285,0.0046900245285,0.0046900245285,0.0046900245285,0.0046900245285,0.00469043559262,0.00469149951636,0.0046918764982,0.00469673796285,0.00469596783029,0.0046900245285,0.0046900245285,0.0046900245285,0.0046900245285,0.0046900245285,0.00496247863928,0.00596538879114,0.00635137786606,0.5751435957,0.313561398737,0.0
0.00456610524059,0.004581296874,0.00458678298373,0.00465568798067,0.00464459494676,0.00456000962863,0.00456000962863,0.00456000962863,0.00456000962863,0.00456000962863,0.00456058548865,0.00456198071955,0.00456248878122,0.00456857156694,0.00456758818518,0.00456000962863,0.00456000962863,0.00456000962863,0.00456000962863,0.00456000962863,0.00486274878177,0.00589902243388,0.00631924888387,0.582680457839,0.308782743008,0.0
0.00447030968953,0.0044878283441,0.00449431399461,0.00457072370095,0.00455817861405,0.0044628762857,0.0044628762857,0.0044628762857,0.0044628762857,0.0044628762857,0.00446362570367,0.00446534851162,0.00446599044757,0.00447322991897,0.00447203951183,0.0044628762857,0.0044628762857,0.0044628762857,0.0044628762857,0.0044628762857,0.00479212243818,0.00585544472389,0.00630726008374,0.589659921962,0.303834899498,0.0
0.00439876280672,0.00441835965356,0.00442577027337,0.00450864472213,0.00449480864177,0.0043900644293,0.0043900644293,0.0043900644293,0.0043900644293,0.0043900644293,0.00439098629464,0.00439301817591,0.00439379007672,0.00440208341457,0.00440070028786,0.0043900644293,0.0043900644293,0.0043900644293,0.0043900644293,0.0043900644293,0.00474218879595,0.00582754998834,0.0063083016734,0.59620797343,0.298786417472,0.0
0.00434519661996,0.0043666082404,0.00437485296043,0.00446321175323,0.00444824897162,0.00433533980682,0.00433533980682,0.00433533980682,0.00433533980682,0.00433533980682,0.00433642543602,0.00433873845631,0.00433963161055,0.00434885617366,0.00434729951093,0.00433533980682,0.00433533980682,0.00433533980682,0.00433533980682,0.00433533980682,0.00470698651403,0.0058103843284,0.00631746300917,0.602417199667,0.29368549868,0.0
0.00430501663222,0.00432798477488,0.00433696613062,0.00442991982934,0.00441398860925,0.0042941256252,0.0042941256252,0.0042941256252,0.0042941256252,0.0042941256252,0.00429536128325,0.00429792262793,0.00429892535869,0.00430895242346,0.00430724367343,0.0042941256252,0.0042941256252,0.0042941256252,0.0042941256252,0.0042941256252,0.004682271526,0.00580048196845,0.00633135938321,0.608355942886,0.288566406641,0.0
0.00427483404812,0.00429911766257,0.00430873851143,0.00440550156937,0.00438874856355,0.00426303862855,0.00426303862855,0.00426303862855,0.00426303862855,0.00426303862855,0.00426440777861,0.00426718319589,0.00426828238926,0.00427898649195,0.00427714744887,0.00426303862855,0.00426303862855,0.00426303862855,0.00426303862855,0.00426303862855,0.00466501248529,0.00579541629094,0.00634767497594,0.614074827507,0.283453734796,0.0
0.00425213649099,0.00427751815019,0.00428768622923,0.00438757852783,0.00437013585142,0.00423956351115,0.00423956351115,0.00423956351115,0.00423956351115,0.00423956351115,0.0042410485879,0.00424400475687,0.00424518701015,0.0042564516949,0.00425450321201,0.00423956351115,0.00423956351115,0.00423956351115,0.00423956351115,0.00423956351115,0.00465304012868,0.00579349195534,0.00636484758964,0.619611449289,0.278365285414,0.0
0.00423505362682,0.00426134210523,0.00427197274438,0.00437441447662,0.00435639861009,0.00422182163504,0.00422182163504,0.00422182163504,0.00422182163504,0.00422182163504,0.00422340531345,0.00422651131612,0.00422776372579,0.004239484606,0.00423744582124,0.00422182163504,0.00422182163504,0.00422182163504,0.00422182163504,0.00422182163504,0.00464480128631,0.00579353096852,0.00638184791137,0.62499377281,0.273314038328,0.0
0.00422218855183,0.00424921891244,0.00426023638918,0.00436473938791,0.00434625128572,0.00420840479609,0.00420840479609,0.00420840479609,0.00420840479609,0.00420840479609,0.00421007081555,0.00421329892772,0.00421460957792,0.0042266955207,0.00422458346434,0.00420840479609,0.00420840479609,0.00420840479609,0.00420840479609,0.00420840479609,0.00463918476372,0.00579472232956,0.00639802303349,0.630242613844,0.268309515235,0.0
0.00421249532477,0.00424012749728,0.00425146544243,0.00435762293419,0.00433874888049,0.00419825446875,0.00419825446875,0.00419825446875,0.00419825446875,0.00419825446875,0.00419998810463,0.00420331410446,0.00420467232638,0.00421704540718,0.00421487487622,0.00419825446875,0.00419825446875,0.00419825446875,0.00419825446875,0.00419825446875,0.00463539716584,0.00579651539859,0.00641298451011,0.635373466805,0.263358736535,0.0
0.00420518928384,0.00423330581896,0.00424490699707,0.00435238301333,0.00433319589755,0.00419057328252,0.00419057328252,0.00419057328252,0.00419057328252,0.00419057328252,0.00419236155877,0.00419576471584,0.0041971611835,0.00420975589443,0.00420753950106,0.00419057328252,0.00419057328252,0.00419057328252,0.00419057328252,0.00419057328252,0.004632873819,0.00579854378721,0.00642652782504,0.640397858546,0.258466899333,0.0
0.00419968092554,0.00422818438547,0.00424000009254,0.00434851927343,0.00432908005997,0.00418475963255,0.00418475963255,0.00418475963255,0.00418475963255,0.00418475963255,0.0041865913568,0.00419005422544,0.0041914809421,0.00420424299725,0.00420199132171,0.00418475963255,0.00418475963255,0.00418475963255,0.00418475963255,0.00418475963255,0.00463121460573,0.00580057082331,0.00643857433518,0.645324356326,0.253637862004,0.0
0.00419552688834,0.00422433716948,0.00423632642344,0.00434566462126,0.00432602386277,0.00418035908158,0.00418035908158,0.00418035908158,0.00418035908158,0.00418035908158,0.00418222476709,0.00418573287304,0.00418718308996,0.00420006806022,0.0041977898585,0.00418035908158,0.00418035908158,0.00418035908158,0.00418035908158,0.00418035908158,0.00463013762596,0.00580245041697,0.00644912946953,0.650159321166,0.248874492891,0.0
0.00419239345932,0.00422144522747,0.00423357387243,0.00434354975015,0.00432374904903,0.00417702806542,0.00417702806542,0.00417702806542,0.00417702806542,0.00417702806542,0.00417891978782,0.00418246126923,0.00418392936736,0.00419690129468,0.00419460372721,0.00417702806542,0.00417702806542,0.00417702806542,0.00417702806542,0.00417702806542,0.00462944569294,0.00580409899901,0.00645825277002,0.65490747243,0.244178922649,0.0
0.0041900293132,0.00421926965159,0.00423150945607,0.00434197714014,0.00432205050251,0.00417450668454,0.00417450668454,0.00417450668454,0.00417450668454,0.00417450668454,0.0041764179071,0.00417998314938,0.004181464505,0.00419449458651,0.00419218344627,0.00417450668454,0.00417450668454,0.00417450668454,0.00417450668454,0.00417450668454,0.00462900210963,0.00580547545705,0.00646603659214,0.659572311693,0.239552727645,0.0
0.00418824509563,0.004217631413,0.00422995921189,0.00434080197634,0.00432077702961,0.0041725982479,0.0041725982479,0.0041725982479,0.0041725982479,0.0041725982479,0.00417452363797,0.0041781049265,0.00417959577479,0.00419266116621,0.0041903410931,0.0041725982479,0.0041725982479,0.0041725982479,0.0041725982479,0.0041725982479,0.00462871317406,0.00580656686148,0.00647259114351,0.66415644126,0.234997063757,0.0
0.00418689810269,0.00421639631422,0.00422879322272,0.00433991813367,0.00431981719752,0.0041711538596,0.0041711538596,0.0041711538596,0.0041711538596,0.0041711538596,0.00417308911028,0.00417668031427,0.00417817761936,0.00419126037952,0.00418893505418,0.0041711538596,0.0041711538596,0.0041711538596,0.0041711538596,0.0041711538596,0.0046285155699,0.00580737838425,0.00647803415265,0.668661803572,0.230512764277,0.0
0.00418588076781,0.00421546374073,0.00422791445351,0.00433924787908,0.00431908889126,0.00417006078618,0.00417006078618,0.00417006078618,0.00417006078618,0.00417006078618,0.00417200245158,0.0041755987449,0.00417710008119,0.00419018626208,0.00418785857613,0.00417006078618,0.00417006078618,0.00417006078618,0.00417006078618,0.00417006078618,0.00462836730454,0.00580792624977,0.00648248390561,0.673089861055,0.226100411775,0.0
0.00418511200053,0.00421475824428,0.00422725042361,0.00433873430497,0.00431853161044,0.00416923366667,0.00416923366667,0.00416923366667,0.00416923366667,0.00416923366667,0.00417117901468,0.00417477663503,0.004176280082,0.00418935895819,0.00418703116068,0.00416923366667,0.00416923366667,0.00416923366667,0.00416923366667,0.00416923366667,0.00462824122096,0.00580823287122,0.00648605471552,0.677441731081,0.22176039101,0.0
0.00418453066561,0.00421422324073,0.00422674699081,0.00433833577049,0.00431810078645,0.00416860786487,0.00416860786487,0.00416860786487,0.00416860786487,0.00416860786487,0.004170554749,0.00417415079377,0.00417565484479,0.00418871827015,0.00418639209141,0.00416860786487,0.00416860786487,0.00416860786487,0.00416860786487,0.00416860786487,0.00462812037401,0.0058083235547,0.00648885413294,0.681718287044,0.217492928042,0.0
0.00418409067095,0.0042138162888,0.00422636370996,0.00433802181956,0.00431776359041,0.00416813443871,0.00416813443871,0.00416813443871,0.00416813443871,0.00416813443871,0.00417008118854,0.00417367344424,0.00417517692898,0.00418821880616,0.00418589556104,0.00416813443871,0.00416813443871,0.00416813443871,0.00416813443871,0.00416813443871,0.0046279947539,0.00580822432074,0.00649098138576,0.685920233873,0.213298119271,0.0
0.00418375726569,0.00421350555172,0.00422607036667,0.00433777018483,0.00431749584146,0.0041677763317,0.0041677763317,0.0041677763317,0.0041677763317,0.0041677763317,0.00416972166073,0.00417330846227,0.00417481048146,0.00418782632878,0.00418550700182,0.0041677763317,0.0041677763317,0.0041677763317,0.0041677763317,0.0041677763317,0.00462785898016,0.00580796051498,0.00649252667275,0.690048164231,0.209175953138,0.0
0.00418350424991,0.00421326714498,0.00422584438815,0.0043375645902,0.0043172797274,0.00416750548881,0.00416750548881,0.00416750548881,0.00416750548881,0.00416750548881,0.00416944841788,0.0041730285335,0.00417452840488,0.0041875150059,0.00418520032082,0.00416750548881,0.00416750548881,0.00416750548881,0.00416750548881,0.00416750548881,0.00462771069188,0.00580755597044,0.006493571036,0.694102600147,0.205126326483,0.0
0.00418331187086,0.00421308314783,0.00422566890919,0.00433739314005,0.00431710212463,0.00416730067202,0.00416730067202,0.00416730067202,0.00416730067202,0.00416730067202,0.00416924046638,0.0041728130045,0.00417431021838,0.00418726534055,0.00418495581654,0.00416730067202,0.00416730067202,0.00416730067202,0.00416730067202,0.00416730067202,0.00462754943536,0.00580703254932,0.00649418661304,0.698084023658,0.201149056986,0.0
0.00418316523677,0.00421294011228,0.0042255313276,0.0043372471395,0.00431695336051,0.00416714580568,0.00416714580568,0.00416714580568,0.00416714580568,0.00416714580568,0.00416908192371,0.00417264625804,0.0041741404411,0.00418706261157,0.00418475860847,0.00416714580568,0.00416714580568,0.00416714580568,0.00416714580568,0.00416714580568,0.00462737590498,0.0058064099412,0.00649443712548,0.701992899168,0.197243892784,0.0
0.00418305312085,0.00421282794506,0.00422542222514,0.00433712023109,0.00431682630191,0.00416702872318,0.00416702872318,0.00416702872318,0.00416702872318,0.00416702872318,0.00416896077491,0.0041725164847,0.00417400737074,0.00418689569884,0.00418459745321,0.00416702872318,0.00416702872318,0.00416702872318,0.00416702872318,0.00416702872318,0.00462719143335,0.00580570562962,0.00649437850304,0.705829689582,0.193410520014,0.0
0.00418296705938,0.00421273906922,0.0042253345616,0.00433700776342,0.0043167156843,0.00416694021756,0.00416694021756,0.00416694021756,0.00416694021756,0.00416694021756,0.00416886793146,0.00417241475408,0.00417390216051,0.00418675619812,0.0041844638518,0.00416694021756,0.00416694021756,0.00416694021756,0.00416694021756,0.00416694021756,0.00462699765595,0.00580493496524,0.00649405957223,0.709594867743,0.189648568854,0.0
0.00418290067175,0.00421266779539,0.00422526307296,0.00433690632984,0.00431661761802,0.0041668733225,0.0041668733225,0.0041668733225,0.0041668733225,0.0041668733225,0.00416879651888,0.00417233431248,0.00417381812159,0.00418663775388,0.00418435137655,0.0041668733225,0.0041668733225,0.0041668733225,0.0041668733225,0.0041668733225,0.00462679629683,0.00580411130228,0.00649352276169,0.713288924371,0.185957618472,0.0
0.00418284914769,0.0042126098503,0.00422520382182,0.00433681343166,0.00431652922519,0.0041668227677,0.0041668227677,0.0041668227677,0.0041668227677,0.0041668227677,0.00416874133772,0.00417227005193,0.00417375019602,0.00418653555655,0.00418425516332,0.0041668227677,0.0041668227677,0.0041668227677,0.0041668227677,0.0041668227677,0.0046265890372,0.00580324616862,0.00649280479236,0.716912373366,0.182337201176,0.0
0.00418280886073,0.00421256202315,0.00422515386181,0.00433672723239,0.00431644837268,0.00416678456655,0.00416678456655,0.00416678456655,0.00416678456655,0.00416678456655,0.00416869845559,0.0041722181087,0.00417369455832,0.00418644596341,0.00418417152859,0.00416678456655,0.00416678456655,0.00416678456655,0.00416678456655,0.00416678456655,0.00462637744012,0.00580234944955,0.00649193733272,0.720465755152,0.178786805995,0.0
0.00418277707676,0.00421252190044,0.00422511098692,0.00433664637862,0.00431637347574,0.00416675570383,0.00416675570383,0.00416675570383,0.00416675570383,0.00416675570383,0.00416866489848,0.00417217555976,0.00417364831448,0.0041863662128,0.00418409768056,0.00416675570383,0.00416675570383,0.00416675570383,0.00416675570383,0.00416675570383,0.0046261629122,0.00580142957235,0.00649094760721,0.723949638569,0.175305881816,0.0
0.00418275173427,0.00421248766702,0.00422507354432,0.00433656986941,0.00431630335374,0.00416673389937,0.00416673389937,0.00416673389937,0.00416673389937,0.00416673389937,0.00416863841725,0.00417214019326,0.0041736092745,0.00418629420856,0.00418403150113,0.00416673389937,0.00416673389937,0.00416673389937,0.00416673389937,0.00416673389937,0.00462594668938,0.00580049368335,0.00648985895224,0.72736462169,0.171893840228,0.0
0.00418273127877,0.00421245795695,0.00422504029462,0.00433649696122,0.00431623712405,0.00416671742905,0.00416671742905,0.00416671742905,0.00416671742905,0.00416671742905,0.00416861731092,0.0041721103351,0.00417357578049,0.00418622835746,0.00418397138139,0.00416671742905,0.00416671742905,0.00416671742905,0.00416671742905,0.00416671742905,0.00462572983752,0.00579954781285,0.00648869131785,0.730711331845,0.168550058116,0.0
0.00418271453793,0.00421243174155,0.0042250103075,0.00433642709864,0.00431617412408,0.00416670498941,0.00416670498941,0.00416670498941,0.00416670498941,0.00416670498941,0.00416860029306,0.00417208471769,0.00417354657678,0.00418616744651,0.00418391609747,0.00416670498941,0.00416670498941,0.00416670498941,0.00416670498941,0.00416670498941,0.00462551326186,0.00579859702543,0.00648746171594,0.733990425077,0.165273880084,0.0
0.00418270062746,0.00421240824544,0.00422498288377,0.00433635986402,0.00431611385388,0.00416669559513,0.00416669559513,0.00416669559513,0.00416669559513,0.00416669559513,0.00416858639066,0.00417206238087,0.00417352071175,0.00418611055037,0.00418386471676,0.00416669559513,0.00416669559513,0.00416669559513,0.00416669559513,0.00416669559513,0.00462529772112,0.0057976455547,0.00648618461743,0.737202585186,0.162064620744,0.0
0.00418268888018,0.00421238688359,0.00422495749713,0.00433629494067,0.004316055934,0.00416668850145,0.00416668850145,0.00416668850145,0.00416668850145,0.00416668850145,0.00416857486769,0.0041720425969,0.00417349746366,0.00418605696142,0.0041838165271,0.00416668850145,0.00416668850145,0.00416668850145,0.00416668850145,0.00416668850145,0.00462508384359,0.00579669692264,0.00648487230199,0.74034852248,0.158921566885,0.0
0.0041826787926,0.00421236721395,0.0042249337507,0.00433623208619,0.00431600007438,0.00416668314558,0.00416668314558,0.00416668314558,0.00416668314558,0.00416668314558,0.00416856516733,0.00417202481383,0.00417347628463,0.00418600613703,0.00418377098331,0.00416668314558,0.00416668314558,0.00416668314558,0.00416668314558,0.00416668314558,0.00462487214357,0.00579575404431,0.00648353516426,0.743428972331,0.155843979557,0.0
0.00418266998457,0.00421234890207,0.00422491134451,0.00433617111292,0.00431594605148,0.00416667910221,0.00416667910221,0.00416667910221,0.00416667910221,0.00416667910221,0.00416855686819,0.00417200861265,0.00417345675822,0.00418595765959,0.00418372766675,0.00416667910221,0.00416667910221,0.00416667910221,0.00416667910221,0.00416667910221,0.00462466303717,0.00579481931884,0.00648218198066,0.746444693605,0.152831096076,0.0
0.00418266216893,0.00421233169435,0.00422489005122,0.00433611187376,0.00431589369138,0.00416667605004,0.00416667605004,0.00416667605004,0.00416667605004,0.00416667605004,0.00416854965128,0.00417199367492,0.00417343856747,0.0041859112064,0.00418368625476,0.00416667605004,0.00416667605004,0.00416667605004,0.00416667605004,0.00416667605004,0.0046244568568,0.00579389470814,0.00648082014121,0.749396467005,0.149882131954,0.0
0.00418265512867,0.00421231539811,0.00422486969793,0.0043360542517,0.00431584285729,0.00416667374632,0.00416667374632,0.00416667374632,0.00416667374632,0.00416667374632,0.00416854327504,0.00417197975827,0.00417342147066,0.00418586652684,0.00418364649753,0.00416667374632,0.00416667374632,0.00416667374632,0.00416667374632,0.00416667374632,0.0046242538642,0.00579298180458,0.00647945584992,0.752285093383,0.146996282773,0.0
0.0041826486996,0.00421229986653,0.00422485015264,0.00433599815228,0.00431579344035,0.00416667200768,0.00416667200768,0.00416667200768,0.00416667200768,0.00416667200768,0.00416853755642,0.0041719666779,0.00417340528303,0.0041858234251,0.00418360820065,0.00416667200768,0.00416667200768,0.00416667200768,0.00416667200768,0.00416667200768,0.00462405426186,0.00579208188883,0.0064780942979,0.755111392032,0.144172725988,0.0
0.00418264275742,0.00421228498731,0.00422483131405,0.00433594349791,0.00431574535272,0.00416667069566,0.00416667069566,0.00416667069566,0.00416667069566,0.00416667069566,0.0041685323566,0.0041719542926,0.00417338986296,0.00418578174712,0.0041835712118,0.00416667069566,0.00416667069566,0.00416667069566,0.00416667069566,0.00416667069566,0.00462385820292,0.00579119597923,0.00647673981219,0.757876198991,0.141410622678,0.0
0.00418263720786,0.00421227067424,0.00422481310393,0.00433589022384,0.00431569852254,0.00416666970567,0.00416666970567,0.00416666970567,0.00416666970567,0.00416666970567,0.00416852757023,0.00417194249414,0.00417337510149,0.00418574137068,0.00418353541077,0.00416666970567,0.00416666970567,0.00416666970567,0.00416666970567,0.00416666970567,0.00462366579966,0.00579032487374,0.00647539598378,0.760580365377,0.13870911923,0.0
0.00418263197936,0.00421225686077,0.00422479546147,0.00433583827504,0.00431565289009,0.00416666895873,0.00416666895873,0.00416666895873,0.00416666895873,0.00416666895873,0.00416852311721,0.00417193119929,0.00417336091443,0.00418570219786,0.00418350070181,0.00416666895873,0.00416666895873,0.00416666895873,0.00416666895873,0.00416666895873,0.00462347713063,0.00578946918545,0.00647406577717,0.763224755745,0.136067348978,0.0
0.00418262701745,0.00421224349521,0.00422477833895,0.00433578760396,0.00431560840495,0.00416666839523,0.00416666839523,0.00416666839523,0.00416666839523,0.00416666839523,0.00416851893659,0.00417192034375,0.00417334723637,0.00418566414937,0.00418346700789,0.00416666839523,0.00416666839523,0.00416666839523,0.00416666839523,0.00416666839523,0.00462329224668,0.00578862937265,0.00647275162435,0.7658102465,0.13348443377,0.0
0.00418262228054,0.00421223053711,0.00422476169857,0.00433573816885,0.00431556502388,0.00416666797016,0.00416666797016,0.00416666797016,0.00416666797016,0.00416666797016,0.00416851498185,0.00417190987757,0.00417333401613,0.00418562716017,0.00418343426628,0.00416666797016,0.00416666797016,0.00416666797016,0.00416666797016,0.00416666797016,0.00462311117602,0.00578780576421,0.006471455505,0.768337724354,0.130959485488,0.0
0.00418261773683,0.00421221795452,0.00422474551,0.00433568993248,0.00431552270918,0.00416666764954,0.00416666764954,0.00416666764954,0.00416666764954,0.00416666764954,0.00416851121742,0.00417189976171,0.00417332121338,0.00418559117621,0.00418340242525,0.00416666764954,0.00416666764954,0.00416666764954,0.00416666764954,0.00416666764954,0.00462293392838,0.00578699858088,0.00647017901502,0.770808084839,0.128491607504,0.0
0.00418261336184,0.00421220572194,0.0042247297486,0.00433564286118,0.00431548142749,0.00416666740772,0.00416666740772,0.00416666740772,0.00416666740772,0.00416666740772,0.00416850761598,0.0041718899654,0.00417330879602,0.0041855561519,0.00418337144152,0.00416666740772,0.00416666740772,0.00416666740772,0.00416666740772,0.00416666740772,0.00462276049845,0.00578620795333,0.00646892342498,0.773222230873,0.126079896081,0.0
0.00418260913666,0.00421219381878,0.00422471439405,0.0043355969241,0.00431544114887,0.00416666722535,0.00416666722535,0.00416666722535,0.00416666722535,0.00416666722535,0.00416850415649,0.00417188046413,0.00417329673819,0.00418552204818,0.00418334127833,0.00416666722535,0.00416666722535,0.00416666722535,0.00416666722535,0.00416666722535,0.00462259086879,0.00578543393725,0.00646768972993,0.77558107139,0.123723441713,0.0
0.00418260504657,0.00421218222816,0.00422469942929,0.00433555209269,0.00431540184604,0.00416666708783,0.00416666708783,0.00416666708783,0.00416666708783,0.00416666708783,0.00416850082262,0.00417187123819,0.00417328501882,0.00418548883111,0.00418331190395,0.00416666708783,0.00416666708783,0.00416666708783,0.00416666708783,0.00416666708783,0.0046224250121,0.00578467652598,0.00646647869181,0.777885520022,0.121421330413,0.0
0.00418260108005,0.00421217093605,0.0042246848398,0.00433550834022,0.00431536349392,0.00416666698414,0.00416666698414,0.00416666698414,0.00416666698414,0.00416666698414,0.00416849760165,0.00417186227152,0.00417327362051,0.00418545647068,0.0041832832906,0.00416666698414,0.00416666698414,0.00416666698414,0.00416666698414,0.00416666698414,0.00462226289321,0.00578393566126,0.00646529087553,0.780136493847,0.119172644936,0.0
0.00418259722794,0.00421215993058,0.00422467061295,0.00433546564146,0.0043153260691,0.00416666690596,0.00416666690596,0.00416666690596,0.00416666690596,0.00416666690596,0.00416849448357,0.00417185355083,0.00417326252863,0.00418542494001,0.00418325541354,0.00416666690596,0.00416666690596,0.00416666690596,0.00416666690596,0.00416666690596,0.00462210447062,0.00578321124206,0.0064641266797,0.782334912194,0.116976465956,0.0
0.00418259348293,0.00421214920153,0.00422465673762,0.00433542397246,0.00431528954962,0.00416666684702,0.00416666684702,0.00416666684702,0.00416666684702,0.00416666684702,0.00416849146043,0.00417184506497,0.00417325173069,0.00418539421467,0.00418322825046,0.00416666684702,0.00416666684702,0.00416666684702,0.00416666684702,0.00416666684702,0.00462194969779,0.00578250313214,0.00646298636268,0.7844816955,0.114831873172,0.0
0.00418258983907,0.00421213873998,0.00422464320382,0.00433538331028,0.00431525391463,0.00416666680259,0.00416666680259,0.00416666680259,0.00416666680259,0.00416666680259,0.00416848852584,0.0041718368044,0.00417324121587,0.00418536427218,0.00418320178094,0.00416666680259,0.00416666680259,0.00416666680259,0.00416666680259,0.00416666680259,0.00462179852421,0.00578181116629,0.00646187006481,0.786577764239,0.112737946373,0.0
0.00418258629148,0.00421212853797,0.00422463000244,0.00433534363285,0.00431521914425,0.00416666676909,0.00416666676909,0.00416666676909,0.00416666676909,0.00416666676909,0.0041684856746,0.00417182876085,0.00417323097462,0.00418533509162,0.00418317598607,0.00416666676909,0.00416666676909,0.00416666676909,0.00416666676909,0.00416666676909,0.00462165089625,0.00578113515563,0.00646077782719,0.788624037895,0.110693766438,0.0
0.00418258283604,0.00421211858832,0.00422461712509,0.00433530491888,0.00431518521937,0.00416666674385,0.00416666674385,0.00416666674385,0.00416666674385,0.00416666674385,0.00416848290241,0.00417182092703,0.00417322099838,0.00418530665334,0.00418315084819,0.00416666674385,0.00416666674385,0.00416666674385,0.00416666674385,0.00416666674385,0.00462150675786,0.005780474892,0.00645970960776,0.790621433997,0.10869841629,0.0
0.00418257946927,0.00421210888444,0.00422460456391,0.00433526714768,0.00431515212156,0.00416666672482,0.00416666672482,0.00416666672482,0.00416666672482,0.00416666672482,0.00416848020568,0.00417181329639,0.00417321127937,0.00418527893872,0.00418312635059,0.00416666672482,0.00416666672482,0.00416666672482,0.00416666672482,0.00416666672482,0.00462136605115,0.00577983015168,0.00645866529484,0.792570867209,0.106750981788,0.0
0.00418257618813,0.00421209942019,0.00422459231148,0.00433523029916,0.00431511983296,0.00416666671048,0.00416666671048,0.00416666671048,0.00416666671048,0.00416666671048,0.00416847758132,0.00417180586297,0.00417320181043,0.00418525193,0.00418310247741,0.00416666671048,0.00416666671048,0.00416666671048,0.00416666671048,0.00416666671048,0.00462122871685,0.00577920069849,0.0064576447187,0.79447324847,0.104850552577,0.0
0.00418257298993,0.00421209018982,0.00422458036074,0.00433519435371,0.0043150883362,0.00416666669968,0.00416666669968,0.00416666669968,0.00416666669968,0.00416666669968,0.00416847502667,0.00417179862127,0.00417319258486,0.00418522561014,0.00418307921345,0.00416666669968,0.00416666669968,0.00416666669968,0.00416666669968,0.00416666669968,0.00462109469474,0.00577858628642,0.00645664766135,0.796329484192,0.102996222881,0.0
0.00418256987229,0.00421208118787,0.0042245687049,0.00433515929215,0.00431505761435,0.00416666669154,0.00416666669154,0.00416666669154,0.00416666669154,0.00416666669154,0.00416847253936,0.00417179156618,0.00417318359639,0.00418519996271,0.0041830565441,0.00416666669154,0.00416666669154,0.00416666669154,0.00416666669154,0.00416666669154,0.0046209639239,0.00577798666183,0.00645567386487,0.798140475501,0.101187092253,0.0
0.00418256683299,0.00421207240912,0.00422455733744,0.00433512509573,0.00431502765086,0.0041666666854,0.0041666666854,0.0041666666854,0.0041666666854,0.0041666666854,0.00416847011728,0.00417178469287,0.00417317483904,0.00418517497182,0.00418303445522,0.0041666666854,0.0041666666854,0.0041666666854,0.0041666666854,0.0041666666854,0.00462083634302,0.00577740156527,0.00645472303848,0.799907117531,0.0994222662659,0.0
0.00418256387002,0.00421206384854,0.00422454625201,0.00433509174603,0.00431499842951,0.00416666668078,0.00416666668078,0.00416666668078,0.00416666668078,0.00416666668078,0.0041684677585,0.00417177799675,0.0041731663071,0.00418515062202,0.00418301293312,0.00416666668078,0.00416666668078,0.00416666668078,0.00416666668078,0.00416666668078,0.00462071189062,0.00577683073306,0.00645379486457,0.801630298767,0.0977008571733,0.0
0.00418256098146,0.00421205550127,0.00422453544244,0.00433505922499,0.00431496993442,0.0041666666773,0.0041666666773,0.0041666666773,0.0041666666773,0.0041666666773,0.00416846546124,0.00417177147344,0.00417315799509,0.00418512689829,0.00418299196449,0.0041666666773,0.0041666666773,0.0041666666773,0.0041666666773,0.0041666666773,0.00462059050518,0.0057762738986,0.00645288900375,0.803310900431,0.0960219845112,0.0
0.00418255816553,0.00421204736258,0.00422452490271,0.00433502751488,0.00431494215,0.00416666667467,0.00416666667467,0.00416666667467,0.00416666667467,0.00416666667467,0.00416846322384,0.00417176511872,0.00417314989771,0.00418510378599,0.00418297153633,0.00416666667467,0.00416666667467,0.00416666667467,0.00416666667467,0.00416666667467,0.00462047212535,0.00577573079348,0.00645200509925,0.804949795914,0.0943847756634,0.0
0.0041825554205,0.00421203942787,0.00422451462693,0.00433499659824,0.00431491506093,0.0041666666727,0.0041666666727,0.0041666666727,0.0041666666727,0.0041666666727,0.00416846104472,0.00417175892851,0.00417314200983,0.00418508127081,0.004182951636,0.0041666666727,0.0041666666727,0.0041666666727,0.0041666666727,0.0041666666727,0.00462035669001,0.0057752011484,0.00645114278053,0.806547850247,0.0927883663831,0.0
0.00418255274474,0.00421203169265,0.00422450460934,0.00433496645791,0.00431488865215,0.00416666667121,0.00416666667121,0.00416666667121,0.00416666667121,0.00416666667121,0.00416845892239,0.00417175289887,0.00417313432644,0.00418505933878,0.00418293225111,0.00416666667121,0.00416666667121,0.00416666667121,0.00416666667121,0.00416666667121,0.00462024413845,0.00577468469397,0.00645030166647,0.80810591962,0.0912319012744,0.0
0.00418255013663,0.00421202415252,0.00422449484426,0.00433493707702,0.00431486290884,0.00416666667009,0.00416666667009,0.00416666667009,0.00416666667009,0.00416666667009,0.00416845685543,0.00417174702595,0.00417312684269,0.0041850379762,0.00418291336955,0.00416666667009,0.00416666667009,0.00416666667009,0.00416666667009,0.00416666667009,0.00462013441037,0.00577418116138,0.00644948136802,0.809624850936,0.0897145342341,0.0
0.00418254759465,0.00421201680315,0.00422448532616,0.00433490843896,0.00431483781645,0.00416666666924,0.00416666666924,0.00416666666924,0.00416666666924,0.00416666666924,0.00416845484247,0.00417174130602,0.00417311955384,0.00418501716969,0.00418289497949,0.00416666666924,0.00416666666924,0.00416666666924,0.00416666666924,0.00416666666924,0.00462002744602,0.00577369028297,0.00644868149041,0.811105481401,0.0882354288568,0.0
0.00418254511729,0.00421200964032,0.00422447604956,0.00433488052737,0.00431481336062,0.00416666666861,0.00416666666861,0.00416666666861,0.00416666666861,0.00416666666861,0.00416845288217,0.00417173573542,0.00417311245524,0.00418499690611,0.00418287706931,0.00416666666861,0.00416666666861,0.00416666666861,0.00416666666861,0.00416666666861,0.00461992318625,0.00577321179271,0.00644790163514,0.812548638153,0.0867937588038,0.0
0.00418254270308,0.00421200265987,0.0042244670091,0.00433485332618,0.00431478952726,0.00416666666813,0.00416666666813,0.00416666666813,0.00416666666813,0.00416666666813,0.00416845097326,0.00417173031058,0.00417310554238,0.0041849771726,0.00418285962764,0.00416666666813,0.00416666666813,0.00416666666813,0.00416666666813,0.00416666666813,0.00461982157252,0.00577274542658,0.00644714140156,0.813955137929,0.0853887081371,0.0
0.00418254035059,0.00421199585772,0.0042244581995,0.00433482681953,0.00431476630249,0.00416666666777,0.00416666666777,0.00416666666777,0.00416666666777,0.00416666666777,0.00416844911446,0.00417172502802,0.0041730988108,0.00418495795656,0.00418284264333,0.00416666666777,0.00416666666777,0.00416666666777,0.00416666666777,0.00416666666777,0.004619722547,0.00577229092297,0.00644640038831,0.81532578676,0.0840194716213,0.0
0.00418253805842,0.00421198922984,0.00422444961559,0.00433480099186,0.00431474367264,0.00416666666749,0.00416666666749,0.00416666666749,0.00416666666749,0.00416666666749,0.00416844730458,0.00417171988432,0.00417309225618,0.00418493924564,0.00418282610546,0.00416666666749,0.00416666666749,0.00416666666749,0.00416666666749,0.00416666666749,0.00461962605257,0.00577184802292,0.00644567819442,0.816661379698,0.0826852549929,0.0
0.00418253582517,0.0042119827723,0.00422444125224,0.00433477582782,0.00431472162428,0.00416666666729,0.00416666666729,0.00416666666729,0.00416666666729,0.00416666666729,0.00416844554242,0.00417171487615,0.00417308587425,0.00418492102771,0.00418281000333,0.00416666666729,0.00416666666729,0.00416666666729,0.00416666666729,0.00416666666729,0.00461953203286,0.00577141647039,0.00644497442038,0.817962700577,0.0813852752004,0.0
0.00418253364952,0.00421197648121,0.00422443310445,0.00433475131233,0.00431470014419,0.00416666666714,0.00416666666714,0.00416666666714,0.00416666666714,0.00416666666714,0.00416844382681,0.00417171000023,0.00417307966084,0.0041849032909,0.00418279432643,0.00416666666714,0.00416666666714,0.00416666666714,0.00416666666714,0.00416666666714,0.00461944043229,0.00577099601246,0.00644428866897,0.819230521803,0.0801187606153,0.0
0.00418253153012,0.00421197035276,0.00422442516728,0.00433472743056,0.00431467921936,0.00416666666702,0.00416666666702,0.00416666666702,0.00416666666702,0.00416666666702,0.00416844215663,0.00417170525335,0.00417307361189,0.00418488602358,0.00418277906447,0.00416666666702,0.00416666666702,0.00416666666702,0.00416666666702,0.00416666666702,0.00461935119607,0.00577058639954,0.00644362054593,0.820465604163,0.0788849512157,0.0
