-10.0 -10.0,-10.0 0.0,-10.0 10.0,0.0 -10.0,0.0 0.0,0.0 10.0,10.0 -10.0,10.0 0.0,10.0 10.0,other
0.111111111111,0.111111111111,0.111111111111,0.111111111111,0.111111111111,0.111111111111,0.111111111111,0.111111111111,0.111111111111,0.0
0.1,0.1,0.100000000015,0.100153816906,0.100040020902,0.199806161361,0.100000000001,0.1,0.100000000815,0.0
0.0833472422368,0.0833472422368,0.0833472423727,0.0834797435659,0.0833816713798,0.333055130801,0.0833472422377,0.0833472422371,0.0833472429323,0.0
0.0625234824242,0.0625234824242,0.0625234853834,0.0626228989575,0.0625493143194,0.499686888696,0.0625234824248,0.0625234824244,0.062523482946,0.0
0.0416910647354,0.0416910647354,0.0416912056117,0.0417573563491,0.0417082896161,0.666387824398,0.0416910647359,0.0416910647356,0.0416910650834,0.0
0.0250211065544,0.0250211065544,0.0250272782049,0.0250608918067,0.0250314441549,0.799774852852,0.0250211065546,0.0250211065545,0.0250211067632,0.0
0.0139472870226,0.0139472870226,0.0140551352254,0.0139694641527,0.013953049417,0.888285915975,0.0139472870228,0.0139472870227,0.013947287139,0.0
0.00762893654313,0.00762893654313,0.00821624411539,0.0076410670684,0.00763208847802,0.938365917559,0.00762893654322,0.00762893654316,0.0076289366068,0.0
0.00438459982965,0.00438459982964,0.00572950981847,0.00439157164003,0.00438641134992,0.963569508007,0.00438459982969,0.00438459982966,0.00438459986624,0.0
0.00268642573928,0.00268642573928,0.00472515414783,0.00269069733796,0.00268753565007,0.976464484145,0.00268642573931,0.00268642573929,0.0026864257617,0.0
0.00172234509196,0.00172234509196,0.00432855895096,0.00172508373719,0.00172305668781,0.98361157515,0.00172234509198,0.00172234509197,0.00172234510634,0.0
0.0011365049887,0.0011365049887,0.00422163502188,0.00113831210853,0.00113697454166,0.987820553375,0.00113650498871,0.00113650498871,0.00113650499819,0.0
0.000763813297906,0.000763813297906,0.0042791877612,0.000765027812728,0.000764128871351,0.990372589059,0.000763813297914,0.000763813297909,0.000763813304281,0.0
0.000519495951088,0.000519495951088,0.00444541147765,0.000520321984799,0.000519710583548,0.991917076194,0.000519495951094,0.00051949595109,0.000519495955424,0.0
0.000356130242084,0.000356130242084,0.00469296496252,0.000356696513264,0.00035627737915,0.992813409932,0.000356130242088,0.000356130242086,0.000356130245057,0.0
0.00024543787074,0.00024543787074,0.00500775330799,0.00024582813356,0.000245539274675,0.993273689928,0.000245437870742,0.000245437870741,0.000245437872788,0.0
0.000169761379742,0.000169761379742,0.00538256433848,0.000170031311822,0.000169831517541,0.993428765932,0.000169761379744,0.000169761379743,0.000169761381159,0.0
0.000117707529286,0.000117707529285,0.00581413280163,0.000117894692221,0.000117756160765,0.993361678698,0.000117707529287,0.000117707529286,0.000117707530268,0.0
8.17524743828e-05,8.17524743828e-05,0.00630167387932,8.18824663483e-05,8.17862508436e-05,0.993125895031,8.17524743837e-05,8.17524743831e-05,8.17524750651e-05,0.0
5.68458131006e-05,5.68458131006e-05,0.00684610282911,5.69362017895e-05,5.68692992445e-05,0.992755862604,5.68458131012e-05,5.68458131008e-05,5.6845813575e-05,0.0
3.95583546362e-05,3.95583546362e-05,0.00744959939701,3.96212550966e-05,3.95746983766e-05,0.992273412876,3.95583546367e-05,3.95583546364e-05,3.95583549664e-05,0.0
2.75429278844e-05,2.75429278844e-05,0.00811535720342,2.75867230032e-05,2.75543073886e-05,0.991691787127,2.75429278847e-05,2.75429278845e-05,2.75429281143e-05,0.0
1.91839265412e-05,1.91839265412e-05,0.0088474386675,1.92144302824e-05,1.91918524805e-05,0.991018235417,1.91839265414e-05,1.91839265413e-05,1.91839267013e-05,0.0
1.33649310442e-05,1.33649310442e-05,0.00965069388029,1.33861821889e-05,1.33704528352e-05,0.990255724829,1.33649310444e-05,1.33649310443e-05,1.33649311558e-05,0.0
9.31236271698e-06,9.31236271698e-06,0.0105307206214,9.32717000376e-06,9.31621016817e-06,0.989404074185,9.31236271708e-06,9.31236271701e-06,9.3123627947e-06,0.0
6.48918271936e-06,6.48918271936e-06,0.0114938524801,6.49950095893e-06,6.49186375902e-06,0.988460710242,6.48918271943e-06,6.48918271938e-06,6.48918277351e-06,0.0
4.52207330156e-06,4.52207330156e-06,0.012547167337,4.52926370406e-06,4.52394161971e-06,0.987421169091,4.5220733016e-06,4.52207330157e-06,4.5220733393e-06,0.0
3.15128966716e-06,3.15128966716e-06,0.0136985114588,3.15630043094e-06,3.15259163891e-06,0.986279423201,3.15128966719e-06,3.15128966717e-06,3.15128969346e-06,0.0
2.1959949644e-06,2.1959949644e-06,0.0149565362157,2.19948674497e-06,2.19690225117e-06,0.98502808742,2.19599496443e-06,2.19599496441e-06,2.19599498273e-06,0.0
1.5302350391e-06,1.5302350391e-06,0.0163307455123,1.53266821635e-06,1.53086726369e-06,0.983658539777,1.53023503912e-06,1.53023503911e-06,1.53023505187e-06,0.0
1.06625669518e-06,1.06625669518e-06,0.0178315527009,1.06795211547e-06,1.06669722469e-06,0.982160981366,1.06625669519e-06,1.06625669518e-06,1.06625670408e-06,0.0
7.42910046471e-07,7.4291004647e-07,0.0194703461946,7.44091323708e-07,7.43216983628e-07,0.980524451947,7.42910046478e-07,7.42910046473e-07,7.42910052671e-07,0.0
5.17578327471e-07,5.17578327471e-07,0.0212595632875,5.1840131203e-07,5.17792167655e-07,0.978736812627,5.17578327477e-07,5.17578327473e-07,5.17578331791e-07,0.0
3.60558836154e-07,3.60558836154e-07,0.023212771883,3.61132149098e-07,3.60707802916e-07,0.976784703483,3.60558836158e-07,3.60558836155e-07,3.60558839163e-07,0.0
2.51148891899e-07,2.51148891899e-07,0.0253447599473,2.51548235629e-07,2.51252655373e-07,0.974653481507,2.51148891902e-07,2.511488919e-07,2.51148893995e-07,0.0
1.74918672293e-07,1.74918672293e-07,0.0276716325627,1.75196804817e-07,1.74990940855e-07,0.972327142656,1.74918672295e-07,1.74918672294e-07,1.74918673753e-07,0.0
1.21810664051e-07,1.21810664051e-07,0.0302109164598,1.22004351249e-07,1.21860990762e-07,0.969788230622,1.21810664053e-07,1.21810664052e-07,1.21810665068e-07,0.0
8.48150157784e-08,8.48150157784e-08,0.0329816718621,8.49498773919e-08,8.48500575442e-08,0.967017734263,8.48150157793e-08,8.48150157787e-08,8.48150164862e-08,0.0
5.90462144958e-08,5.90462144958e-08,0.0360046113767,5.91401019718e-08,5.9070609747e-08,0.963994975182,5.90462144964e-08,5.9046214496e-08,5.90462149885e-08,0.0
4.10994721019e-08,4.10994721019e-08,0.0393022255022,4.11648230432e-08,4.11164525629e-08,0.960697486719,4.10994721023e-08,4.1099472102e-08,4.10994724449e-08,0.0
2.86020798693e-08,2.86020798693e-08,0.0428989140948,2.86475591115e-08,2.86138969677e-08,0.957100885633,2.86020798696e-08,2.86020798694e-08,2.8602080108e-08,0.0
1.99006707069e-08,1.99006707069e-08,0.0468211228142,1.99323141198e-08,1.99088927728e-08,0.953178737841,1.99006707072e-08,1.9900670707e-08,1.9900670873e-08,0.0
1.38432224487e-08,1.38432224487e-08,0.0510974831494,1.3865234109e-08,1.38489418482e-08,0.94890241992,1.38432224489e-08,1.38432224488e-08,1.38432225643e-08,0.0
9.62710551836e-09,9.62710551836e-09,0.0557589540743,9.64241326749e-09,9.63108300718e-09,0.944240978517,9.62710551846e-09,9.62710551839e-09,9.62710559871e-09,0.0
6.69317010947e-09,6.69317010947e-09,0.0608389626728,6.70381270279e-09,6.69593542758e-09,0.939160990462,6.69317010954e-09,6.69317010949e-09,6.69317016533e-09,0.0
4.65192690246e-09,4.65192690245e-09,0.0663735401775,4.65932378097e-09,4.6538488703e-09,0.93362642725,4.6519269025e-09,4.65192690247e-09,4.65192694128e-09,0.0
3.23209912781e-09,3.23209912781e-09,0.0724014487266,3.2372383841e-09,3.23343448641e-09,0.927598528642,3.23209912785e-09,3.23209912782e-09,3.23209915479e-09,0.0
2.2447683884e-09,2.2447683884e-09,0.0789642927305,2.24833772202e-09,2.24569582616e-09,0.921035691552,2.24476838843e-09,2.24476838841e-09,2.24476840714e-09,0.0
1.55838950438e-09,1.55838950438e-09,0.0861066069868,1.56086744913e-09,1.55903336112e-09,0.913893382101,1.55838950439e-09,1.55838950438e-09,1.55838951738e-09,0.0
1.08138080395e-09,1.08138080395e-09,0.0938759115357,1.0831002726e-09,1.08182758207e-09,0.906124080892,1.08138080396e-09,1.08138080396e-09,1.08138081298e-09,0.0
7.49994014513e-10,7.49994014513e-10,0.102322720649,7.51186555739e-10,7.50303878449e-10,0.8976772741,7.49994014521e-10,7.49994014515e-10,7.49994020772e-10,0.0
5.19863461351e-10,5.19863461351e-10,0.111500490244,5.20690079428e-10,5.2007824565e-10,0.888499506116,5.19863461357e-10,5.19863461353e-10,5.1986346569e-10,0.0
3.60119162189e-10,3.60119162189e-10,0.121465484374,3.60691776022e-10,3.60267947298e-10,0.878534513104,3.60119162193e-10,3.6011916219e-10,3.60119165194e-10,0.0
2.49286411695e-10,2.49286411695e-10,0.132276537257,2.49682793956e-10,2.49389405676e-10,0.867723460997,2.49286411698e-10,2.49286411696e-10,2.49286413776e-10,0.0
1.72430062225e-10,1.72430062225e-10,0.143994682625,1.7270423769e-10,1.72501302604e-10,0.856005316168,1.72430062227e-10,1.72430062226e-10,1.72430063664e-10,0.0
1.19165936035e-10,1.19165936035e-10,0.156682617171,1.19355417936e-10,1.19215170062e-10,0.843317381995,1.19165936036e-10,1.19165936035e-10,1.19165937029e-10,0.0
8.22762713855e-11,8.22762713855e-11,0.170403959782,8.24070962237e-11,8.23102642558e-11,0.829596039642,8.22762713864e-11,8.22762713858e-11,8.22762720721e-11,0.0
5.67458836166e-11,5.67458836165e-11,0.185222263571,5.68361134108e-11,5.67693284741e-11,0.814777736031,5.67458836172e-11,5.67458836167e-11,5.67458840901e-11,0.0
3.90913211497e-11,3.90913211497e-11,0.201199734243,3.91534789952e-11,3.91074719327e-11,0.798800265484,3.90913211501e-11,3.90913211498e-11,3.90913214759e-11,0.0
2.68940413033e-11,2.68940413033e-11,0.218395607093,2.69368046485e-11,2.69051527166e-11,0.781604392719,2.68940413035e-11,2.68940413033e-11,2.68940415277e-11,0.0
1.84756287716e-11,1.84756287716e-11,0.236864137514,1.85050062713e-11,1.84832620739e-11,0.763135862357,1.84756287718e-11,1.84756287716e-11,1.84756289258e-11,0.0
1.26718905865e-11,1.26718905865e-11,0.256652168221,1.26920397499e-11,1.26771260442e-11,0.743347831691,1.26718905867e-11,1.26718905866e-11,1.26718906923e-11,0.0
8.67576681631e-12,8.67576681631e-12,0.277796253013,8.68956187254e-12,8.67935125459e-12,0.722203746926,8.6757668164e-12,8.67576681634e-12,8.67576688872e-12,0.0
5.92812578467e-12,5.92812578466e-12,0.300319344372,5.93755190575e-12,5.93057502073e-12,0.699680655586,5.92812578473e-12,5.92812578468e-12,5.92812583414e-12,0.0
4.04187172375e-12,4.04187172375e-12,0.32422709323,4.04829857326e-12,4.04354164412e-12,0.675772906742,4.0418717238e-12,4.04187172377e-12,4.04187175748e-12,0.0
2.74922165885e-12,2.74922165885e-12,0.349503865655,2.7535931073e-12,2.7503575141e-12,0.650496134326,2.74922165888e-12,2.74922165886e-12,2.74922168179e-12,0.0
1.86509246248e-12,1.86509246248e-12,0.376108652951,1.86805808569e-12,1.86586303515e-12,0.623891347036,1.8650924625e-12,1.86509246248e-12,1.86509247804e-12,0.0
1.26168640286e-12,1.26168640285e-12,0.403971135711,1.2636925696e-12,1.26220767516e-12,0.59602886428,1.26168640285e-12,1.26168640285e-12,1.26168641337e-12,0.0
8.5085843044e-13,8.50858430424e-13,0.432988250867,8.5221135291e-13,8.51209967014e-13,0.567011749127,8.5085843042e-13,8.50858430413e-13,8.50858437511e-13,0.0
5.71888963868e-13,5.71888963833e-13,0.463021690262,5.72798306008e-13,5.72125242728e-13,0.536978309734,5.71888963808e-13,5.71888963804e-13,5.71888968575e-13,0.0
3.83010035072e-13,3.83010034991e-13,0.49389681022,3.83619046926e-13,3.83168277557e-13,0.506103189777,3.83010034922e-13,3.83010034919e-13,3.83010038114e-13,0.0
2.55536451393e-13,2.55536451205e-13,0.525403430529,2.55942771596e-13,2.55642027356e-13,0.474596569469,2.55536451024e-13,2.55536451022e-13,2.55536453154e-13,0.0
1.69804074129e-13,1.69804073678e-13,0.557298925044,1.7007407397e-13,1.69874228947e-13,0.442701074955,1.6980407321e-13,1.69804073209e-13,1.69804074625e-13,0.0
1.123610202e-13,1.12361019106e-13,0.58931383932,1.12539681468e-13,1.12407441202e-13,0.410686160679,1.12361017884e-13,1.12361017883e-13,1.1236101882e-13,0.0
7.40270286428e-14,7.40270259816e-14,0.621160014096,7.41447356247e-14,7.40576094597e-14,0.378839985903,7.40270227831e-14,7.40270227826e-14,7.40270234001e-14,0.0
4.85539959154e-14,4.85539895051e-14,0.652540870848,4.86311972926e-14,4.85740467663e-14,0.347459129151,4.85539812021e-14,4.85539812017e-14,4.85539816068e-14,0.0
3.17025036631e-14,3.17024885613e-14,0.683163174971,3.17529054101e-14,3.17155787288e-14,0.316836825029,3.17024674434e-14,3.17024674431e-14,3.17024677076e-14,0.0
2.06059858174e-14,2.0605951433e-14,0.712749295984,2.06387318119e-14,2.06144453334e-14,0.287250704015,2.06058994539e-14,2.06058994537e-14,2.06058996256e-14,0.0
1.33336242742e-14,1.33335494473e-14,0.741048791196,1.33547795866e-14,1.33390118736e-14,0.258951208804,1.33334270682e-14,1.33334270681e-14,1.33334271794e-14,0.0
8.5904212789e-15,8.59026715495e-15,0.767848081897,8.60397515407e-15,8.59371210269e-15,0.232151918103,8.58999440948e-15,8.58999440942e-15,8.58999448108e-15,0.0
5.51185716712e-15,5.51155911885e-15,0.792977070175,5.52039587109e-15,5.51361692075e-15,0.207022929825,5.51098873629e-15,5.51098873625e-15,5.51098878222e-15,0.0
3.52367067256e-15,3.52313284595e-15,0.816311761769,3.52882607291e-15,3.52415829237e-15,0.183688238231,3.52202124268e-15,3.52202124265e-15,3.52202127203e-15,0.0
2.24638770336e-15,2.24548575809e-15,0.837772391622,2.24913896662e-15,2.24563144929e-15,0.162227608378,2.24347662501e-15,2.24347662499e-15,2.24347664371e-15,0.0
1.43052701671e-15,1.42912393734e-15,0.857317386997,1.43141328786e-15,1.42839995068e-15,0.142682613003,1.42576554687e-15,1.42576554686e-15,1.42576555875e-15,0.0
9.12797639211e-16,9.1077221478e-16,0.874934939791,9.12081859613e-16,9.09107180937e-16,0.125065060209,9.05584358324e-16,9.05584358318e-16,9.05584365872e-16,0.0
5.86660511671e-16,5.83939389787e-16,0.890635796116,5.84463965942e-16,5.81246275119e-16,0.109364203884,5.7652330504e-16,5.76523305036e-16,5.76523309845e-16,0.0
3.8273680242e-16,3.79314486142e-16,0.904451945482,3.79142786506e-16,3.75549452356e-16,0.0955480545179,3.69466708727e-16,3.69466708724e-16,3.69466711807e-16,0.0
2.55955239429e-16,2.51889307415e-16,0.91644395819,2.51068579358e-16,2.47083737061e-16,0.0835560418103,2.39662093705e-16,2.39662093703e-16,2.39662095703e-16,0.0
1.77232006475e-16,1.72614801077e-16,0.9267133847,1.71188768816e-16,1.66868968897e-16,0.0732866152997,1.58286871754e-16,1.58286871753e-16,1.58286873074e-16,0.0
1.28071659198e-16,1.2299452822e-16,0.93540966227,1.21014433586e-16,1.16442785573e-16,0.0645903377302,1.06970221512e-16,1.06970221511e-16,1.06970222403e-16,0.0
9.69649229e-17,9.14927748154e-17,0.942722045429,8.90115285375e-17,8.42645781697e-17,0.0572779545715,7.41884055266e-17,7.4188405526e-17,7.41884061449e-17,0.0
7.69103819169e-17,7.10727533879e-17,0.948858097188,6.81353682744e-17,6.32680880873e-17,0.0511419028116,5.28397881879e-17,5.28397881876e-17,5.28397886284e-17,0.0
6.37159771083e-17,5.7509652562e-17,0.954019792412,5.41473478511e-17,4.91916628326e-17,0.0459802075878,3.86057709726e-17,3.86057709723e-17,3.86057712944e-17,0.0
5.48831135729e-17,4.82788088544e-17,0.958386970387,4.45075855029e-17,3.94769911e-17,0.0416130296132,2.88713009272e-17,2.88713009269e-17,2.88713011678e-17,0.0
4.89126243381e-17,4.18611322729e-17,0.962110506177,3.76829146116e-17,3.25781082466e-17,0.0378894938234,2.20436335477e-17,2.20436335475e-17,2.20436337314e-17,0.0
4.48918339626e-17,3.73281198818e-17,0.965312504001,3.27326892306e-17,2.75461326973e-17,0.034687495999,1.71389400697e-17,1.71389400695e-17,1.71389402125e-17,0.0
4.22549937009e-17,3.41002838962e-17,0.968089931612,2.90670685386e-17,2.37861213354e-17,0.0319100683883,1.35375894064e-17,1.35375894063e-17,1.35375895192e-17,0.0
4.06453108052e-17,3.18076489571e-17,0.970519221393,2.63070469367e-17,2.09159335932e-17,0.0294807786065,1.08405794453e-17,1.08405794452e-17,1.08405795356e-17,0.0
3.983503281e-17,3.02087473355e-17,0.972660606726,2.42029504333e-17,1.8683922208e-17,0.0273393932735,8.78500567178e-18,8.78500567171e-18,8.785005745e-18,0.0
3.9678527872e-17,2.91429109484e-17,0.974561754377,2.25862977376e-17,1.69202787782e-17,0.0254382456234,7.19368383317e-18,7.19368383311e-18,7.19368389313e-18,0.0
4.00842667794e-17,2.8501636445e-17,0.976260639859,2.13408170463e-17,1.55077330307e-17,0.0237393601406,5.94460761448e-18,5.94460761444e-18,5.94460766403e-18,0.0
4.09978106152e-17,2.82110346254e-17,0.977787761197,2.03846156484e-17,1.43635304709e-17,0.0222122388032,4.95206303923e-18,4.95206303919e-18,4.9520630805e-18,0.0
4.23913472125e-17,2.82208452496e-17,0.979167822326,1.96589635613e-17,1.34281007817e-17,0.0208321776735,4.15470707664e-18,4.15470707661e-18,4.15470711127e-18,0.0
4.42572258745e-17,2.84974247198e-17,0.980421008599,1.91210809048e-17,1.26577758772e-17,0.0195789914013,3.50788586765e-18,3.50788586762e-18,3.50788589689e-18,0.0
4.66040066585e-17,2.90191925807e-17,0.981563954672,1.87394009064e-17,1.20200106818e-17,0.0184360453278,2.9785851754e-18,2.97858517537e-18,2.97858520022e-18,0.0
4.94541470557e-17,2.97736352559e-17,0.982610482334,1.8490396269e-17,1.14901830264e-17,0.0173895176655,2.5420475341e-18,2.54204753408e-18,2.54204755529e-18,0.0
5.28428006131e-17,3.07553194868e-17,0.983572166488,1.83564131877e-17,1.10494101525e-17,0.0164278335122,2.17946512063e-18,2.17946512061e-18,2.1794651388e-18,0.0
5.68174106886e-17,3.19645765746e-17,0.984458772479,1.83241676611e-17,1.06830323986e-17,0.0155412275206,1.87637975655e-18,1.87637975653e-18,1.87637977218e-18,0.0
6.14379095419e-17,3.34066439702e-17,0.98527859664,1.83836852606e-17,1.03795427889e-17,0.01472140336,1.62155588628e-18,1.62155588627e-18,1.6215558998e-18,0.0
6.67774126828e-17,3.50911277035e-17,0.986038733547,1.85275430971e-17,1.01298197845e-17,0.0139612664532,1.40617512908e-18,1.40617512907e-18,1.4061751408e-18,0.0
7.29233503248e-17,3.70316973193e-17,0.986745287427,1.87503211719e-17,9.92656949157e-18,0.0132547125729,1.22325284721e-18,1.2232528472e-18,1.22325285741e-18,0.0
7.99790132903e-17,3.92459557703e-17,0.987403540663,1.90482011202e-17,9.76391477791e-18,0.0125964593369,1.06721021283e-18,1.06721021282e-18,1.06721022173e-18,0.0
8.80655164919e-17,4.17554468088e-17,0.988018089103,1.9418670284e-17,9.63708888854e-18,0.0119819108974,9.33556657494e-19,9.33556657487e-19,9.33556665275e-19,0.0
9.73242033078e-17,4.45857758384e-17,0.988592951494,1.98603021654e-17,9.54220438106e-18,0.0114070485058,8.18651668277e-19,8.18651668271e-19,8.186516751e-19,0.0
1.0791953135e-16,4.77668293807e-17,0.989131658601,2.03725930603e-17,9.47607702171e-18,0.0108683413986,7.19524294253e-19,7.19524294248e-19,7.1952430025e-19,0.0
1.20042496011e-16,5.13330848034e-17,0.989637326244,2.09558406063e-17,9.43609025343e-18,0.0103626737558,6.33735090386e-19,6.33735090381e-19,6.33735095668e-19,0.0
1.33914663962e-16,5.53240067085e-17,0.990112715541,2.16110540524e-17,9.4200899404e-18,0.00988728445934,5.59269590436e-19,5.59269590432e-19,5.59269595097e-19,0.0
1.49792905313e-16,5.97845300118e-17,0.990560282886,2.23398888983e-17,9.4263019381e-18,0.00943971711379,4.94455431253e-19,4.94455431249e-19,4.94455435374e-19,0.0
1.67974931277e-16,6.47656326685e-17,0.990982221653,2.31446005469e-17,9.45326703752e-18,0.00901777834721,4.37897380249e-19,4.37897380246e-19,4.37897383899e-19,0.0
1.88805764364e-16,7.03250034829e-17,0.991380497166,2.40280130445e-17,9.49978925445e-18,0.00861950283398,3.88426030446e-19,3.88426030443e-19,3.88426033684e-19,0.0
2.12685291281e-16,7.65278126857e-17,0.991756876194,2.49935000149e-17,9.5648944578e-18,0.0082431238063,3.45057013248e-19,3.45057013245e-19,3.45057016124e-19,0.0
2.40077075174e-16,8.34475950868e-17,0.992112951927,2.60449756414e-17,9.64779707294e-18,0.00788704807274,3.06958366075e-19,3.06958366072e-19,3.06958368633e-19,0.0
2.71518634649e-16,9.11672577413e-17,0.992450165243,2.71868941139e-17,9.74787314151e-18,0.00754983475742,2.73424267823e-19,2.73424267821e-19,2.73424270102e-19,0.0
3.07633432724e-16,9.97802262548e-17,0.992769822874,2.84242563693e-17,9.86463842154e-18,0.00723017712649,2.43853780069e-19,2.43853780068e-19,2.43853782102e-19,0.0
3.49144860527e-16,1.09391746194e-16,0.993073113012,2.97626232702e-17,9.99773051312e-18,0.00692688698847,2.17733548241e-19,2.17733548239e-19,2.17733550056e-19,0.0
3.96892549221e-16,1.2012035859e-16,0.993361118749,3.12081346096e-17,1.01468942211e-17,0.00663888125105,1.94623654243e-19,1.94623654242e-19,1.94623655865e-19,0.0
4.51851400468e-16,1.32099571325e-16,0.993634829708,3.27675335144e-17,1.03119695382e-17,0.00636517029193,1.74145991331e-19,1.7414599133e-19,1.74145992782e-19,0.0
5.15153792297e-16,1.45479751251e-16,0.993895152137,3.44481959715e-17,1.04928817631e-17,0.00610484786285,1.55974668506e-19,1.55974668505e-19,1.55974669806e-19,0.0
5.88115495024e-16,1.60430265386e-16,0.994142917706,3.62581653189e-17,1.06896333691e-17,0.00585708229415,1.39828056306e-19,1.39828056305e-19,1.39828057471e-19,0.0
6.72265923023e-16,1.77141903392e-16,0.994378891193,3.82061916405e-17,1.09022973175e-17,0.00562110880719,1.25462166513e-19,1.25462166512e-19,1.25462167559e-19,0.0
7.69383454812e-16,1.95829617893e-16,0.994603777226,4.03017760881e-17,1.11310115707e-17,0.00539622277378,1.12665120906e-19,1.12665120905e-19,1.12665121845e-19,0.0
8.81536678896e-16,2.16735624176e-16,0.994818226212,4.25552202223e-17,1.13759746076e-17,0.00518177378821,1.01252513019e-19,1.01252513018e-19,1.01252513863e-19,0.0
1.01113256916e-15,2.4013290633e-16,0.995022839561,4.49776805259e-17,1.16374417824e-17,0.00497716043864,9.10635052331e-20,9.10635052325e-20,9.10635059922e-20,0.0
1.16097276515e-15,2.66329183229e-16,0.995218174317,4.75812283015e-17,1.19157223973e-17,0.00478182568283,8.19575337575e-20,8.19575337569e-20,8.19575344406e-20,0.0
1.33431933342e-15,2.95671394884e-16,0.995404747253,5.03789152142e-17,1.22111773842e-17,0.0045952527472,7.38115180644e-20,7.38115180639e-20,7.38115186797e-20,0.0
1.53497162175e-15,3.28550777774e-16,0.995583038519,5.33848447902e-17,1.25242175089e-17,0.00441696148089,6.6517490454e-20,6.65174904535e-20,6.65174910084e-20,0.0
1.76735609394e-15,3.65408606918e-16,0.995753494894,5.66142502319e-17,1.28553020268e-17,0.00424650510628,5.99805767308e-20,5.99805767304e-20,5.99805772307e-20,0.0
2.03663135631e-15,4.0674269284e-16,0.995916532684,6.00835789538e-17,1.32049377342e-17,0.00408346731613,5.41172712858e-20,5.41172712854e-20,5.41172717368e-20,0.0
2.34881096642e-15,4.53114733333e-16,0.996072540326,6.38105842948e-17,1.35736783646e-17,0.00392745967432,4.88539598142e-20,4.88539598139e-20,4.88539602214e-20,0.0
2.71090705893e-15,5.05158633239e-16,0.996221880716,6.78144249085e-17,1.39621242927e-17,0.00377811928357,4.41256509634e-20,4.4125650963e-20,4.41256513311e-20,0.0
3.13109834475e-15,5.63589920622e-16,0.996364893312,7.21157723866e-17,1.43709225134e-17,0.0036351066881,3.98748847629e-20,3.98748847626e-20,3.98748850953e-20,0.0
3.61892665089e-15,6.29216404792e-16,0.996501896016,7.67369277189e-17,1.48007668682e-17,0.00349810398389,3.60507910559e-20,3.60507910556e-20,3.60507913564e-20,0.0
4.18552688489e-15,7.02950241103e-16,0.996633186887,8.17019472542e-17,1.52523984978e-17,0.00336681311255,3.26082755419e-20,3.26082755416e-20,3.26082758137e-20,0.0
4.84389614826e-15,7.85821589472e-16,0.996759045682,8.7036778881e-17,1.5726606503e-17,0.00324095431817,2.95073146666e-20,2.95073146664e-20,2.95073149125e-20,0.0
5.60920870902e-15,8.78994078525e-16,0.996879735251,9.27694092111e-17,1.62242287986e-17,0.00312026474888,2.67123435769e-20,2.67123435767e-20,2.67123437995e-20,0.0
6.49918469928e-15,9.83782315658e-16,0.996995502812,9.89300226159e-17,1.67461531489e-17,0.0030044971875,2.41917238378e-20,2.41917238376e-20,2.41917240394e-20,0.0
7.53452176025e-15,1.10167171538e-15,0.997106581103,1.05551173036e-16,1.72933183752e-17,0.00289341889721,2.19172796636e-20,2.19172796634e-20,2.19172798462e-20,0.0
8.73940044719e-15,1.23434095478e-15,0.99721318943,1.12667969562e-16,1.78667157278e-17,0.00278681057026,1.98638931299e-20,1.98638931297e-20,1.98638932954e-20,0.0
1.01420760734e-14,1.38368740627e-15,0.997315534631,1.20318276864e-16,1.84673904168e-17,0.00268446536883,1.80091502665e-20,1.80091502664e-20,1.80091504166e-20,0.0
1.17755718614e-14,1.55185594476e-15,0.997413811951,1.28542931642e-16,1.90964432979e-17,0.00258618804877,1.63330311312e-20,1.63330311311e-20,1.63330312674e-20,0.0
1.36784908376e-14,1.74127157928e-15,0.997508205842,1.37385976356e-16,1.9755032709e-17,0.00249179415773,1.48176379745e-20,1.48176379744e-20,1.4817638098e-20,0.0
1.58959669218e-14,1.95467641984e-15,0.9975988907,1.46894911595e-16,2.04443764586e-17,0.00240110930036,1.34469564555e-20,1.34469564554e-20,1.34469565676e-20,0.0
1.84807791979e-14,2.19517155846e-15,0.997686031536,1.57120968582e-16,2.11657539615e-17,0.00231396846404,1.22066455873e-20,1.22066455872e-20,1.2206645689e-20,0.0
2.14946575025e-14,2.46626452083e-15,0.997769784601,1.6811940338e-16,2.19205085261e-17,0.00223021539922,1.10838526994e-20,1.10838526993e-20,1.10838527918e-20,0.0
2.50098123393e-14,2.77192303353e-15,0.997850297951,1.79949814542e-16,2.27100497905e-17,0.00214970204935,1.00670502192e-20,1.00670502191e-20,1.00670503031e-20,0.0
2.91107278402e-14,3.11663595121e-15,0.997927711974,1.92676486058e-16,2.35358563131e-17,0.00207228802551,9.14589151543e-21,9.14589151536e-21,9.14589159166e-21,0.0
3.38962632036e-14,3.50548230175e-15,0.998002159878,2.06368757615e-16,2.43994783159e-17,0.00199784012194,8.31108342034e-21,8.31108342027e-21,8.31108348961e-21,0.0
3.94821159138e-14,3.94420953595e-15,0.998073768132,2.21101424331e-16,2.53025405879e-17,0.00192623186845,7.55427336602e-21,7.55427336596e-21,7.55427342898e-21,0.0
4.60037092836e-14,4.4393222141e-15,0.998142656883,2.36955168311e-16,2.62467455491e-17,0.00185734311659,6.8679493462e-21,6.86794934615e-21,6.86794940345e-21,0.0
5.36195777128e-14,4.99818252741e-15,0.998208940343,2.54017024575e-16,2.72338764809e-17,0.00179105965656,6.24535114783e-21,6.24535114778e-21,6.24535119989e-21,0.0
6.25153357852e-14,5.62912424017e-15,0.998272727138,2.72380884055e-16,2.82658009278e-17,0.00172727286215,5.68039149948e-21,5.68039149944e-21,5.68039154683e-21,0.0
7.29083322759e-14,6.34158185131e-15,0.998334120639,2.92148036662e-16,2.93444742747e-17,0.00166587936125,5.16758595726e-21,5.16758595722e-21,5.16758600033e-21,0.0
8.50531076871e-14,7.14623701632e-15,0.99839321927,3.1342775757e-16,3.04719435069e-17,0.00160678072997,4.7019904986e-21,4.70199049857e-21,4.70199053779e-21,0.0
9.92477945319e-14,8.05518454425e-15,0.998450116792,3.3633794019e-16,3.16503511584e-17,0.00154988320807,4.27914592403e-21,4.279145924e-21,4.2791459597e-21,0.0
1.1584162377e-13,9.0821205965e-15,0.998504902566,3.61005779546e-16,3.28819394556e-17,0.00149509743429,3.89502827894e-21,3.89502827891e-21,3.8950283114e-21,0.0
1.35243729198e-13,1.02425560668e-14,0.9985576618,3.87568510064e-16,3.41690546638e-17,0.00144233819961,3.54600460468e-21,3.54600460465e-21,3.54600463424e-21,0.0
1.57933474937e-13,1.1554058523e-14,0.998608475783,4.16174202117e-16,3.55141516441e-17,0.00139152421732,3.2287934126e-21,3.22879341257e-21,3.22879343951e-21,0.0
1.84472570306e-13,1.30365265463e-14,0.998657422091,4.4698262202e-16,3.69197986291e-17,0.00134257790831,2.94042934804e-21,2.94042934802e-21,2.94042937255e-21,0.0
2.15519282343e-13,1.47125008193e-14,0.998704574799,4.80166160513e-16,3.83886822267e-17,0.00129542520056,2.67823157528e-21,2.67823157526e-21,2.67823159761e-21,0.0
2.51845110201e-13,1.66075169006e-14,0.998750004658,5.15910835218e-16,3.99236126605e-17,0.00124999534156,2.4397754701e-21,2.43977547008e-21,2.43977549043e-21,0.0
2.94354349057e-13,1.87505052884e-14,0.998793779277,5.54417372949e-16,4.15275292573e-17,0.00120622072288,2.22286725524e-21,2.22286725523e-21,2.22286727377e-21,0.0
3.44107045563e-13,2.11742451302e-14,0.998835963284,5.95902378264e-16,4.32035061923e-17,0.00116403671575,2.025521257e-21,2.02552125698e-21,2.02552127388e-21,0.0
4.0234593432e-13,2.39158787901e-14,0.998876618483,6.40599595123e-16,4.49547585016e-17,0.00112338151702,1.84593949786e-21,1.84593949785e-21,1.84593951324e-21,0.0
4.70528047491e-13,2.70174954619e-14,0.998915803995,6.88761269094e-16,4.67846483758e-17,0.00108419600458,1.68249337348e-21,1.68249337347e-21,1.68249338751e-21,0.0
5.50361810217e-13,3.05267931118e-14,0.998953576398,7.40659618113e-16,4.86966917442e-17,0.00104642360164,1.53370719054e-21,1.53370719053e-21,1.53370720333e-21,0.0
6.4385057611e-13,3.44978292929e-14,0.99898998985,7.9658842048e-16,5.06945651646e-17,0.00101001014921,1.39824336744e-21,1.39824336743e-21,1.3982433791e-21,0.0
7.53343723367e-13,3.89918727906e-14,0.999025096213,8.56864729433e-16,5.27821130302e-17,0.000974903786207,1.27488912207e-21,1.27488912206e-21,1.2748891327e-21,0.0
8.81596627368e-13,4.40783696704e-14,0.999058945163,9.21830724403e-16,5.49633551092e-17,0.000941054836572,1.16254449038e-21,1.16254449037e-21,1.16254450007e-21,0.0
1.03184105501e-12,4.98360391314e-14,0.999091584296,9.91855709867e-16,5.72424944303e-17,0.000908415703048,1.06021153676e-21,1.06021153675e-21,1.0602115456e-21,0.0
1.2078677955e-12,5.63541166433e-14,0.999123059232,1.06733827357e-15,5.96239255301e-17,0.000876940767038,9.66984632583e-22,9.66984632575e-22,9.66984640642e-22,0.0
1.41412365868e-12,6.3733764204e-14,0.999153413704,1.14870861683e-15,6.21122430791e-17,0.00084658629419,8.82041692604e-22,8.82041692597e-22,8.82041699956e-22,0.0
1.65582534396e-12,7.20896702293e-14,0.999182689653,1.23643107072e-15,6.47122509018e-17,0.000817310345305,8.04636270993e-22,8.04636270987e-22,8.04636277699e-22,0.0
1.93909311917e-12,8.15518646225e-14,0.999210927306,1.33100681283e-15,6.74289714098e-17,0.000789072692221,7.34090429246e-22,7.34090429241e-22,7.34090435365e-22,0.0
2.27110776204e-12,9.226777802e-14,0.999238165259,1.43297680084e-15,7.0267655465e-17,0.000761834738331,6.69788297647e-22,6.69788297642e-22,6.6978830323e-22,0.0
2.66029481911e-12,1.04404578121e-13,0.999264440554,1.54292493991e-15,7.3233792694e-17,0.000735559443458,6.11170260239e-22,6.11170260235e-22,6.11170265333e-22,0.0
3.11654094477e-12,1.18151820448e-13,0.999289788744,1.66148150295e-15,7.63331222722e-17,0.000710211252776,5.5772770068e-22,5.57727700676e-22,5.57727705328e-22,0.0
3.65144791477e-12,1.33724455928e-13,0.999314243967,1.78932682352e-15,7.95716441996e-17,0.000685756029543,5.0899825291e-22,5.08998252906e-22,5.08998257152e-22,0.0
4.27863088473e-12,1.51366243406e-13,0.999337839004,1.92719528349e-15,8.29556310902e-17,0.000662160991393,4.64561506417e-22,4.64561506413e-22,4.64561510289e-22,0.0
5.01406861216e-12,1.71353621695e-13,0.999360605345,2.07587961885e-15,8.64916404984e-17,0.000639394649975,4.24035121081e-22,4.24035121077e-22,4.24035124615e-22,0.0
5.87651470789e-12,1.9400010313e-13,0.99938257324,2.23623556898e-15,9.0186527806e-17,0.000617426753713,3.87071311225e-22,3.87071311222e-22,3.87071314451e-22,0.0
6.8879805667e-12,2.19661258995e-13,0.999403771759,2.40918689703e-15,9.40474596956e-17,0.000596228233521,3.5335366265e-22,3.53353662648e-22,3.53353665595e-22,0.0
8.07430248705e-12,2.48740376631e-13,0.99942422884,2.59573081087e-15,9.80819282373e-17,0.000575771151279,3.22594250101e-22,3.22594250099e-22,3.2259425279e-22,0.0
9.4658076755e-12,2.81694878876e-13,0.999443971339,2.79694381664e-15,1.02297765614e-16,0.000556028650902,2.94531025945e-22,2.94531025943e-22,2.945310284e-22,0.0
1.10980963992e-11,3.19043608695e-13,0.999463025077,3.01398803948e-15,1.06703159519e-16,0.000536974911864,2.68925453766e-22,2.68925453764e-22,2.68925456008e-22,0.0
1.30129605663e-11,3.61375095743e-13,0.999481414882,3.24811804878e-15,1.1130666925e-16,0.000518585105013,2.4556036324e-22,2.45560363238e-22,2.45560365287e-22,0.0
1.52594625588e-11,4.09356937408e-13,0.999499164634,3.50068822815e-15,1.16117242537e-16,0.000500835350562,2.24238005003e-22,2.24238005001e-22,2.24238006872e-22,0.0
1.78952023058e-11,4.63746444748e-13,0.999516297304,3.77316073366e-15,1.2114423313e-16,0.000483702678122,2.04778286364e-22,2.04778286362e-22,2.04778288071e-22,0.0
2.0987805479e-11,5.25402724083e-13,0.99953283499,4.06711408744e-15,1.26397419193e-16,0.000467164988654,1.8701717058e-22,1.87017170578e-22,1.87017172139e-22,0.0
2.46166714384e-11,5.95300388057e-13,0.999548798957,4.38425245718e-15,1.31887022527e-16,0.000451201018249,1.70805224149e-22,1.70805224148e-22,1.70805225573e-22,0.0
2.88750263121e-11,6.74545116184e-13,0.999564209667,4.72641567653e-15,1.37623728667e-16,0.000435790303622,1.56006298081e-22,1.5600629808e-22,1.56006299381e-22,0.0
3.38723345283e-11,7.64391314609e-13,0.999579086816,5.09559006546e-15,1.43618707891e-16,0.000420913149221,1.4249633048e-22,1.42496330479e-22,1.42496331668e-22,0.0
3.97371314421e-11,8.66262158583e-13,0.999593449364,5.49392011449e-15,1.49883637187e-16,0.00040655059588,1.30162259025e-22,1.30162259024e-22,1.3016226011e-22,0.0
4.66203506532e-11,9.8177233943e-13,0.999607315561,5.92372110187e-15,1.56430723208e-16,0.00039268439091,1.18901033015e-22,1.18901033014e-22,1.18901034006e-22,0.0
5.46992324862e-11,1.1127538813e-12,0.999620702985,6.38749271816e-15,1.6327272628e-16,0.000379296959571,1.08618715663e-22,1.08618715662e-22,1.08618716568e-22,0.0
6.41819152255e-11,1.26128544237e-12,0.999633628557,6.88793377875e-15,1.70422985487e-16,0.00036637137784,9.92296682168e-23,9.9229668216e-23,9.92296690438e-23,0.0
7.53128284718e-11,1.42972557121e-12,0.999646108577,7.42795811117e-15,1.77895444909e-16,0.000353891346401,9.06558082837e-23,9.06558082831e-23,9.06558090394e-23,0.0
8.83790288686e-11,1.62075045259e-12,0.999658158744,8.01071171115e-15,1.85704681034e-16,0.000341841165819,8.28259354756e-23,8.2825935475e-23,8.2825936166e-23,0.0
1.03717642981e-10,1.83739674936e-12,0.999669794182,8.63959126863e-15,1.93865931427e-16,0.000330205712796,7.56751181387e-23,7.56751181381e-23,7.56751187694e-23,0.0
1.21724610948e-10,2.08311022894e-12,0.999681029459,9.3182641734e-15,2.02395124693e-16,0.000318970417497,6.91441355287e-23,6.91441355282e-23,6.9144136105e-23,0.0
1.42864958393e-10,2.36180095606e-12,0.999691878613,1.00506901183e-14,2.11308911802e-16,0.000308121241857,6.31789703242e-23,6.31789703237e-23,6.31789708508e-23,0.0
1.67684863916e-10,2.67790593909e-12,0.999702355171,1.0841144428e-14,2.20624698832e-16,0.000297644658836,5.77303468512e-23,5.77303468508e-23,5.77303473324e-23,0.0
1.96825836222e-10,3.03646023722e-12,0.999712472168,1.16942432508e-14,2.303606812e-16,0.00028752763258,5.275331083e-23,5.27533108296e-23,5.27533112697e-23,0.0
2.31041369966e-10,3.44317767219e-12,0.999722242166,1.26149707624e-14,2.40535879448e-16,0.000277757599421,4.8206846846e-23,4.82068468457e-23,4.82068472478e-23,0.0
2.71216513932e-10,3.90454244233e-12,0.999731677275,1.36087085431e-14,2.51170176644e-16,0.000268322449698,4.4053530101e-23,4.40535301006e-23,4.40535304682e-23,0.0
3.1839086111e-10,4.42791311304e-12,0.999740789167,1.46812673008e-14,2.6228435749e-16,0.000259210510348,4.02592093244e-23,4.02592093241e-23,4.02592096599e-23,0.0
3.73785559388e-10,5.02164065626e-12,0.999749589093,1.58389211286e-14,2.73900149194e-16,0.000250410528228,3.67927180116e-23,3.67927180114e-23,3.67927183183e-23,0.0
4.38835046416e-10,5.69520243837e-12,0.999758087901,1.70884444982e-14,2.86040264205e-16,0.000241911654139,3.36256114214e-23,3.36256114212e-23,3.36256117017e-23,0.0
5.15224335347e-10,6.45935431255e-12,0.999766296051,1.8437152209e-14,2.9872844488e-16,0.000233703427511,3.07319269991e-23,3.07319269988e-23,3.07319272552e-23,0.0
6.04932822884e-10,7.3263032631e-12,0.999774223626,1.9892942528e-14,3.11989510179e-16,0.000225775761733,2.8087966111e-23,2.80879661108e-23,2.80879663452e-23,0.0
7.10285761158e-10,8.30990338061e-12,0.999781880351,2.14643437766e-14,3.25849404478e-16,0.00021811893007,2.56720951674e-23,2.56720951672e-23,2.56720953814e-23,0.0
8.34014734803e-10,9.42587832241e-12,0.999789275604,2.31605646383e-14,3.40335248597e-16,0.000210723552174,2.34645643876e-23,2.34645643874e-23,2.34645645831e-23,0.0
9.79328719489e-10,1.06920738395e-11,0.999796418429,2.49915484858e-14,3.5547539314e-16,0.000203580581134,2.14473426239e-23,2.14473426237e-23,2.14473428027e-23,0.0
1.14999757413e-09,1.21287444354e-11,0.999803317547,2.6968032049e-14,3.71299474259e-16,0.000196681291051,1.96039668019e-23,1.96039668017e-23,1.96039669653e-23,0.0
1.35045014338e-09,1.37588787735e-11,0.999809981371,2.91016087686e-14,3.87838471941e-16,0.000190017265121,1.79194046683e-23,1.79194046681e-23,1.79194048176e-23,0.0
1.58588952817e-09,1.56085690707e-11,0.999816418014,3.14047972131e-14,4.05124770945e-16,0.000183580384184,1.63799296568e-23,1.63799296566e-23,1.63799297933e-23,0.0
1.86242852987e-09,1.77074304287e-11,0.999822635304,3.38911149607e-14,4.23192224499e-16,0.000177362815742,1.49730067891e-23,1.4973006789e-23,1.49730069139e-23,0.0
2.18724880029e-09,2.00890768548e-11,0.999828640789,3.65751583853e-14,4.42076220889e-16,0.000171357003407,1.36871886277e-23,1.36871886276e-23,1.36871887418e-23,0.0
2.5687878479e-09,2.27916616395e-11,0.999834441752,3.94726888162e-14,4.61813753067e-16,0.000165555656763,1.25120203846e-23,1.25120203846e-23,1.25120204889e-23,0.0
3.0169587781e-09,2.58584907961e-11,0.999840045216,4.26007255832e-14,4.82443491419e-16,0.000159951741633,1.14379533733e-23,1.14379533732e-23,1.14379534687e-23,0.0
3.5434084992e-09,2.93387194439e-11,0.999845457956,4.59776464958e-14,5.0400585983e-16,0.000154538470722,1.04562660613e-23,1.04562660612e-23,1.04562661484e-23,0.0
4.16182113013e-09,3.32881423537e-11,0.99985068651,4.96232963512e-14,5.26543115209e-16,0.000149309294629,9.5589920506e-24,9.55899205053e-24,9.55899213027e-24,0.0
4.88827452532e-09,3.77700913935e-11,0.999855737181,5.3559104113e-14,5.50099430609e-16,0.000144257893205,8.73885437203e-24,8.73885437196e-24,8.73885444486e-24,0.0
5.74165921922e-09,4.28564543337e-11,0.999860616048,5.78082094535e-14,5.74720982135e-16,0.000139378167246,7.98920553433e-24,7.98920553428e-24,7.98920560092e-24,0.0
6.74417072194e-09,4.86288314293e-11,0.999865328977,6.2395599408e-14,6.00456039781e-16,0.000134664230504,7.30397282032e-24,7.30397282027e-24,7.3039728812e-24,0.0
7.9218880127e-09,5.51798484163e-11,0.999869881621,6.73482559496e-14,6.27355062403e-16,0.000130110402008,6.67760836635e-24,6.6776083663e-24,6.67760842201e-24,0.0
9.30545332816e-09,6.26146470836e-11,0.999874279433,7.26953153578e-14,6.55470796992e-16,0.000125711198676,6.10504360372e-24,6.10504360367e-24,6.1050436546e-24,0.0
1.09308709875e-08,7.10525774416e-11,0.99987852767,7.84682403226e-14,6.84858382469e-16,0.000121461328206,5.5816476776e-24,5.58164767756e-24,5.58164772413e-24,0.0
1.28404461044e-08,8.06291187628e-11,0.999882631397,8.47010058044e-14,7.15575458177e-16,0.000117355682243,5.10318949369e-24,5.10318949366e-24,5.10318953623e-24,0.0
1.50838876877e-08,9.14980604575e-11,0.999886595495,9.14302997474e-14,7.47682277314e-16,0.000113389329796,4.66580307359e-24,4.66580307355e-24,4.66580311247e-24,0.0
1.77196049284e-08,1.03833977939e-10,0.999890424666,9.86957398358e-14,7.81241825521e-16,0.000109557510911,4.26595592842e-24,4.26595592838e-24,4.26595596397e-24,0.0
2.08162305104e-08,1.17835043388e-10,0.999894123435,1.06540107575e-13,8.16319944849e-16,0.000105855630573,3.90042018591e-24,3.90042018588e-24,3.90042021842e-24,0.0
2.44544107177e-08,1.33726216733e-10,0.999897696159,1.15009601085e-13,8.52985463378e-16,0.000102279252846,3.56624622953e-24,3.5662462295e-24,3.56624625925e-24,0.0
2.87289090722e-08,1.51762868278e-10,0.999901147024,1.24154108097e-13,8.91310330725e-16,9.88240952213e-05,3.26073862966e-24,3.26073862963e-24,3.26073865684e-24,0.0
3.37510784302e-08,1.72234891399e-10,0.999904480053,1.34027500783e-13,9.31369759724e-16,9.54860231836e-05,2.98143416635e-24,2.98143416633e-24,2.9814341912e-24,0.0
3.96517660868e-08,1.95471371598e-10,0.999907699108,1.44687954146e-13,9.73242374561e-16,9.22610449751e-05,2.72608176068e-24,2.72608176066e-24,2.7260817834e-24,0.0
4.65847277469e-08,2.21845887212e-10,0.999910807887,1.5619828988e-13,1.01701036566e-15,8.9145306554e-05,2.49262414798e-24,2.49262414796e-24,2.49262416876e-24,0.0
5.47306395151e-08,2.51782527228e-10,0.999913809931,1.68626347708e-13,1.06275965165e-15,8.61350867389e-05,2.27918114097e-24,2.27918114095e-24,2.27918115997e-24,0.0
6.43018126767e-08,2.85762723251e-10,0.99991670862,1.82045386437e-13,1.11058004871e-15,8.32267925314e-05,2.08403434394e-24,2.08403434393e-24,2.08403436131e-24,0.0
7.55477344e-08,3.24333005776e-10,0.999919507173,1.96534517077e-13,1.16056544768e-15,8.04169546113e-05,1.90561319165e-24,1.90561319164e-24,1.90561320754e-24,0.0
