0.0 0.0,0.0 1.0,0.0 2.0,0.0 3.0,0.0 4.0,1.0 0.0,1.0 1.0,1.0 2.0,1.0 3.0,1.0 4.0,2.0 0.0,2.0 1.0,2.0 2.0,2.0 3.0,2.0 4.0,3.0 0.0,3.0 1.0,3.0 2.0,3.0 3.0,3.0 4.0,4.0 0.0,4.0 1.0,4.0 2.0,4.0 3.0,4.0 4.0,other
0.04,0.04,0.04,0.04,0.04,0.04,0.04,0.04,0.04,0.04,0.04,0.04,0.04,0.04,0.04,0.04,0.04,0.04,0.04,0.04,0.04,0.04,0.04,0.04,0.04,0.0
0.0386217948718,0.0386217948718,0.0386217948718,0.0386217948718,0.0386217948718,0.0386217948718,0.0386217948718,0.0386217948718,0.0386217948718,0.0386217948718,0.0386217948718,0.0386217948718,0.0386217948718,0.0386217948718,0.0386217948718,0.0386217948718,0.0386217948718,0.0386217948718,0.0386217948718,0.0386217948718,0.0386218038312,0.0388191398099,0.0386218052812,0.0388510769786,0.0726502766632,0.0
0.0363325819569,0.0363325819569,0.0363325819569,0.0363325819569,0.0363325819569,0.0363325819569,0.0363325819569,0.0363325819569,0.0363325819569,0.0363325819569,0.0363325819569,0.0363325819569,0.0363325819569,0.0363325819569,0.0363325819569,0.0363325819569,0.0363325819569,0.0363325819569,0.0363325819569,0.0363325819569,0.0363326651126,0.0376900193672,0.036332607516,0.0367953268773,0.126197741989,0.0
0.0338059563502,0.0338059563502,0.0338059563502,0.0338059563502,0.0338059563502,0.0338059563502,0.0338059563502,0.0338059563502,0.0338059563502,0.0338059563502,0.0338059563502,0.0338059563502,0.0338059563502,0.0338059563502,0.0338059563502,0.0338059563502,0.0338059563502,0.0338059563502,0.0338059563502,0.0338059563502,0.033807588994,0.0492703732622,0.0338059994057,0.0344062855889,0.172590625746,0.0
0.0322939898188,0.0322939898189,0.0322939898188,0.0322939898188,0.0322939898188,0.0322939898188,0.0322939898188,0.0322939898188,0.0322939898188,0.0322939898188,0.0322939898188,0.0322939898188,0.0322939898188,0.0322939898188,0.0322939898188,0.0322939898188,0.0322939898188,0.0322939898188,0.0322939898188,0.0322939898188,0.0323014494567,0.0872982767466,0.0322940339478,0.0328792765412,0.169347166932,0.0
0.0300267840964,0.0300267840965,0.0300267840964,0.0300267840964,0.0300267840964,0.0300267840964,0.0300267840964,0.0300267840964,0.0300267840964,0.0300267840964,0.0300267840964,0.0300267840964,0.0300267840964,0.0300267840964,0.0300267840964,0.0300267840964,0.0300267840964,0.0300267840964,0.0300267840964,0.0300267840964,0.0300418915381,0.152123623429,0.0300268253736,0.0305671971737,0.156704780558,0.0
0.0266135748455,0.0266135748456,0.0266135748455,0.0266135748455,0.0266135748455,0.0266135748455,0.0266135748455,0.0266135748455,0.0266135748455,0.0266135748455,0.0266135748455,0.0266135748455,0.0266135748455,0.0266135748455,0.0266135748455,0.0266135748455,0.0266135748455,0.0266135748455,0.0266135748455,0.0266135748455,0.0266395123926,0.250793911986,0.0266136107412,0.0270827837081,0.136598684263,0.0
0.0221169420756,0.0221169420757,0.0221169420756,0.0221169420756,0.0221169420757,0.0221169420756,0.0221169420756,0.0221169420756,0.0221169420756,0.0221169420756,0.0221169420756,0.0221169420756,0.0221169420756,0.0221169420756,0.0221169420756,0.0221169420756,0.0221169420756,0.0221169420756,0.0221169420756,0.0221169420756,0.0221622633577,0.380820055713,0.0221169707825,0.0224921590827,0.110069709552,0.0
0.0171797500974,0.0171797500974,0.0171797500974,0.0171797500974,0.0171797500974,0.0171797500974,0.0171797500974,0.0171797500974,0.0171797500974,0.0171797500974,0.0171797500974,0.0171797500974,0.0171797500974,0.0171797500974,0.0171797500974,0.0171797500974,0.0171797500974,0.0171797500974,0.0171797500974,0.0171797500974,0.0172695060194,0.523562694353,0.0171797709085,0.0174517643247,0.0809412624468,0.0
0.0127462443146,0.0127462443146,0.0127462443146,0.0127462443146,0.0127462443146,0.0127462443146,0.0127462443146,0.0127462443146,0.0127462443146,0.0127462443146,0.0127462443146,0.0127462443146,0.0127462443146,0.0127462443146,0.0127462443146,0.0127462443146,0.0127462443146,0.0127462443146,0.0127462443146,0.0127462443146,0.0129426486848,0.651676159679,0.0127462580355,0.0129255843762,0.0547844629325,0.0
0.00944207389525,0.00944207389528,0.00944207389525,0.00944207389525,0.00944207389526,0.00944207389525,0.00944207389525,0.00944207389525,0.00944207389525,0.00944207389525,0.00944207389525,0.00944207389525,0.00944207389525,0.00944207389525,0.00944207389525,0.00944207389525,0.00944207389526,0.00944207389525,0.00944207389525,0.00944207389525,0.00984568685299,0.747027889741,0.00944208233193,0.00955234643972,0.0352905167295,0.0
0.0073003394813,0.00730033948132,0.0073003394813,0.0073003394813,0.0073003394813,0.0073003394813,0.0073003394813,0.0073003394813,0.0073003394813,0.0073003394813,0.0073003394813,0.0073003394813,0.0073003394813,0.0073003394813,0.0073003394813,0.00730033948262,0.00730033949531,0.0073003394813,0.0073003394813,0.0073003394813,0.00799189159616,0.808680420185,0.00730034449282,0.00736584306421,0.0226547110209,0.0
0.0060126915367,0.00601269153671,0.0060126915367,0.0060126915367,0.00601269153671,0.0060126915367,0.0060126915367,0.0060126915367,0.0060126915367,0.0060126915367,0.0060126915367,0.0060126915367,0.0060126915367,0.0060126915367,0.0060126915367,0.00601269173695,0.00601269278233,0.0060126915367,0.0060126915367,0.0060126915367,0.00700558121443,0.845618767806,0.00601269448896,0.00605127924202,0.0150578450682,0.0
0.0052570365778,0.00525703657781,0.0052570365778,0.0052570365778,0.0052570365778,0.0052570365778,0.0052570365778,0.0052570365778,0.0052570365778,0.0052570365778,0.0052570365778,0.0052570365778,0.0052570365778,0.0052570365778,0.0052570365778,0.00525704051785,0.00525705449594,0.0052570365778,0.0052570365778,0.0052570365778,0.00651796645813,0.867204781496,0.00525703832157,0.00527982872622,0.0105996315842,0.0
0.00481380544113,0.00481380544113,0.00481380544113,0.00481380544113,0.00481380544113,0.00481380544113,0.00481380544113,0.00481380544113,0.00481380544113,0.00481380544113,0.00481380544113,0.00481380544113,0.00481380544113,0.00481380544113,0.00481380544113,0.0048138286425,0.00481389372758,0.00481380544113,0.00481380544113,0.00481380544113,0.00629604725607,0.879801936973,0.00481380647606,0.00482733266968,0.00798465631438,0.0
0.00455230897421,0.00455230897422,0.00455230897421,0.00455230897421,0.00455230897422,0.00455230897421,0.00455230897421,0.00455230897421,0.00455230897421,0.00455230897421,0.00455230897421,0.00455230897421,0.00455230897421,0.00455230897421,0.00455230897421,0.00455237820502,0.00455254617473,0.00455230897421,0.00455230897421,0.00455230897421,0.00621148237789,0.887187472673,0.00455230959095,0.00456037010706,0.00644187933517,0.0
0.00439713633174,0.00439713633174,0.00439713633174,0.00439713633174,0.00439713633174,0.00439713633174,0.00439713633174,0.00439713633174,0.00439713633174,0.00439713633174,0.00439713633174,0.00439713633174,0.00439713633174,0.00439713633174,0.00439713633174,0.00439727528049,0.00439758260968,0.00439713633174,0.00439713633174,0.00439713633174,0.00619556371515,0.891535642147,0.00439713670032,0.00440195387004,0.00552639170568,0.0
0.00430465913223,0.00430465913223,0.00430465913223,0.00430465913223,0.00430465913223,0.00430465913223,0.00430465913223,0.00430465913223,0.00430465913223,0.00430465913223,0.00430465913223,0.00430465913223,0.00430465913223,0.00430465913223,0.00430465913223,0.00430487802338,0.00430533373576,0.00430465913223,0.00430465913223,0.00430465913223,0.00621162591583,0.894101300304,0.00430465935292,0.00430754360724,0.00498079468029,0.0
0.00424938660172,0.00424938660172,0.00424938660172,0.00424938660172,0.00424938660172,0.00424938660172,0.00424938660172,0.00424938660172,0.00424938660172,0.00424938660172,0.00424938660172,0.00424938660172,0.00424938660172,0.00424938660172,0.00424938660172,0.00424968234989,0.00425027369966,0.00424938660172,0.00424938660172,0.00424938660172,0.00624031510913,0.89561556979,0.00424938673401,0.00425111570761,0.00465469777865,0.0
0.00421628970197,0.00421628970197,0.00421628970197,0.00421628970197,0.00421628970197,0.00421628970197,0.00421628970197,0.00421628970197,0.00421628970197,0.00421628970197,0.00421628970197,0.00421628970197,0.00421628970197,0.00421628970197,0.00421628970197,0.0042166512512,0.0042173546775,0.00421628970197,0.00421628970197,0.00421628970197,0.00627174390402,0.896507986098,0.00421628978133,0.00421732697893,0.00445943267385,0.0
0.00419644854489,0.00419644854489,0.00419644854489,0.00419644854489,0.00419644854489,0.00419644854489,0.00419644854489,0.00419644854489,0.00419644854489,0.00419644854489,0.00419644854489,0.00419644854489,0.00419644854489,0.00419644854489,0.00419644854489,0.00419686213391,0.00419765192642,0.00419644854489,0.00419644854489,0.00419644854489,0.006301205429,0.897032313225,0.00419644859251,0.00419707107948,0.00434237380588,0.0
0.00418454555569,0.00418454555569,0.00418454555569,0.00418454555569,0.00418454555569,0.00418454555569,0.00418454555569,0.00418454555569,0.00418454555569,0.00418454555569,0.00418454555569,0.00418454555569,0.00418454555569,0.00418454555569,0.00418454555569,0.00418499804407,0.00418585112511,0.00418454555569,0.00418454555569,0.00418454555569,0.00632678317688,0.897338934242,0.00418454558428,0.0041849192805,0.00427214854458,0.0
0.00417740166812,0.00417740166812,0.00417740166812,0.00417740166812,0.00417740166812,0.00417740166812,0.00417740166812,0.00417740166812,0.00417740166812,0.00417740166812,0.00417740166812,0.00417740166812,0.00417740166812,0.00417740166812,0.00417740166812,0.00417788204512,0.00417877978019,0.00417740166812,0.00417740166812,0.00417740166812,0.00634800883196,0.897517070535,0.00417740168529,0.00417762606329,0.00423000103331,0.0
0.00417311293537,0.00417311293537,0.00417311293537,0.00417311293537,0.00417311293537,0.00417311293537,0.00417311293537,0.00417311293537,0.00417311293537,0.00417311293537,0.00417311293537,0.00417311293537,0.00417311293537,0.00417311293537,0.00417311293537,0.00417361267387,0.00417454098919,0.00417311293537,0.00417311293537,0.00417311293537,0.00636511415461,0.897619640352,0.00417311294568,0.00417324768259,0.0042046983658,0.0
0.00417053783541,0.00417053783541,0.00417053783541,0.00417053783541,0.00417053783541,0.00417053783541,0.00417053783541,0.00417053783541,0.00417053783541,0.00417053783541,0.00417053783541,0.00417053783541,0.00417053783541,0.00417053783541,0.00417053783541,0.00417105067144,0.00417199941809,0.00417053783541,0.00417053783541,0.00417053783541,0.00637862302783,0.897677983459,0.0041705378416,0.00417061875497,0.00418950578984,0.0
0.0041689915044,0.0041689915044,0.0041689915044,0.0041689915044,0.0041689915044,0.0041689915044,0.0041689915044,0.0041689915044,0.0041689915044,0.0041689915044,0.0041689915044,0.0041689915044,0.0041689915044,0.0041689915044,0.0041689915044,0.00416951300821,0.00417047511392,0.0041689915044,0.0041689915044,0.0041689915044,0.00638913770591,0.897710612738,0.00416899150812,0.00416904010079,0.00418038274541,0.0
0.00416806288581,0.00416806288581,0.00416806288581,0.00416806288581,0.00416806288581,0.00416806288581,0.00416806288581,0.00416806288581,0.00416806288581,0.00416806288581,0.00416806288581,0.00416806288581,0.00416806288581,0.00416806288581,0.00416806288581,0.00416859001448,0.00416956068153,0.00416806288581,0.00416806288581,0.00416806288581,0.00639723438528,0.897728423934,0.00416806288804,0.00416809207117,0.00417490408103,0.0
0.00416750520126,0.00416750520126,0.00416750520126,0.00416750520126,0.00416750520126,0.00416750520126,0.00416750520126,0.00416750520126,0.00416750520126,0.00416750520126,0.00416750520126,0.00416750520126,0.00416750520126,0.00416750520126,0.00416750520126,0.00416803591287,0.00416901195837,0.00416750520126,0.00416750520126,0.00416750520126,0.00640341877136,0.897737797949,0.00416750520261,0.00416752272927,0.00417161385349,0.0
0.00416717027443,0.00416717027443,0.00416717027443,0.00416717027443,0.00416717027443,0.00416717027443,0.00416717027443,0.00416717027443,0.00416717027443,0.00416717027443,0.00416717027443,0.00416717027443,0.00416717027443,0.00416717027443,0.00416717027443,0.00416770322579,0.00416868257918,0.00416717027443,0.00416717027443,0.00416717027443,0.00640811325518,0.897742447072,0.00416717027523,0.00416718080141,0.00416963785198,0.0
0.00416696912557,0.00416696912557,0.00416696912557,0.00416696912557,0.00416696912557,0.00416696912557,0.00416696912557,0.00416696912557,0.00416696912557,0.00416696912557,0.00416696912557,0.00416696912557,0.00416696912557,0.00416696912557,0.00416696912557,0.00416750344882,0.00416848478766,0.00416696912557,0.00416696912557,0.00416696912557,0.00641165965114,0.897744512164,0.00416696912606,0.00416697544791,0.00416845111387,0.0
0.00416684831941,0.00416684831941,0.00416684831941,0.00416684831941,0.00416684831941,0.00416684831941,0.00416684831941,0.00416684831941,0.00416684831941,0.00416684831941,0.00416684831941,0.00416684831941,0.00416684831941,0.00416684831941,0.00416684831941,0.00416738346327,0.00416836595832,0.00416684831941,0.00416684831941,0.00416684831941,0.00641432866246,0.897745213349,0.0041668483197,0.00416685211652,0.00416773838158,0.0
0.00416677576511,0.00416677576511,0.00416677576511,0.00416677576511,0.00416677576511,0.00416677576511,0.00416677576511,0.00416677576511,0.00416677576511,0.00416677576511,0.00416677576511,0.00416677576511,0.00416677576511,0.00416677576511,0.00416677576511,0.0041673113855,0.00416829452684,0.00416677576511,0.00416677576511,0.00416677576511,0.00641633140407,0.897745234775,0.00416677576528,0.00416677804561,0.00416731032571,0.0
0.00416673218998,0.00416673218998,0.00416673218998,0.00416673218998,0.00416673218998,0.00416673218998,0.00416673218998,0.00416673218998,0.00416673218998,0.00416673218998,0.00416673218998,0.00416673218998,0.00416673218998,0.00416673218998,0.00416673218998,0.0041672680761,0.00416825155718,0.00416673218998,0.00416673218998,0.00416673218998,0.00641783067071,0.897744951286,0.00416673219008,0.00416673355962,0.00416705324111,0.0
0.00416670601927,0.00416670601927,0.00416670601927,0.00416670601927,0.00416670601927,0.00416670601927,0.00416670601927,0.00416670601927,0.00416670601927,0.00416670601927,0.00416670601927,0.00416670601927,0.00416670601927,0.00416670601927,0.00416670601927,0.00416724204483,0.00416822568638,0.00416670601927,0.00416670601927,0.00416670601927,0.00641895093664,0.897744561285,0.00416670601934,0.00416670684187,0.0041668988392,0.0
0.00416669030144,0.00416669030144,0.00416669030144,0.00416669030144,0.00416669030144,0.00416669030144,0.00416669030144,0.00416669030144,0.00416669030144,0.00416669030144,0.00416669030144,0.00416669030144,0.00416669030144,0.00416669030144,0.00416669030144,0.00416722639277,0.00416821009379,0.00416669030144,0.00416669030144,0.00416669030144,0.00641978676197,0.897744164121,0.00416669030148,0.00416669079548,0.00416680610713,0.0
0.00416668086148,0.00416668086148,0.00416668086148,0.00416668086148,0.00416668086148,0.00416668086148,0.00416668086148,0.00416668086148,0.00416668086148,0.00416668086148,0.00416668086148,0.00416668086148,0.00416668086148,0.00416668086148,0.00416668086148,0.00416721697718,0.00416820068379,0.00416668086148,0.00416668086148,0.00416668086148,0.00642040962342,0.897743804776,0.0041666808615,0.0041666811582,0.00416675041323,0.0
0.00416667519193,0.00416667519193,0.00416667519193,0.00416667519193,0.00416667519193,0.00416667519193,0.00416667519193,0.00416667519193,0.00416667519193,0.00416667519193,0.00416667519193,0.00416667519193,0.00416667519193,0.00416667519193,0.00416667519193,0.00416721130997,0.00416819499594,0.00416667519193,0.00416667519193,0.00416667519193,0.00642087333878,0.897743499374,0.00416667519195,0.00416667537014,0.00416671696404,0.0
0.00416667178686,0.00416667178686,0.00416667178686,0.00416667178686,0.00416667178686,0.00416667178686,0.00416667178686,0.00416667178686,0.00416667178686,0.00416667178686,0.00416667178686,0.00416667178686,0.00416667178686,0.00416667178686,0.00416667178686,0.00416720789652,0.0041681915513,0.00416667178686,0.00416667178686,0.00416667178686,0.0064212183056,0.897743249528,0.00416667178687,0.00416667189389,0.00416669687479,0.0
0.00416666974181,0.00416666974181,0.00416666974181,0.00416666974181,0.00416666974181,0.00416666974181,0.00416666974181,0.00416666974181,0.00416666974181,0.00416666974181,0.00416666974181,0.00416666974181,0.00416666974181,0.00416666974181,0.00416666974181,0.00416720583881,0.00416818946031,0.00416666974181,0.00416666974181,0.00416666974181,0.00642147477423,0.897743050217,0.00416666974181,0.00416666980609,0.00416668480938,0.0
0.00416666851357,0.00416666851357,0.00416666851357,0.00416666851357,0.00416666851357,0.00416666851357,0.00416666851357,0.00416666851357,0.00416666851357,0.00416666851357,0.00416666851357,0.00416666851357,0.00416666851357,0.00416666851357,0.00416666851357,0.00416720459706,0.00416818818745,0.00416666851357,0.00416666851357,0.00416666851357,0.006421665353,0.89774289399,0.00416666851357,0.00416666855217,0.00416667756301,0.0
0.0041666677759,0.0041666677759,0.0041666677759,0.0041666677759,0.0041666677759,0.0041666677759,0.0041666677759,0.0041666677759,0.0041666677759,0.0041666677759,0.0041666677759,0.0041666677759,0.0041666677759,0.0041666677759,0.0041666677759,0.00416720384676,0.00416818740998,0.0041666677759,0.0041666677759,0.0041666677759,0.00642180691284,0.897742773078,0.0041666677759,0.00416666779908,0.00416667321091,0.0
0.00416666733286,0.00416666733286,0.00416666733286,0.00416666733286,0.00416666733286,0.00416666733286,0.00416666733286,0.00416666733286,0.00416666733286,0.00416666733286,0.00416666733286,0.00416666733286,0.00416666733286,0.00416666733286,0.00416666733286,0.00416720339271,0.0041681869332,0.00416666733286,0.00416666733286,0.00416666733286,0.00642191202781,0.897742680378,0.00416666733286,0.00416666734679,0.00416667059708,0.0
0.00416666706678,0.00416666706678,0.00416666706678,0.00416666706678,0.00416666706678,0.00416666706678,0.00416666706678,0.00416666706678,0.00416666706678,0.00416666706678,0.00416666706678,0.00416666706678,0.00416666706678,0.00416666706678,0.00416666706678,0.00416720311741,0.00416818663941,0.00416666706678,0.00416666706678,0.00416666706678,0.00642199006027,0.897742609812,0.00416666706678,0.00416666707514,0.00416666902723,0.0
0.00416666690697,0.00416666690697,0.00416666690697,0.00416666690697,0.00416666690697,0.00416666690697,0.00416666690697,0.00416666690697,0.00416666690697,0.00416666690697,0.00416666690697,0.00416666690697,0.00416666690697,0.00416666690697,0.00416666690697,0.00416720295012,0.00416818645738,0.00416666690697,0.00416666690697,0.00416666690697,0.00642204797566,0.897742556388,0.00416666690697,0.00416666691199,0.0041666680844,0.0
0.00416666681099,0.00416666681099,0.00416666681099,0.00416666681099,0.00416666681099,0.00416666681099,0.00416666681099,0.00416666681099,0.00416666681099,0.00416666681099,0.00416666681099,0.00416666681099,0.00416666681099,0.00416666681099,0.00416666681099,0.00416720284817,0.00416818634387,0.00416666681099,0.00416666681099,0.00416666681099,0.00642209095288,0.897742516114,0.00416666681099,0.00416666681401,0.00416666751814,0.0
0.00416666675335,0.00416666675335,0.00416666675335,0.00416666675335,0.00416666675335,0.00416666675335,0.00416666675335,0.00416666675335,0.00416666675335,0.00416666675335,0.00416666675335,0.00416666675335,0.00416666675335,0.00416666675335,0.00416666675335,0.00416720278585,0.00416818627255,0.00416666675335,0.00416666675335,0.00416666675335,0.00642212284053,0.897742485854,0.00416666675335,0.00416666675516,0.00416666717806,0.0
0.00416666671873,0.00416666671873,0.00416666671873,0.00416666671873,0.00416666671873,0.00416666671873,0.00416666671873,0.00416666671873,0.00416666671873,0.00416666671873,0.00416666671873,0.00416666671873,0.00416666671873,0.00416666671873,0.00416666671873,0.00416720274759,0.00416818622738,0.00416666671873,0.00416666671873,0.00416666671873,0.00642214649744,0.897742463178,0.00416666671873,0.00416666671981,0.0041666669738,0.0
0.00416666669793,0.00416666669793,0.00416666669793,0.00416666669793,0.00416666669793,0.00416666669793,0.00416666669793,0.00416666669793,0.00416666669793,0.00416666669793,0.00416666669793,0.00416666669793,0.00416666669793,0.00416666669793,0.00416666669793,0.004167202724,0.00416818619851,0.00416666669793,0.00416666669793,0.00416666669793,0.00642216404652,0.897742446221,0.00416666669793,0.00416666669859,0.00416666685113,0.0
0.00416666668544,0.00416666668544,0.00416666668544,0.00416666668544,0.00416666668544,0.00416666668544,0.00416666668544,0.00416666668544,0.00416666668544,0.00416666668544,0.00416666668544,0.00416666668544,0.00416666668544,0.00416666668544,0.00416666668544,0.00416720270937,0.00416818617986,0.00416666668544,0.00416666668544,0.00416666668544,0.00642217706375,0.89774243356,0.00416666668544,0.00416666668584,0.00416666677745,0.0
0.00416666667794,0.00416666667794,0.00416666667794,0.00416666667794,0.00416666667794,0.00416666667794,0.00416666667794,0.00416666667794,0.00416666667794,0.00416666667794,0.00416666667794,0.00416666667794,0.00416666667794,0.00416666667794,0.00416666667794,0.00416720270025,0.0041681861677,0.00416666667794,0.00416666667794,0.00416666667794,0.00642218671887,0.897742424121,0.00416666667794,0.00416666667818,0.0041666667332,0.0
0.00416666667344,0.00416666667344,0.00416666667344,0.00416666667344,0.00416666667344,0.00416666667344,0.00416666667344,0.00416666667344,0.00416666667344,0.00416666667344,0.00416666667344,0.00416666667344,0.00416666667344,0.00416666667344,0.00416666667344,0.00416720269452,0.00416818615967,0.00416666667344,0.00416666667344,0.00416666667344,0.00642219387989,0.89774241709,0.00416666667344,0.00416666667358,0.00416666670663,0.0
0.00416666667073,0.00416666667073,0.00416666667073,0.00416666667073,0.00416666667073,0.00416666667073,0.00416666667073,0.00416666667073,0.00416666667073,0.00416666667073,0.00416666667073,0.00416666667073,0.00416666667073,0.00416666667073,0.00416666667073,0.00416720269088,0.00416818615431,0.00416666667073,0.00416666667073,0.00416666667073,0.00642219919089,0.897742411858,0.00416666667073,0.00416666667082,0.00416666669067,0.0
0.00416666666911,0.00416666666911,0.00416666666911,0.00416666666911,0.00416666666911,0.00416666666911,0.00416666666911,0.00416666666911,0.00416666666911,0.00416666666911,0.00416666666911,0.00416666666911,0.00416666666911,0.00416666666911,0.00416666666911,0.00416720268856,0.0041681861507,0.00416666666911,0.00416666666911,0.00416666666911,0.00642220312969,0.897742407968,0.00416666666911,0.00416666666916,0.00416666668108,0.0
0.00416666666813,0.00416666666813,0.00416666666813,0.00416666666813,0.00416666666813,0.00416666666813,0.00416666666813,0.00416666666813,0.00416666666813,0.00416666666813,0.00416666666813,0.00416666666813,0.00416666666813,0.00416666666813,0.00416666666813,0.00416720268706,0.00416818614823,0.00416666666813,0.00416666666813,0.00416666666813,0.00642220605074,0.897742405076,0.00416666666813,0.00416666666816,0.00416666667532,0.0
0.00416666666755,0.00416666666755,0.00416666666755,0.00416666666755,0.00416666666755,0.00416666666755,0.00416666666755,0.00416666666755,0.00416666666755,0.00416666666755,0.00416666666755,0.00416666666755,0.00416666666755,0.00416666666755,0.00416666666755,0.00416720268609,0.00416818614653,0.00416666666755,0.00416666666755,0.00416666666755,0.00642220821699,0.897742402928,0.00416666666755,0.00416666666757,0.00416666667187,0.0
0.0041666666672,0.0041666666672,0.0041666666672,0.0041666666672,0.0041666666672,0.0041666666672,0.0041666666672,0.0041666666672,0.0041666666672,0.0041666666672,0.0041666666672,0.0041666666672,0.0041666666672,0.0041666666672,0.0041666666672,0.00416720268544,0.00416818614535,0.0041666666672,0.0041666666672,0.0041666666672,0.00642220982344,0.897742401332,0.0041666666672,0.00416666666721,0.00416666666979,0.0
0.00416666666698,0.00416666666698,0.00416666666698,0.00416666666698,0.00416666666698,0.00416666666698,0.00416666666698,0.00416666666698,0.00416666666698,0.00416666666698,0.00416666666698,0.00416666666698,0.00416666666698,0.00416666666698,0.00416666666698,0.00416720268501,0.00416818614452,0.00416666666698,0.00416666666698,0.00416666666698,0.00642221101474,0.897742400147,0.00416666666698,0.00416666666699,0.00416666666854,0.0
0.00416666666686,0.00416666666686,0.00416666666686,0.00416666666686,0.00416666666686,0.00416666666686,0.00416666666686,0.00416666666686,0.00416666666686,0.00416666666686,0.00416666666686,0.00416666666686,0.00416666666686,0.00416666666686,0.00416666666686,0.00416720268472,0.00416818614393,0.00416666666686,0.00416666666686,0.00416666666686,0.00642221189816,0.897742399268,0.00416666666686,0.00416666666686,0.00416666666779,0.0
0.00416666666678,0.00416666666678,0.00416666666678,0.00416666666678,0.00416666666678,0.00416666666678,0.00416666666678,0.00416666666678,0.00416666666678,0.00416666666678,0.00416666666678,0.00416666666678,0.00416666666678,0.00416666666678,0.00416666666678,0.00416720268453,0.00416818614351,0.00416666666678,0.00416666666678,0.00416666666678,0.00642221255328,0.897742398616,0.00416666666678,0.00416666666678,0.00416666666734,0.0
0.00416666666674,0.00416666666674,0.00416666666674,0.00416666666674,0.00416666666674,0.00416666666674,0.00416666666674,0.00416666666674,0.00416666666674,0.00416666666674,0.00416666666674,0.00416666666674,0.00416666666674,0.00416666666674,0.00416666666674,0.00416720268439,0.0041681861432,0.00416666666674,0.00416666666674,0.00416666666674,0.00642221303908,0.897742398132,0.00416666666674,0.00416666666674,0.00416666666707,0.0
0.00416666666671,0.00416666666671,0.00416666666671,0.00416666666671,0.00416666666671,0.00416666666671,0.00416666666671,0.00416666666671,0.00416666666671,0.00416666666671,0.00416666666671,0.00416666666671,0.00416666666671,0.00416666666671,0.00416666666671,0.0041672026843,0.00416818614299,0.00416666666671,0.00416666666671,0.00416666666671,0.00642221339932,0.897742397772,0.00416666666671,0.00416666666671,0.00416666666691,0.0
0.00416666666669,0.00416666666669,0.00416666666669,0.00416666666669,0.00416666666669,0.00416666666669,0.00416666666669,0.00416666666669,0.00416666666669,0.00416666666669,0.00416666666669,0.00416666666669,0.00416666666669,0.00416666666669,0.00416666666669,0.00416720268423,0.00416818614283,0.00416666666669,0.00416666666669,0.00416666666669,0.00642221366646,0.897742397506,0.00416666666669,0.00416666666669,0.00416666666681,0.0
0.00416666666668,0.00416666666668,0.00416666666668,0.00416666666668,0.00416666666668,0.00416666666668,0.00416666666668,0.00416666666668,0.00416666666668,0.00416666666668,0.00416666666668,0.00416666666668,0.00416666666668,0.00416666666668,0.00416666666668,0.00416720268418,0.00416818614271,0.00416666666668,0.00416666666668,0.00416666666668,0.00642221386456,0.897742397308,0.00416666666668,0.00416666666668,0.00416666666675,0.0
0.00416666666668,0.00416666666668,0.00416666666668,0.00416666666668,0.00416666666668,0.00416666666668,0.00416666666668,0.00416666666668,0.00416666666668,0.00416666666668,0.00416666666668,0.00416666666668,0.00416666666668,0.00416666666668,0.00416666666668,0.00416720268415,0.00416818614263,0.00416666666668,0.00416666666668,0.00416666666668,0.00642221401145,0.897742397162,0.00416666666668,0.00416666666668,0.00416666666672,0.0
0.00416666666667,0.00416666666667,0.00416666666667,0.00416666666667,0.00416666666667,0.00416666666667,0.00416666666667,0.00416666666667,0.00416666666667,0.00416666666667,0.00416666666667,0.00416666666667,0.00416666666667,0.00416666666667,0.00416666666667,0.00416720268413,0.00416818614257,0.00416666666667,0.00416666666667,0.00416666666667,0.00642221412038,0.897742397053,0.00416666666667,0.00416666666667,0.0041666666667,0.0
0.00416666666667,0.00416666666667,0.00416666666667,0.00416666666667,0.00416666666667,0.00416666666667,0.00416666666667,0.00416666666667,0.00416666666667,0.00416666666667,0.00416666666667,0.00416666666667,0.00416666666667,0.00416666666667,0.00416666666667,0.00416720268411,0.00416818614252,0.00416666666667,0.00416666666667,0.00416666666667,0.00642221420116,0.897742396972,0.00416666666667,0.00416666666667,0.00416666666669,0.0
0.00416666666667,0.00416666666667,0.00416666666667,0.00416666666667,0.00416666666667,0.00416666666667,0.00416666666667,0.00416666666667,0.00416666666667,0.00416666666667,0.00416666666667,0.00416666666667,0.00416666666667,0.00416666666667,0.00416666666667,0.0041672026841,0.00416818614249,0.00416666666667,0.00416666666667,0.00416666666667,0.00642221426105,0.897742396912,0.00416666666667,0.00416666666667,0.00416666666668,0.0
0.00416666666667,0.00416666666667,0.00416666666667,0.00416666666667,0.00416666666667,0.00416666666667,0.00416666666667,0.00416666666667,0.00416666666667,0.00416666666667,0.00416666666667,0.00416666666667,0.00416666666667,0.00416666666667,0.00416666666667,0.00416720268409,0.00416818614246,0.00416666666667,0.00416666666667,0.00416666666667,0.00642221430547,0.897742396868,0.00416666666667,0.00416666666667,0.00416666666667,0.0
0.00416666666667,0.00416666666667,0.00416666666667,0.00416666666667,0.00416666666667,0.00416666666667,0.00416666666667,0.00416666666667,0.00416666666667,0.00416666666667,0.00416666666667,0.00416666666667,0.00416666666667,0.00416666666667,0.00416666666667,0.00416720268408,0.00416818614245,0.00416666666667,0.00416666666667,0.00416666666667,0.00642221433841,0.897742396835,0.00416666666667,0.00416666666667,0.00416666666667,0.0
0.00416666666667,0.00416666666667,0.00416666666667,0.00416666666667,0.00416666666667,0.00416666666667,0.00416666666667,0.00416666666667,0.00416666666667,0.00416666666667,0.00416666666667,0.00416666666667,0.00416666666667,0.00416666666667,0.00416666666667,0.00416720268407,0.00416818614243,0.00416666666667,0.00416666666667,0.00416666666667,0.00642221436283,0.897742396811,0.00416666666667,0.00416666666667,0.00416666666667,0.0
0.00416666666667,0.00416666666667,0.00416666666667,0.00416666666667,0.00416666666667,0.00416666666667,0.00416666666667,0.00416666666667,0.00416666666667,0.00416666666667,0.00416666666667,0.00416666666667,0.00416666666667,0.00416666666667,0.00416666666667,0.00416720268407,0.00416818614242,0.00416666666667,0.00416666666667,0.00416666666667,0.00642221438094,0.897742396793,0.00416666666667,0.00416666666667,0.00416666666667,0.0
0.00416666666667,0.00416666666667,0.00416666666667,0.00416666666667,0.00416666666667,0.00416666666667,0.00416666666667,0.00416666666667,0.00416666666667,0.00416666666667,0.00416666666667,0.00416666666667,0.00416666666667,0.00416666666667,0.00416666666667,0.00416720268407,0.00416818614242,0.00416666666667,0.00416666666667,0.00416666666667,0.00642221439437,0.897742396779,0.00416666666667,0.00416666666667,0.00416666666667,0.0
0.00416666666667,0.00416666666667,0.00416666666667,0.00416666666667,0.00416666666667,0.00416666666667,0.00416666666667,0.00416666666667,0.00416666666667,0.00416666666667,0.00416666666667,0.00416666666667,0.00416666666667,0.00416666666667,0.00416666666667,0.00416720268407,0.00416818614241,0.00416666666667,0.00416666666667,0.00416666666667,0.00642221440433,0.897742396769,0.00416666666667,0.00416666666667,0.00416666666667,0.0
0.00416666666667,0.00416666666667,0.00416666666667,0.00416666666667,0.00416666666667,0.00416666666667,0.00416666666667,0.00416666666667,0.00416666666667,0.00416666666667,0.00416666666667,0.00416666666667,0.00416666666667,0.00416666666667,0.00416666666667,0.00416720268407,0.00416818614241,0.00416666666667,0.00416666666667,0.00416666666667,0.00642221441171,0.897742396762,0.00416666666667,0.00416666666667,0.00416666666667,0.0
0.00416666666667,0.00416666666667,0.00416666666667,0.00416666666667,0.00416666666667,0.00416666666667,0.00416666666667,0.00416666666667,0.00416666666667,0.00416666666667,0.00416666666667,0.00416666666667,0.00416666666667,0.00416666666667,0.00416666666667,0.00416720268406,0.0041681861424,0.00416666666667,0.00416666666667,0.00416666666667,0.00642221441719,0.897742396756,0.00416666666667,0.00416666666667,0.00416666666667,0.0
0.00416666666667,0.00416666666667,0.00416666666667,0.00416666666667,0.00416666666667,0.00416666666667,0.00416666666667,0.00416666666667,0.00416666666667,0.00416666666667,0.00416666666667,0.00416666666667,0.00416666666667,0.00416666666667,0.00416666666667,0.00416720268406,0.0041681861424,0.00416666666667,0.00416666666667,0.00416666666667,0.00642221442125,0.897742396752,0.00416666666667,0.00416666666667,0.00416666666667,0.0
0.00416666666667,0.00416666666667,0.00416666666667,0.00416666666667,0.00416666666667,0.00416666666667,0.00416666666667,0.00416666666667,0.00416666666667,0.00416666666667,0.00416666666667,0.00416666666667,0.00416666666667,0.00416666666667,0.00416666666667,0.00416720268406,0.0041681861424,0.00416666666667,0.00416666666667,0.00416666666667,0.00642221442426,0.897742396749,0.00416666666667,0.00416666666667,0.00416666666667,0.0
0.00416666666667,0.00416666666667,0.00416666666667,0.00416666666667,0.00416666666667,0.00416666666667,0.00416666666667,0.00416666666667,0.00416666666667,0.00416666666667,0.00416666666667,0.00416666666667,0.00416666666667,0.00416666666667,0.00416666666667,0.00416720268406,0.0041681861424,0.00416666666667,0.00416666666667,0.00416666666667,0.00642221442649,0.897742396747,0.00416666666667,0.00416666666667,0.00416666666667,0.0
0.00416666666667,0.00416666666667,0.00416666666667,0.00416666666667,0.00416666666667,0.00416666666667,0.00416666666667,0.00416666666667,0.00416666666667,0.00416666666667,0.00416666666667,0.00416666666667,0.00416666666667,0.00416666666667,0.00416666666667,0.00416720268406,0.0041681861424,0.00416666666667,0.00416666666667,0.00416666666667,0.00642221442815,0.897742396745,0.00416666666667,0.00416666666667,0.00416666666667,0.0
0.00416666666667,0.00416666666667,0.00416666666667,0.00416666666667,0.00416666666667,0.00416666666667,0.00416666666667,0.00416666666667,0.00416666666667,0.00416666666667,0.00416666666667,0.00416666666667,0.00416666666667,0.00416666666667,0.00416666666667,0.00416720268406,0.0041681861424,0.00416666666667,0.00416666666667,0.00416666666667,0.00642221442938,0.897742396744,0.00416666666667,0.00416666666667,0.00416666666667,0.0
0.00416666666667,0.00416666666667,0.00416666666667,0.00416666666667,0.00416666666667,0.00416666666667,0.00416666666667,0.00416666666667,0.00416666666667,0.00416666666667,0.00416666666667,0.00416666666667,0.00416666666667,0.00416666666667,0.00416666666667,0.00416720268406,0.0041681861424,0.00416666666667,0.00416666666667,0.00416666666667,0.00642221443029,0.897742396743,0.00416666666667,0.00416666666667,0.00416666666667,0.0
0.00416666666667,0.00416666666667,0.00416666666667,0.00416666666667,0.00416666666667,0.00416666666667,0.00416666666667,0.00416666666667,0.00416666666667,0.00416666666667,0.00416666666667,0.00416666666667,0.00416666666667,0.00416666666667,0.00416666666667,0.00416720268406,0.0041681861424,0.00416666666667,0.00416666666667,0.00416666666667,0.00642221443096,0.897742396743,0.00416666666667,0.00416666666667,0.00416666666667,0.0
0.00416666666667,0.00416666666667,0.00416666666667,0.00416666666667,0.00416666666667,0.00416666666667,0.00416666666667,0.00416666666667,0.00416666666667,0.00416666666667,0.00416666666667,0.00416666666667,0.00416666666667,0.00416666666667,0.00416666666667,0.00416720268406,0.0041681861424,0.00416666666667,0.00416666666667,0.00416666666667,0.00642221443146,0.897742396742,0.00416666666667,0.00416666666667,0.00416666666667,0.0
0.00416666666667,0.00416666666667,0.00416666666667,0.00416666666667,0.00416666666667,0.00416666666667,0.00416666666667,0.00416666666667,0.00416666666667,0.00416666666667,0.00416666666667,0.00416666666667,0.00416666666667,0.00416666666667,0.00416666666667,0.00416720268406,0.0041681861424,0.00416666666667,0.00416666666667,0.00416666666667,0.00642221443183,0.897742396742,0.00416666666667,0.00416666666667,0.00416666666667,0.0
0.00416666666667,0.00416666666667,0.00416666666667,0.00416666666667,0.00416666666667,0.00416666666667,0.00416666666667,0.00416666666667,0.00416666666667,0.00416666666667,0.00416666666667,0.00416666666667,0.00416666666667,0.00416666666667,0.00416666666667,0.00416720268406,0.0041681861424,0.00416666666667,0.00416666666667,0.00416666666667,0.00642221443211,0.897742396741,0.00416666666667,0.00416666666667,0.00416666666667,0.0
0.00416666666667,0.00416666666667,0.00416666666667,0.00416666666667,0.00416666666667,0.00416666666667,0.00416666666667,0.00416666666667,0.00416666666667,0.00416666666667,0.00416666666667,0.00416666666667,0.00416666666667,0.00416666666667,0.00416666666667,0.00416720268406,0.0041681861424,0.00416666666667,0.00416666666667,0.00416666666667,0.00642221443231,0.897742396741,0.00416666666667,0.00416666666667,0.00416666666667,0.0
0.00416666666667,0.00416666666667,0.00416666666667,0.00416666666667,0.00416666666667,0.00416666666667,0.00416666666667,0.00416666666667,0.00416666666667,0.00416666666667,0.00416666666667,0.00416666666667,0.00416666666667,0.00416666666667,0.00416666666667,0.00416720268406,0.0041681861424,0.00416666666667,0.00416666666667,0.00416666666667,0.00642221443246,0.897742396741,0.00416666666667,0.00416666666667,0.00416666666667,0.0
0.00416666666667,0.00416666666667,0.00416666666667,0.00416666666667,0.00416666666667,0.00416666666667,0.00416666666667,0.00416666666667,0.00416666666667,0.00416666666667,0.00416666666667,0.00416666666667,0.00416666666667,0.00416666666667,0.00416666666667,0.00416720268406,0.0041681861424,0.00416666666667,0.00416666666667,0.00416666666667,0.00642221443258,0.897742396741,0.00416666666667,0.00416666666667,0.00416666666667,0.0
0.00416666666667,0.00416666666667,0.00416666666667,0.00416666666667,0.00416666666667,0.00416666666667,0.00416666666667,0.00416666666667,0.00416666666667,0.00416666666667,0.00416666666667,0.00416666666667,0.00416666666667,0.00416666666667,0.00416666666667,0.00416720268406,0.0041681861424,0.00416666666667,0.00416666666667,0.00416666666667,0.00642221443266,0.897742396741,0.00416666666667,0.00416666666667,0.00416666666667,0.0
0.00416666666667,0.00416666666667,0.00416666666667,0.00416666666667,0.00416666666667,0.00416666666667,0.00416666666667,0.00416666666667,0.00416666666667,0.00416666666667,0.00416666666667,0.00416666666667,0.00416666666667,0.00416666666667,0.00416666666667,0.00416720268406,0.0041681861424,0.00416666666667,0.00416666666667,0.00416666666667,0.00642221443272,0.897742396741,0.00416666666667,0.00416666666667,0.00416666666667,0.0
0.00416666666667,0.00416666666667,0.00416666666667,0.00416666666667,0.00416666666667,0.00416666666667,0.00416666666667,0.00416666666667,0.00416666666667,0.00416666666667,0.00416666666667,0.00416666666667,0.00416666666667,0.00416666666667,0.00416666666667,0.00416720268406,0.0041681861424,0.00416666666667,0.00416666666667,0.00416666666667,0.00642221443277,0.897742396741,0.00416666666667,0.00416666666667,0.00416666666667,0.0
0.00416666666667,0.00416666666667,0.00416666666667,0.00416666666667,0.00416666666667,0.00416666666667,0.00416666666667,0.00416666666667,0.00416666666667,0.00416666666667,0.00416666666667,0.00416666666667,0.00416666666667,0.00416666666667,0.00416666666667,0.00416720268406,0.0041681861424,0.00416666666667,0.00416666666667,0.00416666666667,0.0064222144328,0.897742396741,0.00416666666667,0.00416666666667,0.00416666666667,0.0
0.00416666666667,0.00416666666667,0.00416666666667,0.00416666666667,0.00416666666667,0.00416666666667,0.00416666666667,0.00416666666667,0.00416666666667,0.00416666666667,0.00416666666667,0.00416666666667,0.00416666666667,0.00416666666667,0.00416666666667,0.00416720268406,0.0041681861424,0.00416666666667,0.00416666666667,0.00416666666667,0.00642221443283,0.897742396741,0.00416666666667,0.00416666666667,0.00416666666667,0.0
0.00416666666667,0.00416666666667,0.00416666666667,0.00416666666667,0.00416666666667,0.00416666666667,0.00416666666667,0.00416666666667,0.00416666666667,0.00416666666667,0.00416666666667,0.00416666666667,0.00416666666667,0.00416666666667,0.00416666666667,0.00416720268406,0.0041681861424,0.00416666666667,0.00416666666667,0.00416666666667,0.00642221443284,0.897742396741,0.00416666666667,0.00416666666667,0.00416666666667,0.0
