0.0 0.0,0.0 1.0,0.0 2.0,0.0 3.0,0.0 4.0,1.0 0.0,1.0 1.0,1.0 2.0,1.0 3.0,1.0 4.0,2.0 0.0,2.0 1.0,2.0 2.0,2.0 3.0,2.0 4.0,3.0 0.0,3.0 1.0,3.0 2.0,3.0 3.0,3.0 4.0,4.0 0.0,4.0 1.0,4.0 2.0,4.0 3.0,4.0 4.0,other
0.04,0.04,0.04,0.04,0.04,0.04,0.04,0.04,0.04,0.04,0.04,0.04,0.04,0.04,0.04,0.04,0.04,0.04,0.04,0.04,0.04,0.04,0.04,0.04,0.04,0.0
0.0386217948718,0.0386217948718,0.0386217948718,0.0386217948718,0.0386217948718,0.0386217948718,0.0386217948718,0.0386217948718,0.0386217948718,0.0386217948718,0.0386217948718,0.0386217948718,0.0386217948718,0.0386217948718,0.0386217948718,0.0386217948718,0.0386217948718,0.0386217948718,0.0386217948718,0.0386217948718,0.0386217948725,0.0386218098286,0.0386217948725,0.0386218109935,0.073076891997,0.0
0.0362753901071,0.0362753901071,0.0362753901071,0.0362753901071,0.0362753901071,0.0362753901071,0.0362753901071,0.0362753901071,0.0362753901071,0.0362753901071,0.0362753901071,0.0362753901071,0.0362753901071,0.0362753901071,0.0362753901071,0.0362753901071,0.0362753901071,0.0362753901071,0.0362753901071,0.0362753901071,0.0362753901093,0.0362754272317,0.0362753901081,0.0362754096403,0.129390580768,0.0
0.0325968028225,0.0325968028225,0.0325968028225,0.0325968028225,0.0325968028225,0.0325968028225,0.0325968028225,0.0325968028225,0.0325968028225,0.0325968028225,0.0325968028225,0.0325968028225,0.0325968028225,0.0325968028225,0.0325968028225,0.0325968028225,0.0325968028225,0.0325968028225,0.0325968028225,0.0325968028225,0.03259680283,0.0325968845612,0.0325968028234,0.0325968206327,0.217676632703,0.0
0.0275145437924,0.0275145437924,0.0275145437924,0.0275145437924,0.0275145437924,0.0275145437924,0.0275145437924,0.0275145437924,0.0275145437924,0.0275145437924,0.0275145437924,0.0275145437924,0.0275145437924,0.0275145437924,0.0275145437924,0.0275145437924,0.0275145437924,0.0275145437924,0.0275145437924,0.0275145437924,0.0275145438438,0.0275147675979,0.0275145437932,0.0275145584359,0.339650710481,0.0
0.0215951693335,0.0215951693335,0.0215951693335,0.0215951693335,0.0215951693335,0.0215951693335,0.0215951693335,0.0215951693335,0.0215951693335,0.0215951693335,0.0215951693335,0.0215951693335,0.0215951693335,0.0215951693335,0.0215951693335,0.0215951693335,0.0215951693335,0.0215951693335,0.0215951693335,0.0215951693335,0.021595170168,0.0215961096379,0.0215951693341,0.0215951802646,0.481714983925,0.0
0.0159303995041,0.0159303995041,0.0159303995041,0.0159303995041,0.0159303995041,0.0159303995041,0.0159303995041,0.0159303995041,0.0159303995041,0.0159303995041,0.0159303995041,0.0159303995041,0.0159303995041,0.0159303995041,0.0159303995041,0.0159303995041,0.0159303995041,0.0159303995041,0.0159303995041,0.0159303995041,0.0159304217498,0.0159358292231,0.0159303995045,0.0159304068823,0.617664952558,0.0
0.01144675616,0.01144675616,0.01144675616,0.01144675616,0.01144675616,0.01144675616,0.01144675616,0.01144675616,0.01144675616,0.01144675616,0.01144675616,0.01144675616,0.01144675616,0.01144675616,0.01144675616,0.01144675616,0.01144675616,0.01144675616,0.01144675616,0.01144675616,0.0114472499233,0.0114758799845,0.0114467561603,0.0114467607261,0.725248230006,0.0
0.00841403088591,0.00841403091618,0.00841403088407,0.00841403088407,0.00841403300919,0.00841403088407,0.00841403088407,0.00841403088407,0.00841403088407,0.00841403088407,0.00841403088407,0.00841403088407,0.00841403088407,0.00841403088407,0.00841403088407,0.00841403088407,0.00841403088407,0.00841403088407,0.00841403088407,0.00841403088407,0.00841940625775,0.00852022712873,0.00841403088421,0.00841403354801,0.797951682341,0.0
0.0079289541502,0.00813904800965,0.00789975362346,0.00789975362346,0.0131149597326,0.00789975362346,0.00789975362346,0.00789975362346,0.00789975362346,0.00789975362346,0.00789975362346,0.00789975362346,0.00789975362346,0.00789975362346,0.00789975362346,0.00789975362346,0.00789975362346,0.00789975362346,0.00789975362346,0.00789975362346,0.00791055893663,0.00804351950423,0.00789975362358,0.00789975596484,0.804767638479,0.0
0.00788463600275,0.00836796881841,0.00781263767903,0.00781263767903,0.0236217892525,0.00781263767903,0.00781263767903,0.00781263767903,0.00781263767903,0.00781263767903,0.00781263767903,0.00781263767903,0.00781263767903,0.00781263767903,0.00781263767903,0.00781263767903,0.00781263767903,0.00781263767903,0.00781263767903,0.00781263767903,0.00782383861536,0.00795779507518,0.00781263767915,0.00781263996577,0.795903854047,0.0
0.00780744655826,0.00850348340582,0.00770256241343,0.00770256241343,0.0424851824716,0.00770256241343,0.00770256241343,0.00770256241343,0.00770256241343,0.00770256241343,0.00770256241343,0.00770256241343,0.00770256241343,0.00770256241343,0.00770256241343,0.00770256241343,0.00770256241343,0.00770256241343,0.00770256241343,0.00770256241343,0.00771381241156,0.00784611444076,0.00770256241354,0.00770256463113,0.779295272639,0.0
0.00766866348498,0.00848362420736,0.00754528248888,0.00754528248888,0.0759030364267,0.00754528248888,0.00754528248888,0.00754528248888,0.00754528248888,0.00754528248888,0.00754528248888,0.00754528248888,0.00754528248888,0.00754528248888,0.00754528248888,0.00754528248888,0.00754528248888,0.00754528248888,0.00754528248888,0.00754528248888,0.00755619290806,0.00768357134033,0.00754528248899,0.00754528460794,0.749344542225,0.0
0.00742853474001,0.00825289632642,0.00730322630492,0.00730322630492,0.13287611799,0.00730322630492,0.00730322630492,0.00730322630492,0.00730322630492,0.00730322630492,0.00730322630492,0.00730322630492,0.00730322630492,0.00730322630492,0.00730322630492,0.00730322630492,0.00730322630492,0.00730322630492,0.00730322630492,0.00730322630492,0.00731338929434,0.00743183721294,0.00730322630503,0.00730322827216,0.697935922675,0.0
0.00704862966763,0.00779292758491,0.00693519851336,0.00693519851336,0.222386319439,0.00693519851336,0.00693519851336,0.00693519851336,0.00693519851336,0.00693519851336,0.00693519851336,0.00693519851336,0.00693519851336,0.00693519851336,0.00693519851336,0.00693519851336,0.00693519851336,0.00693519851336,0.00693519851336,0.00693519851336,0.00694417144908,0.00704873413984,0.00693519851345,0.00693520024977,0.617010444229,0.0
0.00652475558714,0.00713545428149,0.00643161768221,0.00643161768221,0.345587745602,0.00643161768221,0.00643161768221,0.00643161768221,0.00643161768221,0.00643161768221,0.00643161768221,0.00643161768221,0.00643161768221,0.00643161768221,0.00643161768221,0.00643161768221,0.00643161768221,0.00643161768221,0.00643161768221,0.00643161768221,0.00643895852713,0.00652450201192,0.00643161768228,0.00643161910278,0.505587846608,0.0
0.00591915488945,0.00637309177692,0.00584991893741,0.00584991893742,0.487972998526,0.00584991893741,0.00584991893741,0.00584991893741,0.00584991893741,0.00584991893741,0.00584991893741,0.00584991893741,0.00584991893741,0.00584991893741,0.00584991893741,0.00584991893741,0.00584991893741,0.00584991893741,0.00584991893741,0.00584991893741,0.00585537446121,0.00591894813901,0.00584991893747,0.00584991999314,0.376811971341,0.0
0.0053444365074,0.00564950954325,0.00529790548394,0.0052979054876,0.623094958956,0.00529790548284,0.00529790548284,0.00529790548284,0.00529790548284,0.00529790548284,0.00529790548284,0.00529790548284,0.00529790548284,0.00529790548284,0.00529790548284,0.00529790548284,0.00529790548284,0.00529790548284,0.00529790548284,0.00529790548284,0.00530157189719,0.0053442969321,0.00529790548288,0.00529790619235,0.254605021274,0.0
0.00489229907851,0.00508025682441,0.00486363151449,0.00486363305261,0.729396827884,0.00486363095739,0.00486363095739,0.00486363095739,0.00486363095739,0.00486363095739,0.00486363095739,0.00486363095739,0.00486363095739,0.00486363095739,0.00486363095739,0.00486363095739,0.00486363095739,0.00486363095739,0.00486363095739,0.00486363095739,0.00486588986138,0.00489221305965,0.00486363095741,0.00486363139452,0.158463522013,0.0
0.00458627634476,0.00469496621487,0.00456977315884,0.00456995047905,0.801345396666,0.00456969849858,0.00456969849858,0.00456969849858,0.00456969849858,0.00456969849858,0.00456969849858,0.00456969849858,0.00456969849858,0.00456969849858,0.00456969849858,0.00456969849858,0.00456969849858,0.00456969849858,0.00456969849858,0.00456969849858,0.00457100474945,0.00458622660079,0.00456969849859,0.00456969875136,0.093391531058,0.0
0.00439999017749,0.00446042706375,0.0043928469217,0.00439728560936,0.845134807117,0.00439077208357,0.00439077208357,0.00439077208357,0.00439077208357,0.00439077208357,0.00439077208357,0.00439077208357,0.00439077208357,0.00439077208357,0.00439077208357,0.00439077208357,0.00439077208357,0.00439077208357,0.00439077208357,0.00439077208357,0.00439149842296,0.00439996251704,0.00439077208358,0.00439077222413,0.0537800566095,0.0
0.00429474449852,0.00432792000399,0.00430586625487,0.00433839264731,0.869822778202,0.0042896844276,0.0042896844276,0.0042896844276,0.0042896844276,0.0042896844276,0.0042896844276,0.0042896844276,0.0042896844276,0.0042896844276,0.0042896844276,0.0042896844276,0.0042896844276,0.0042896844276,0.0042896844276,0.0042896844276,0.00429008313571,0.0042947293148,0.00428968442761,0.00428968450476,0.0314008505968,0.0
0.00423791181486,0.00425636617019,0.00428967955626,0.00439640631768,0.883033687813,0.00423509707709,0.00423509707709,0.00423509707709,0.00423509707709,0.00423509707709,0.00423509707709,0.00423509707709,0.00423509707709,0.00423509707709,0.00423509707709,0.00423509707709,0.00423509707709,0.00423509707709,0.00423509707709,0.00423509707709,0.00423531886425,0.00423790336863,0.0042350970771,0.00423509712002,0.0193160757421,0.0
0.00420724822003,0.004217759903,0.00431849198374,0.00453908224602,0.890012601631,0.00420564493282,0.00420564493282,0.00420564493282,0.00420564493282,0.00420564493282,0.00420564493282,0.00420564493282,0.00420564493282,0.00420564493282,0.00420564493282,0.00420564493282,0.00420564493282,0.00420564493282,0.00420564493282,0.00420564493282,0.00420577126377,0.00420724340896,0.00420564493283,0.00420564495728,0.012795837461,0.0
0.00419025981696,0.00419637105958,0.00436671646118,0.00471940565223,0.893745556463,0.00418932770386,0.00418932770386,0.00418932770386,0.00418932770386,0.00418932770386,0.00418932770386,0.00418932770386,0.00418932770386,0.00418932770386,0.00418932770386,0.00418932770386,0.00418932770386,0.00418932770386,0.00418932770386,0.00418932770386,0.00418940114967,0.00419025701988,0.00418932770386,0.00418932771808,0.00918346139789,0.0
0.0041805785372,0.00418418207537,0.00441794353273,0.00490323699552,0.895768062567,0.00418002890999,0.00418002890999,0.00418002890999,0.00418002890999,0.00418002890999,0.00418002890999,0.00418002890999,0.00418002890999,0.00418002890999,0.00418002890999,0.00418002890999,0.00418002890999,0.00418002890999,0.00418002890999,0.00418002890999,0.00418007221783,0.00418057688785,0.00418002890999,0.00418002891838,0.007124855708,0.0
0.00417494437745,0.004177088521,0.00446411494189,0.00507178354201,0.896867166696,0.00417461734339,0.00417461734339,0.00417461734339,0.00417461734339,0.00417461734339,0.00417461734339,0.00417461734339,0.00417461734339,0.00417461734339,0.00417461734339,0.00417461734339,0.00417461734339,0.00417461734339,0.00417461734339,0.00417461734339,0.00417464311202,0.00417494339604,0.00417461734339,0.00417461734839,0.00592682057091,0.0
0.0041716196905,0.00417290265324,0.00450229221023,0.00521683013623,0.897459222083,0.00417142400744,0.00417142400744,0.00417142400744,0.00417142400744,0.00417142400744,0.00417142400744,0.00417142400744,0.00417142400744,0.00417142400744,0.00417142400744,0.00417142400744,0.00417142400744,0.00417142400744,0.00417142400744,0.00417142400744,0.00417143942627,0.00417161910323,0.00417142400745,0.00417142401045,0.00521986656825,0.0
0.00416964055318,0.00417041086763,0.00453220975872,0.00533646123277,0.897771185789,0.00416952306145,0.00416952306145,0.00416952306145,0.00416952306145,0.00416952306145,0.00416952306145,0.00416952306145,0.00416952306145,0.00416952306145,0.00416952306145,0.00416952306145,0.00416952306145,0.00416952306145,0.00416952306145,0.00416952306145,0.0041695323192,0.00416964020055,0.00416952306146,0.00416952306326,0.00479902723219,0.0
0.00416845599682,0.00416891948022,0.00455480494424,0.00543215789633,0.897929119034,0.00416838530428,0.00416838530428,0.00416838530428,0.00416838530428,0.00416838530428,0.00416838530428,0.00416838530428,0.00416838530428,0.00416838530428,0.00416838530428,0.00416838530428,0.00416838530428,0.00416838530428,0.00416838530428,0.00416838530428,0.00416839087449,0.00416845578462,0.00416838530429,0.00416838530538,0.00454714581543,0.0
0.00416774465157,0.00416802387795,0.00457141497122,0.00550696875959,0.898003575781,0.0041677020627,0.0041677020627,0.0041677020627,0.0041677020627,0.0041677020627,0.0041677020627,0.0041677020627,0.0041677020627,0.0041677020627,0.0041677020627,0.0041677020627,0.0041677020627,0.0041677020627,0.0041677020627,0.0041677020627,0.00416770541848,0.00416774452369,0.00416770206271,0.00416770206337,0.00439588695009,0.0
0.00416731660763,0.00416748495944,0.00458337610522,0.00556442327604,0.898033975116,0.00416729092983,0.00416729092983,0.00416729092983,0.00416729092983,0.00416729092983,0.00416729092983,0.00416729092983,0.00416729092983,0.00416729092983,0.00416729092983,0.00416729092983,0.00416729092983,0.00416729092983,0.00416729092983,0.00416729092983,0.00416729295311,0.0041673165305,0.00416729092984,0.00416729093025,0.00430486864417,0.0
0.00416705871715,0.00416716026859,0.00459185122784,0.00560793722952,0.898042123172,0.00416704322803,0.00416704322803,0.00416704322803,0.00416704322803,0.00416704322803,0.00416704322803,0.00416704322803,0.00416704322803,0.00416704322803,0.00416704322803,0.00416704322803,0.00416704322803,0.00416704322803,0.00416704322803,0.00416704322803,0.00416704444849,0.0041670586706,0.00416704322804,0.00416704322829,0.00425003138917,0.0
0.00416690322402,0.00416696449867,0.00459777889132,0.00564052981102,0.89803986216,0.00416689387809,0.00416689387809,0.00416689387809,0.00416689387809,0.00416689387809,0.00416689387809,0.00416689387809,0.00416689387809,0.00416689387809,0.00416689387809,0.00416689387809,0.00416689387809,0.00416689387809,0.00416689387809,0.00416689387809,0.00416689461449,0.0041669031959,0.0041668938781,0.00416689387825,0.00421696767682,0.0
0.00416680942722,0.00416684640606,0.00460188118043,0.00566472599797,0.898033436031,0.004166803787,0.004166803787,0.004166803787,0.004166803787,0.004166803787,0.004166803787,0.004166803787,0.004166803787,0.004166803787,0.004166803787,0.004166803787,0.004166803787,0.004166803787,0.004166803787,0.004166803787,0.00416680423141,0.00416680941022,0.00416680378701,0.00416680378711,0.00419702293657,0.0
0.00416675283099,0.00416677514992,0.00460469549324,0.00568256023938,0.898025985077,0.00416674942675,0.00416674942675,0.00416674942675,0.00416674942675,0.00416674942675,0.00416674942675,0.00416674942675,0.00416674942675,0.00416674942675,0.00416674942675,0.00416674942675,0.00416674942675,0.00416674942675,0.00416674942675,0.00416674942675,0.00416674969498,0.0041667528207,0.00416674942676,0.00416674942683,0.00418498843931,0.0
0.00416671867536,0.00416673214708,0.00460661215634,0.00569562874596,0.898018964612,0.00416671662054,0.00416671662054,0.00416671662054,0.00416671662054,0.00416671662054,0.00416671662054,0.00416671662054,0.00416671662054,0.00416671662054,0.00416671662054,0.00416671662054,0.00416671662054,0.00416671662054,0.00416671662054,0.00416671662054,0.00416671678244,0.00416671866912,0.00416671662054,0.00416671662059,0.00417772566228,0.0
0.00416669806036,0.00416670619227,0.00460790946154,0.0057051594494,0.898012943786,0.00416669682,0.00416669682,0.00416669682,0.00416669682,0.00416669682,0.00416669682,0.00416669682,0.00416669682,0.00416669682,0.00416669682,0.00416669682,0.00416669682,0.00416669682,0.00416669682,0.00416669682,0.00416669691772,0.00416669805657,0.00416669682,0.00416669682004,0.00417334213613,0.0
0.00416668561715,0.00416669052594,0.00460878295735,0.00571208290722,0.898008048448,0.00416668486839,0.00416668486839,0.00416668486839,0.00416668486839,0.00416668486839,0.00416668486839,0.00416668486839,0.00416668486839,0.00416668486839,0.00416668486839,0.00416668486839,0.00416668486839,0.00416668486839,0.00416668486839,0.00416668486839,0.00416668492738,0.00416668561483,0.0041666848684,0.00416668486842,0.00417069623959,0.0
0.00416667810613,0.00416668106936,0.00460936845827,0.00571709615791,0.898004201182,0.00416667765411,0.00416667765411,0.00416667765411,0.00416667765411,0.00416667765411,0.00416667765411,0.00416667765411,0.00416667765411,0.00416667765411,0.00416667765411,0.00416667765411,0.00416667765411,0.00416667765411,0.00416667765411,0.00416667765411,0.00416667768972,0.0041666781047,0.00416667765412,0.00416667765414,0.00416909911202,0.0
0.00416667357218,0.004166675361,0.00460975939943,0.00572071655689,0.898001247108,0.00416667329928,0.00416667329928,0.00416667329928,0.00416667329928,0.00416667329928,0.00416667329928,0.00416667329928,0.00416667329928,0.00416667329928,0.00416667329928,0.00416667329928,0.00416667329928,0.00416667329928,0.00416667329928,0.00416667329928,0.00416667332078,0.00416667357128,0.00416667329929,0.00416667329931,0.00416813502292,0.0
0.00416667083526,0.00416667191516,0.00461001955721,0.00572332530072,0.897999016423,0.0041666706705,0.0041666706705,0.0041666706705,0.0041666706705,0.0041666706705,0.0041666706705,0.0041666706705,0.0041666706705,0.0041666706705,0.0041666706705,0.0041666706705,0.0041666706705,0.0041666706705,0.0041666706705,0.0041666706705,0.00416667068348,0.00416667083469,0.00416667067051,0.00416667067053,0.00416755305179,0.0
0.00416666918311,0.00416666983506,0.00461019217808,0.00572520161634,0.897997352749,0.00416666908362,0.00416666908362,0.00416666908362,0.00416666908362,0.00416666908362,0.00416666908362,0.00416666908362,0.00416666908362,0.00416666908362,0.00416666908362,0.00416666908362,0.00416666908362,0.00416666908362,0.00416666908362,0.00416666908362,0.00416666909146,0.00416666918274,0.00416666908363,0.00416666908365,0.00416720174228,0.0
0.00416666818578,0.00416666857939,0.00461030642441,0.00572654906575,0.897996123621,0.00416666812569,0.00416666812569,0.00416666812569,0.00416666812569,0.00416666812569,0.00416666812569,0.00416666812569,0.00416666812569,0.00416666812569,0.00416666812569,0.00416666812569,0.00416666812569,0.00416666812569,0.00416666812569,0.00416666812569,0.00416666813042,0.00416666818552,0.0041666681257,0.00416666812572,0.00416698967144,0.0
0.00416666758373,0.00416666782139,0.00461038186811,0.00572751547389,0.89799522216,0.00416666754742,0.00416666754742,0.00416666754742,0.00416666754742,0.00416666754742,0.00416666754742,0.00416666754742,0.00416666754742,0.00416666754742,0.00416666754742,0.00416666754742,0.00416666754742,0.00416666754742,0.00416666754742,0.00416666754742,0.00416666755028,0.00416666758354,0.00416666754743,0.00416666754745,0.00416686165266,0.0
0.00416666722029,0.00416666736381,0.00461043159099,0.00572820784799,0.897994564812,0.00416666719835,0.00416666719835,0.00416666719835,0.00416666719835,0.00416666719835,0.00416666719835,0.00416666719835,0.00416666719835,0.00416666719835,0.00416666719835,0.00416666719835,0.00416666719835,0.00416666719835,0.00416666719835,0.00416666719835,0.00416666720007,0.00416666722015,0.00416666719836,0.00416666719837,0.0041667843726,0.0
0.0041666670009,0.00416666708759,0.00461046430612,0.00572870344465,0.89799408766,0.00416666698762,0.00416666698762,0.00416666698762,0.00416666698762,0.00416666698762,0.00416666698762,0.00416666698762,0.00416666698762,0.00416666698762,0.00416666698762,0.00416666698762,0.00416666698762,0.00416666698762,0.00416666698762,0.00416666698762,0.00416666698866,0.00416666700079,0.00416666698763,0.00416666698765,0.00416673772151,0.0
0.00416666686846,0.00416666692085,0.004610485799,0.00572905791985,0.897993742575,0.00416666686042,0.00416666686042,0.00416666686042,0.00416666686042,0.00416666686042,0.00416666686042,0.00416666686042,0.00416666686042,0.00416666686042,0.00416666686042,0.00416666686042,0.00416666686042,0.00416666686042,0.00416666686042,0.00416666686042,0.00416666686104,0.00416666686836,0.00416666686043,0.00416666686044,0.00416670955995,0.0
0.00416666678851,0.00416666682019,0.00461049990092,0.00572931129589,0.897993493741,0.00416666678363,0.00416666678363,0.00416666678363,0.00416666678363,0.00416666678363,0.00416666678363,0.00416666678363,0.00416666678363,0.00416666678363,0.00416666678363,0.00416666678363,0.00416666678363,0.00416666678363,0.00416666678363,0.00416666678363,0.00416666678401,0.00416666678842,0.00416666678364,0.00416666678365,0.00416669255984,0.0
0.00416666674025,0.00416666675943,0.00461050914316,0.00572949230947,0.897993314739,0.00416666673727,0.00416666673727,0.00416666673727,0.00416666673727,0.00416666673727,0.00416666673727,0.00416666673727,0.00416666673727,0.00416666673727,0.00416666673727,0.00416666673727,0.00416666673727,0.00416666673727,0.00416666673727,0.00416666673727,0.0041666667375,0.00416666674017,0.00416666673728,0.0041666667373,0.00416668229749,0.0
0.00416666671112,0.00416666672275,0.00461051519462,0.00572962156805,0.897993186223,0.00416666670929,0.00416666670929,0.00416666670929,0.00416666670929,0.00416666670929,0.00416666670929,0.00416666670929,0.00416666670929,0.00416666670929,0.00416666670929,0.00416666670929,0.00416666670929,0.00416666670929,0.00416666670929,0.00416666670929,0.00416666670943,0.00416666671104,0.0041666667093,0.00416666670931,0.00416667610247,0.0
0.00416666669353,0.0041666667006,0.0046105191537,0.00572971383387,0.897993094099,0.0041666666924,0.0041666666924,0.0041666666924,0.0041666666924,0.0041666666924,0.0041666666924,0.0041666666924,0.0041666666924,0.0041666666924,0.0041666666924,0.0041666666924,0.0041666666924,0.0041666666924,0.0041666666924,0.0041666666924,0.00416666669248,0.00416666669345,0.0041666666924,0.00416666669242,0.00416667236276,0.0
0.00416666668291,0.00416666668724,0.00461052174215,0.00572977967263,0.897993028147,0.0041666666822,0.0041666666822,0.0041666666822,0.0041666666822,0.0041666666822,0.0041666666822,0.0041666666822,0.0041666666822,0.0041666666822,0.0041666666822,0.0041666666822,0.0041666666822,0.0041666666822,0.0041666666822,0.0041666666822,0.00416666668225,0.00416666668284,0.00416666668221,0.00416666668222,0.00416667010523,0.0
0.0041666666765,0.00416666667917,0.00461052343357,0.00572982664076,0.897992980982,0.00416666667604,0.00416666667604,0.00416666667604,0.00416666667604,0.00416666667604,0.00416666667604,0.00416666667604,0.00416666667604,0.00416666667604,0.00416666667604,0.00416666667604,0.00416666667604,0.00416666667604,0.00416666667604,0.00416666667604,0.00416666667607,0.00416666667643,0.00416666667605,0.00416666667607,0.00416666874244,0.0
0.00416666667263,0.0041666666743,0.00461052453838,0.00572986013918,0.897992947281,0.00416666667233,0.00416666667233,0.00416666667233,0.00416666667233,0.00416666667233,0.00416666667233,0.00416666667233,0.00416666667233,0.00416666667233,0.00416666667233,0.00416666667233,0.00416666667233,0.00416666667233,0.00416666667233,0.00416666667233,0.00416666667234,0.00416666667256,0.00416666667234,0.00416666667235,0.00416666791977,0.0
0.0041666666703,0.00416666667136,0.00461052525981,0.0057298840261,0.897992923218,0.00416666667008,0.00416666667008,0.00416666667008,0.00416666667008,0.00416666667008,0.00416666667008,0.00416666667008,0.00416666667008,0.00416666667008,0.00416666667008,0.00416666667008,0.00416666667008,0.00416666667008,0.00416666667008,0.00416666667008,0.00416666667009,0.00416666667022,0.00416666667009,0.00416666667011,0.00416666742316,0.0
0.00416666666889,0.00416666666958,0.00461052573082,0.00572990105646,0.897992906045,0.00416666666873,0.00416666666873,0.00416666666873,0.00416666666873,0.00416666666873,0.00416666666873,0.00416666666873,0.00416666666873,0.00416666666873,0.00416666666873,0.00416666666873,0.00416666666873,0.00416666666873,0.00416666666873,0.00416666666873,0.00416666666874,0.00416666666881,0.00416666666874,0.00416666666875,0.00416666712337,0.0
0.00416666666804,0.00416666666851,0.00461052603833,0.00572991319668,0.897992893796,0.00416666666791,0.00416666666791,0.00416666666791,0.00416666666791,0.00416666666791,0.00416666666791,0.00416666666791,0.00416666666791,0.00416666666791,0.00416666666791,0.00416666666791,0.00416666666791,0.00416666666791,0.00416666666791,0.00416666666791,0.00416666666792,0.00416666666796,0.00416666666792,0.00416666666794,0.0041666669424,0.0
0.00416666666752,0.00416666666786,0.00461052623909,0.00572992184989,0.897992885061,0.00416666666742,0.00416666666742,0.00416666666742,0.00416666666742,0.00416666666742,0.00416666666742,0.00416666666742,0.00416666666742,0.00416666666742,0.00416666666742,0.00416666666742,0.00416666666742,0.00416666666742,0.00416666666742,0.00416666666742,0.00416666666742,0.00416666666745,0.00416666666743,0.00416666666744,0.00416666683315,0.0
0.00416666666721,0.00416666666747,0.00461052637019,0.00572992801703,0.897992878836,0.00416666666712,0.00416666666712,0.00416666666712,0.00416666666712,0.00416666666712,0.00416666666712,0.00416666666712,0.00416666666712,0.00416666666712,0.00416666666712,0.00416666666712,0.00416666666712,0.00416666666712,0.00416666666712,0.00416666666712,0.00416666666712,0.00416666666714,0.00416666666713,0.00416666666714,0.0041666667672,0.0
0.00416666666703,0.00416666666724,0.00461052645583,0.00572993241198,0.897992874399,0.00416666666694,0.00416666666694,0.00416666666694,0.00416666666694,0.00416666666694,0.00416666666694,0.00416666666694,0.00416666666694,0.00416666666694,0.00416666666694,0.00416666666694,0.00416666666694,0.00416666666694,0.00416666666694,0.00416666666694,0.00416666666694,0.00416666666695,0.00416666666695,0.00416666666697,0.00416666672739,0.0
0.00416666666691,0.0041666666671,0.00461052651179,0.00572993554377,0.897992871237,0.00416666666683,0.00416666666683,0.00416666666683,0.00416666666683,0.00416666666683,0.00416666666683,0.00416666666683,0.00416666666683,0.00416666666683,0.00416666666683,0.00416666666683,0.00416666666683,0.00416666666683,0.00416666666683,0.00416666666683,0.00416666666683,0.00416666666684,0.00416666666684,0.00416666666686,0.00416666670336,0.0
0.00416666666685,0.00416666666701,0.00461052654837,0.0057299377753,0.897992868985,0.00416666666677,0.00416666666677,0.00416666666677,0.00416666666677,0.00416666666677,0.00416666666677,0.00416666666677,0.00416666666677,0.00416666666677,0.00416666666677,0.00416666666677,0.00416666666677,0.00416666666677,0.00416666666677,0.00416666666677,0.00416666666677,0.00416666666677,0.00416666666678,0.00416666666679,0.00416666668885,0.0
0.0041666666668,0.00416666666696,0.00461052657231,0.00572993936528,0.897992867381,0.00416666666673,0.00416666666673,0.00416666666673,0.00416666666673,0.00416666666673,0.00416666666673,0.00416666666673,0.00416666666673,0.00416666666673,0.00416666666673,0.00416666666673,0.00416666666673,0.00416666666673,0.00416666666673,0.00416666666673,0.00416666666673,0.00416666666673,0.00416666666674,0.00416666666675,0.00416666668009,0.0
0.00416666666678,0.00416666666693,0.00461052658798,0.00572994049811,0.897992866238,0.0041666666667,0.0041666666667,0.0041666666667,0.0041666666667,0.0041666666667,0.0041666666667,0.0041666666667,0.0041666666667,0.0041666666667,0.0041666666667,0.0041666666667,0.0041666666667,0.0041666666667,0.0041666666667,0.0041666666667,0.0041666666667,0.0041666666667,0.00416666666671,0.00416666666673,0.00416666667481,0.0
0.00416666666676,0.00416666666691,0.00461052659825,0.00572994130518,0.897992865424,0.00416666666669,0.00416666666669,0.00416666666669,0.00416666666669,0.00416666666669,0.00416666666669,0.00416666666669,0.00416666666669,0.00416666666669,0.00416666666669,0.00416666666669,0.00416666666669,0.00416666666669,0.00416666666669,0.00416666666669,0.00416666666669,0.00416666666669,0.0041666666667,0.00416666666671,0.00416666667162,0.0
0.00416666666676,0.0041666666669,0.00461052660498,0.00572994188016,0.897992864845,0.00416666666668,0.00416666666668,0.00416666666668,0.00416666666668,0.00416666666668,0.00416666666668,0.00416666666668,0.00416666666668,0.00416666666668,0.00416666666668,0.00416666666668,0.00416666666668,0.00416666666668,0.00416666666668,0.00416666666668,0.00416666666668,0.00416666666668,0.00416666666669,0.0041666666667,0.00416666666969,0.0
0.00416666666675,0.00416666666689,0.00461052660941,0.00572994228978,0.897992864432,0.00416666666667,0.00416666666667,0.00416666666667,0.00416666666667,0.00416666666667,0.00416666666667,0.00416666666667,0.00416666666667,0.00416666666667,0.00416666666667,0.00416666666667,0.00416666666667,0.00416666666667,0.00416666666667,0.00416666666667,0.00416666666667,0.00416666666667,0.00416666666668,0.0041666666667,0.00416666666853,0.0
0.00416666666675,0.00416666666688,0.00461052661232,0.00572994258159,0.897992864138,0.00416666666667,0.00416666666667,0.00416666666667,0.00416666666667,0.00416666666667,0.00416666666667,0.00416666666667,0.00416666666667,0.00416666666667,0.00416666666667,0.00416666666667,0.00416666666667,0.00416666666667,0.00416666666667,0.00416666666667,0.00416666666667,0.00416666666667,0.00416666666668,0.0041666666667,0.00416666666783,0.0
0.00416666666674,0.00416666666688,0.00461052661423,0.00572994278947,0.897992863929,0.00416666666667,0.00416666666667,0.00416666666667,0.00416666666667,0.00416666666667,0.00416666666667,0.00416666666667,0.00416666666667,0.00416666666667,0.00416666666667,0.00416666666667,0.00416666666667,0.00416666666667,0.00416666666667,0.00416666666667,0.00416666666667,0.00416666666667,0.00416666666668,0.00416666666669,0.0041666666674,0.0
0.00416666666674,0.00416666666688,0.00461052661549,0.00572994293756,0.897992863779,0.00416666666667,0.00416666666667,0.00416666666667,0.00416666666667,0.00416666666667,0.00416666666667,0.00416666666667,0.00416666666667,0.00416666666667,0.00416666666667,0.00416666666667,0.00416666666667,0.00416666666667,0.00416666666667,0.00416666666667,0.00416666666667,0.00416666666667,0.00416666666668,0.00416666666669,0.00416666666715,0.0
0.00416666666674,0.00416666666688,0.00461052661633,0.00572994304304,0.897992863673,0.00416666666667,0.00416666666667,0.00416666666667,0.00416666666667,0.00416666666667,0.00416666666667,0.00416666666667,0.00416666666667,0.00416666666667,0.00416666666667,0.00416666666667,0.00416666666667,0.00416666666667,0.00416666666667,0.00416666666667,0.00416666666667,0.00416666666667,0.00416666666668,0.00416666666669,0.00416666666699,0.0
0.00416666666674,0.00416666666688,0.00461052661688,0.00572994311819,0.897992863598,0.00416666666667,0.00416666666667,0.00416666666667,0.00416666666667,0.00416666666667,0.00416666666667,0.00416666666667,0.00416666666667,0.00416666666667,0.00416666666667,0.00416666666667,0.00416666666667,0.00416666666667,0.00416666666667,0.00416666666667,0.00416666666667,0.00416666666667,0.00416666666668,0.00416666666669,0.0041666666669,0.0
0.00416666666674,0.00416666666688,0.00461052661724,0.00572994317172,0.897992863544,0.00416666666667,0.00416666666667,0.00416666666667,0.00416666666667,0.00416666666667,0.00416666666667,0.00416666666667,0.00416666666667,0.00416666666667,0.00416666666667,0.00416666666667,0.00416666666667,0.00416666666667,0.00416666666667,0.00416666666667,0.00416666666667,0.00416666666667,0.00416666666668,0.00416666666669,0.00416666666684,0.0
0.00416666666674,0.00416666666688,0.00461052661749,0.00572994320985,0.897992863506,0.00416666666667,0.00416666666667,0.00416666666667,0.00416666666667,0.00416666666667,0.00416666666667,0.00416666666667,0.00416666666667,0.00416666666667,0.00416666666667,0.00416666666667,0.00416666666667,0.00416666666667,0.00416666666667,0.00416666666667,0.00416666666667,0.00416666666667,0.00416666666668,0.00416666666669,0.00416666666681,0.0
0.00416666666674,0.00416666666688,0.00461052661765,0.00572994323701,0.897992863478,0.00416666666667,0.00416666666667,0.00416666666667,0.00416666666667,0.00416666666667,0.00416666666667,0.00416666666667,0.00416666666667,0.00416666666667,0.00416666666667,0.00416666666667,0.00416666666667,0.00416666666667,0.00416666666667,0.00416666666667,0.00416666666667,0.00416666666667,0.00416666666668,0.00416666666669,0.00416666666679,0.0
0.00416666666674,0.00416666666688,0.00461052661776,0.00572994325635,0.897992863459,0.00416666666667,0.00416666666667,0.00416666666667,0.00416666666667,0.00416666666667,0.00416666666667,0.00416666666667,0.00416666666667,0.00416666666667,0.00416666666667,0.00416666666667,0.00416666666667,0.00416666666667,0.00416666666667,0.00416666666667,0.00416666666667,0.00416666666667,0.00416666666668,0.00416666666669,0.00416666666677,0.0
0.00416666666674,0.00416666666688,0.00461052661783,0.00572994327014,0.897992863445,0.00416666666667,0.00416666666667,0.00416666666667,0.00416666666667,0.00416666666667,0.00416666666667,0.00416666666667,0.00416666666667,0.00416666666667,0.00416666666667,0.00416666666667,0.00416666666667,0.00416666666667,0.00416666666667,0.00416666666667,0.00416666666667,0.00416666666667,0.00416666666668,0.00416666666669,0.00416666666677,0.0
0.00416666666674,0.00416666666688,0.00461052661788,0.00572994327995,0.897992863435,0.00416666666667,0.00416666666667,0.00416666666667,0.00416666666667,0.00416666666667,0.00416666666667,0.00416666666667,0.00416666666667,0.00416666666667,0.00416666666667,0.00416666666667,0.00416666666667,0.00416666666667,0.00416666666667,0.00416666666667,0.00416666666667,0.00416666666667,0.00416666666668,0.00416666666669,0.00416666666676,0.0
0.00416666666674,0.00416666666688,0.00461052661791,0.00572994328694,0.897992863428,0.00416666666667,0.00416666666667,0.00416666666667,0.00416666666667,0.00416666666667,0.00416666666667,0.00416666666667,0.00416666666667,0.00416666666667,0.00416666666667,0.00416666666667,0.00416666666667,0.00416666666667,0.00416666666667,0.00416666666667,0.00416666666667,0.00416666666667,0.00416666666668,0.00416666666669,0.00416666666676,0.0
0.00416666666674,0.00416666666688,0.00461052661793,0.00572994329193,0.897992863423,0.00416666666667,0.00416666666667,0.00416666666667,0.00416666666667,0.00416666666667,0.00416666666667,0.00416666666667,0.00416666666667,0.00416666666667,0.00416666666667,0.00416666666667,0.00416666666667,0.00416666666667,0.00416666666667,0.00416666666667,0.00416666666667,0.00416666666667,0.00416666666668,0.00416666666669,0.00416666666676,0.0
0.00416666666674,0.00416666666688,0.00461052661795,0.00572994329547,0.89799286342,0.00416666666667,0.00416666666667,0.00416666666667,0.00416666666667,0.00416666666667,0.00416666666667,0.00416666666667,0.00416666666667,0.00416666666667,0.00416666666667,0.00416666666667,0.00416666666667,0.00416666666667,0.00416666666667,0.00416666666667,0.00416666666667,0.00416666666667,0.00416666666668,0.00416666666669,0.00416666666676,0.0
0.00416666666674,0.00416666666688,0.00461052661796,0.005729943298,0.897992863417,0.00416666666667,0.00416666666667,0.00416666666667,0.00416666666667,0.00416666666667,0.00416666666667,0.00416666666667,0.00416666666667,0.00416666666667,0.00416666666667,0.00416666666667,0.00416666666667,0.00416666666667,0.00416666666667,0.00416666666667,0.00416666666667,0.00416666666667,0.00416666666668,0.00416666666669,0.00416666666676,0.0
0.00416666666674,0.00416666666688,0.00461052661796,0.0057299432998,0.897992863415,0.00416666666667,0.00416666666667,0.00416666666667,0.00416666666667,0.00416666666667,0.00416666666667,0.00416666666667,0.00416666666667,0.00416666666667,0.00416666666667,0.00416666666667,0.00416666666667,0.00416666666667,0.00416666666667,0.00416666666667,0.00416666666667,0.00416666666667,0.00416666666668,0.00416666666669,0.00416666666676,0.0
0.00416666666674,0.00416666666688,0.00461052661797,0.00572994330108,0.897992863414,0.00416666666667,0.00416666666667,0.00416666666667,0.00416666666667,0.00416666666667,0.00416666666667,0.00416666666667,0.00416666666667,0.00416666666667,0.00416666666667,0.00416666666667,0.00416666666667,0.00416666666667,0.00416666666667,0.00416666666667,0.00416666666667,0.00416666666667,0.00416666666668,0.00416666666669,0.00416666666676,0.0
0.00416666666674,0.00416666666688,0.00461052661797,0.005729943302,0.897992863413,0.00416666666667,0.00416666666667,0.00416666666667,0.00416666666667,0.00416666666667,0.00416666666667,0.00416666666667,0.00416666666667,0.00416666666667,0.00416666666667,0.00416666666667,0.00416666666667,0.00416666666667,0.00416666666667,0.00416666666667,0.00416666666667,0.00416666666667,0.00416666666668,0.00416666666669,0.00416666666676,0.0
0.00416666666674,0.00416666666688,0.00461052661797,0.00572994330265,0.897992863412,0.00416666666667,0.00416666666667,0.00416666666667,0.00416666666667,0.00416666666667,0.00416666666667,0.00416666666667,0.00416666666667,0.00416666666667,0.00416666666667,0.00416666666667,0.00416666666667,0.00416666666667,0.00416666666667,0.00416666666667,0.00416666666667,0.00416666666667,0.00416666666668,0.00416666666669,0.00416666666676,0.0
0.00416666666674,0.00416666666688,0.00461052661797,0.00572994330311,0.897992863412,0.00416666666667,0.00416666666667,0.00416666666667,0.00416666666667,0.00416666666667,0.00416666666667,0.00416666666667,0.00416666666667,0.00416666666667,0.00416666666667,0.00416666666667,0.00416666666667,0.00416666666667,0.00416666666667,0.00416666666667,0.00416666666667,0.00416666666667,0.00416666666668,0.00416666666669,0.00416666666676,0.0
0.00416666666674,0.00416666666688,0.00461052661798,0.00572994330344,0.897992863412,0.00416666666667,0.00416666666667,0.00416666666667,0.00416666666667,0.00416666666667,0.00416666666667,0.00416666666667,0.00416666666667,0.00416666666667,0.00416666666667,0.00416666666667,0.00416666666667,0.00416666666667,0.00416666666667,0.00416666666667,0.00416666666667,0.00416666666667,0.00416666666668,0.00416666666669,0.00416666666676,0.0
0.00416666666674,0.00416666666688,0.00461052661798,0.00572994330368,0.897992863411,0.00416666666667,0.00416666666667,0.00416666666667,0.00416666666667,0.00416666666667,0.00416666666667,0.00416666666667,0.00416666666667,0.00416666666667,0.00416666666667,0.00416666666667,0.00416666666667,0.00416666666667,0.00416666666667,0.00416666666667,0.00416666666667,0.00416666666667,0.00416666666668,0.00416666666669,0.00416666666676,0.0
0.00416666666674,0.00416666666688,0.00461052661798,0.00572994330384,0.897992863411,0.00416666666667,0.00416666666667,0.00416666666667,0.00416666666667,0.00416666666667,0.00416666666667,0.00416666666667,0.00416666666667,0.00416666666667,0.00416666666667,0.00416666666667,0.00416666666667,0.00416666666667,0.00416666666667,0.00416666666667,0.00416666666667,0.00416666666667,0.00416666666668,0.00416666666669,0.00416666666676,0.0
0.00416666666674,0.00416666666688,0.00461052661798,0.00572994330396,0.897992863411,0.00416666666667,0.00416666666667,0.00416666666667,0.00416666666667,0.00416666666667,0.00416666666667,0.00416666666667,0.00416666666667,0.00416666666667,0.00416666666667,0.00416666666667,0.00416666666667,0.00416666666667,0.00416666666667,0.00416666666667,0.00416666666667,0.00416666666667,0.00416666666668,0.00416666666669,0.00416666666676,0.0
0.00416666666674,0.00416666666688,0.00461052661798,0.00572994330405,0.897992863411,0.00416666666667,0.00416666666667,0.00416666666667,0.00416666666667,0.00416666666667,0.00416666666667,0.00416666666667,0.00416666666667,0.00416666666667,0.00416666666667,0.00416666666667,0.00416666666667,0.00416666666667,0.00416666666667,0.00416666666667,0.00416666666667,0.00416666666667,0.00416666666668,0.00416666666669,0.00416666666676,0.0
0.00416666666674,0.00416666666688,0.00461052661798,0.00572994330411,0.897992863411,0.00416666666667,0.00416666666667,0.00416666666667,0.00416666666667,0.00416666666667,0.00416666666667,0.00416666666667,0.00416666666667,0.00416666666667,0.00416666666667,0.00416666666667,0.00416666666667,0.00416666666667,0.00416666666667,0.00416666666667,0.00416666666667,0.00416666666667,0.00416666666668,0.00416666666669,0.00416666666676,0.0
