-10.0 -10.0 -10.0,-10.0 -10.0 0.0,-10.0 -10.0 10.0,-10.0 0.0 -10.0,-10.0 0.0 0.0,-10.0 0.0 10.0,-10.0 10.0 -10.0,-10.0 10.0 0.0,-10.0 10.0 10.0,0.0 -10.0 -10.0,0.0 -10.0 0.0,0.0 -10.0 10.0,0.0 0.0 -10.0,0.0 0.0 0.0,0.0 0.0 10.0,0.0 10.0 -10.0,0.0 10.0 0.0,0.0 10.0 10.0,10.0 -10.0 -10.0,10.0 -10.0 0.0,10.0 -10.0 10.0,10.0 0.0 -10.0,10.0 0.0 0.0,10.0 0.0 10.0,10.0 10.0 -10.0,10.0 10.0 0.0,10.0 10.0 10.0,other
0.037037037037,0.037037037037,0.037037037037,0.037037037037,0.037037037037,0.037037037037,0.037037037037,0.037037037037,0.037037037037,0.037037037037,0.037037037037,0.037037037037,0.037037037037,0.037037037037,0.037037037037,0.037037037037,0.037037037037,0.037037037037,0.037037037037,0.037037037037,0.037037037037,0.037037037037,0.037037037037,0.037037037037,0.037037037037,0.037037037037,0.037037037037,0.0
0.0359662468004,0.0359755624696,0.0357174360117,0.0362854529578,0.0362734022865,0.0357213266257,0.0414171758058,0.0409585750899,0.0357578693635,0.0359617199978,0.0359725032608,0.0357165321172,0.0376607413909,0.0377200940792,0.0357322759691,0.0448510509809,0.045069953493,0.0358132744573,0.035714287279,0.0357142870957,0.0357142857276,0.0357143280708,0.0357143313241,0.0357142860083,0.0357143559953,0.0357143588561,0.0357142864861,0.0
0.0347762364954,0.0347948308115,0.0342732651926,0.0354125084896,0.0353906111606,0.0342839941539,0.0460371388694,0.0450501140561,0.0343800162602,0.0347672214645,0.0347888436469,0.0342705159794,0.0381671400158,0.0382870952162,0.0343129715429,0.0537946171918,0.0543098965932,0.0345250268042,0.0342641761929,0.0342641758618,0.0342641733615,0.0342642450213,0.0342642505163,0.034264174001,0.0342642905756,0.0342642954859,0.0342641750394,0.0
0.0334754953232,0.0335032002942,0.0327179245278,0.0344223289587,0.0343934370876,0.0327414365394,0.0508145688655,0.0492380683315,0.0329396924804,0.0334621090388,0.0334945038734,0.0327111327023,0.0385386874298,0.0387195687011,0.0328017338311,0.0638097037521,0.0647065228253,0.0332380392448,0.0326968204327,0.0326968199881,0.0326968165972,0.0326969069647,0.03269691388,0.0326968177095,0.0326969624647,0.0326969687398,0.0326968194163,0.0
0.0320826206418,0.0321190726672,0.0310811834485,0.0333272867774,0.0332949508615,0.0311297981882,0.0556226008503,0.0534130509999,0.0315118363093,0.0320650953774,0.0321080012184,0.0310650431971,0.0387582332025,0.0389991608035,0.0312468595456,0.0747075921526,0.0760717373842,0.0320859473146,0.031034379715,0.031034379189,0.0310343751529,0.0310344759595,0.0310344836594,0.0310343769056,0.0310345359877,0.0310345430728,0.0310343794183,0.0
0.0306303792727,0.0306749147373,0.0294204560609,0.0321509242972,0.0321193240161,0.0295196670207,0.0602652900596,0.0574094062018,0.0302407795316,0.0306091203643,0.0306619502365,0.0293821390407,0.0388074398024,0.039105923311,0.0297417826288,0.0860864173239,0.0879914152472,0.0313289157961,0.0293170248852,0.029317024307,0.0293170198736,0.0293171250022,0.029317133022,0.0293170225093,0.0293171859931,0.0293171934617,0.029317025997,0.0
0.0291702885969,0.0292217972314,0.0278365440914,0.030931274058,0.0309048465625,0.0280363859604,0.0644472037892,0.0609795161163,0.029379566049,0.0291459511003,0.0292075900162,0.0277468088756,0.0386649738002,0.0390163342522,0.0284501708429,0.0972215001583,0.0997076284049,0.0314378918978,0.027610355165,0.0276103545595,0.0276103499789,0.0276104552311,0.0276104632586,0.0276103538307,0.0276105150695,0.0276105226184,0.027610358485,0.0
0.0277692200725,0.0278260440964,0.0264728389086,0.0297187024238,0.0297012466853,0.0268591631951,0.0677873975957,0.0638052353153,0.0292882853018,0.0277427499004,0.0278113717772,0.026274891829,0.038309505684,0.038706415091,0.0276014122892,0.107054272886,0.110103711697,0.0331416889345,0.0260028137261,0.0260028131128,0.0260028086282,0.0260029114913,0.0260029193473,0.0260028141123,0.0260029691642,0.0260029766063,0.0260028201282,0.0
0.0264802751752,0.0265403769509,0.0254482571715,0.0285545103997,0.0285480433409,0.0261386496409,0.0699663401509,0.0656208073787,0.030302628955,0.0264527916432,0.0265259884615,0.0250600058961,0.0377306573552,0.0381636600805,0.0273878200115,0.11455658184,0.118086620958,0.0373196422584,0.0245684256704,0.0245684250621,0.0245684208867,0.0245685202044,0.0245685278142,0.0245684284815,0.0245685754519,0.0245685826988,0.0245684360611,0.0
0.0253018189766,0.0253632301072,0.024751375778,0.027438069824,0.0274425027758,0.0258701801293,0.0709018011721,0.0663585985764,0.0325615640931,0.0252743470223,0.0253496604309,0.0240953851245,0.0369301488083,0.0373892626014,0.0278217098885,0.11928707518,0.123178786538,0.0448731334448,0.0233123164725,0.0233123158769,0.0233123121776,0.0233124075984,0.0233124149475,0.0233123224754,0.0233124605198,0.0233124675444,0.023312331917,0.0
0.0241784780888,0.0242396016545,0.0242395842178,0.026323373584,0.0263372216138,0.0258933525189,0.0706791792349,0.0660866176326,0.036038882247,0.024151774716,0.0242271210567,0.0232782981994,0.0358990782302,0.0363746889088,0.0287446661746,0.121344515139,0.125476910699,0.0569396022686,0.0221718399254,0.0221718393468,0.02217183626,0.0221719276651,0.0221719347557,0.022171850177,0.0221719784036,0.0221719851991,0.0221718620825,0.0
0.0230298437687,0.023089429704,0.0237191947009,0.0251382068356,0.0251593074088,0.025980089508,0.0693559241554,0.0648405450289,0.0406630960316,0.0230044068173,0.0230781069677,0.0224704189953,0.0345960282265,0.035078276597,0.029918930019,0.120884131487,0.125143553966,0.0753441549104,0.0210562069284,0.0210562063711,0.0210562040353,0.0210562911881,0.021056298014,0.0210562232548,0.0210563397856,0.0210563463398,0.0210562389547,0.0
0.0217606695292,0.0218176518038,0.0229882026905,0.0237906248986,0.0238164533913,0.0258714225176,0.0668691110126,0.0625431482271,0.0463055397598,0.0217368232667,0.0218074384332,0.0215244386715,0.032937399704,0.0334149583619,0.0310397593958,0.117847438695,0.12211927102,0.10304071017,0.0198631598768,0.0198631593462,0.0198631579354,0.0198632402953,0.019863246831,0.0198631859454,0.0198632866481,0.019863292929,0.0198632086437,0.0
0.0202551582967,0.0203084806498,0.0218446473949,0.0221634483809,0.0221912774913,0.0252724889943,0.0630306742836,0.0589984680538,0.0526217574806,0.0202331599446,0.0202992960326,0.0202817262316,0.0307933935615,0.0312525027421,0.0316860795308,0.111936008175,0.116091492504,0.144466854095,0.0184747285396,0.0184747280434,0.018474727803,0.0184748043818,0.0184748105744,0.018474772873,0.01847484824,0.0184748541834,0.0184748115185,0.0
0.018378500754,0.0184269715098,0.0201045842263,0.0201172662354,0.0201444425591,0.0238687270435,0.0575779956916,0.0539389781816,0.0587790754583,0.0183586591571,0.0184187930931,0.0185779877297,0.027999666823,0.0284241699724,0.0312943171162,0.102730538485,0.106617391553,0.205415789418,0.0167583903208,0.0167583898697,0.0167583911632,0.0167584604024,0.016758466166,0.0167584766315,0.0167585014564,0.0167585069469,0.0167585620351,0.0
0.0160156516234,0.0160579094172,0.0176590244299,0.01753281323,0.0175571804513,0.0214208435356,0.0503190558391,0.0471681073092,0.0632167656883,0.0159984030119,0.0160508309047,0.0162905239485,0.0244187892155,0.0247918543852,0.029278466675,0.0899857359211,0.0934349118988,0.291376618086,0.0146028315653,0.0146028311723,0.0146028345567,0.0146028943248,0.0146028995452,0.0146030418947,0.0146029325597,0.0146029373925,0.014603311418,0.0
0.0131675968199,0.0132023423271,0.0145686659656,0.0144152796706,0.0144354647584,0.0179448178619,0.0414076037757,0.0388273320745,0.0638860302283,0.013153423719,0.0131965313043,0.013438878721,0.020080365593,0.0203879007288,0.0253874864775,0.0741119331344,0.0769723366562,0.403360047225,0.0120058907317,0.0120058904091,0.0120058967739,0.0120059446378,0.0120059491958,0.0120065823374,0.0120059813039,0.0120059850736,0.0120078424954,0.0
0.010054101851,0.0100806319247,0.0111369620668,0.0110067995427,0.0110222318128,0.0138462199179,0.0316230981735,0.0296560795906,0.0593834837826,0.0100432808747,0.0100761958127,0.0102770383797,0.0153328693459,0.0155678205485,0.0200876404238,0.0566123424219,0.0588032728395,0.532871856463,0.00916707323649,0.00916707299047,0.00916708376501,0.00916711751649,0.00916712132348,0.00917009375051,0.00916715697234,0.0091671587335,0.00917819593876,0.0
0.00709746782091,0.00711619614215,0.00786462020273,0.00777000552742,0.00778090140929,0.0098275872468,0.0223244573428,0.020936545074,0.0503431486745,0.00708982905666,0.00711306462862,0.00725943104648,0.010823947948,0.0109898220778,0.0144955343305,0.0399676889681,0.0415157653407,0.661354604778,0.00647128936806,0.00647128919454,0.00647130628949,0.00647132455716,0.00647132757603,0.00648611849071,0.00647137584785,0.00647137348867,0.00654397757216,0.0
0.00477448542347,0.00478708401542,0.00529107906686,0.00522690346112,0.00523423330094,0.00662886217093,0.0150178259022,0.0140842921899,0.039736406052,0.00476934681043,0.00478497744176,0.00488466503966,0.00728130342089,0.00739288905239,0.00987560105235,0.0268868314761,0.0279284911753,0.765782779942,0.00435325349314,0.00435325337648,0.0043532777773,0.00435328133906,0.00435328360994,0.00441424839322,0.0043533542948,0.00435334489965,0.00474464582232,0.0
0.003370928409,0.00337982338888,0.00373576680228,0.00369034898277,0.00369552408287,0.00468583276334,0.01060304591,0.00994396569306,0.0314284592725,0.00336730039602,0.00337833608567,0.0034490443703,0.00514081688696,0.0052195998643,0.0070167915434,0.0189829708314,0.0197184645853,0.830092160447,0.00307352616289,0.00307352608054,0.00307355561128,0.00307354909333,0.00307355079959,0.00323048187399,0.00307364254743,0.00307362585126,0.00435536166448,0.0
0.00261313216866,0.00262002752663,0.00289598408902,0.00286074590656,0.00286475762942,0.00363453127969,0.00821944845131,0.00770853776795,0.026176364516,0.00261031974546,0.00261887457432,0.00267379540327,0.00398514377805,0.0040462161173,0.00545684620417,0.0147155507577,0.0152857171285,0.864551758897,0.00238258696481,0.00238258690098,0.00238261861531,0.00238260686362,0.00238260821402,0.00264413337505,0.0023827124311,0.00238269085042,0.00513970384394,0.0
0.00214936601391,0.00215503761685,0.00238203186254,0.00235303445481,0.00235633419741,0.002990533342,0.00676070161823,0.00634046753041,0.0226482376051,0.00214705272611,0.002154089285,0.00219931382649,0.00327787963203,0.00332811316277,0.00449739543024,0.0121039122414,0.01257289443,0.884626649287,0.00195973686619,0.0019597368137,0.00195976918936,0.00195975471544,0.00195975582898,0.0023129159619,0.00195986717637,0.00195984249238,0.00692557669356,0.0
0.0018293726182,0.00183419984402,0.00202740692646,0.00200271930151,0.00200552778545,0.00254593855369,0.00575418241559,0.00539651346604,0.0200510654669,0.00182740372816,0.00183339269797,0.00187191400027,0.00278987536584,0.00283263023629,0.00383341063884,0.0103019093255,0.010701073995,0.89676195165,0.00166797508597,0.00166797504129,0.00166800733718,0.00166799142903,0.00166799237033,0.00209940919601,0.00166810828929,0.00166808147694,0.0100239717578,0.0
0.00159043009174,0.00159462681204,0.00176260291894,0.0017411351909,0.00174357684656,0.00221382702722,0.00500260349188,0.00469165232356,0.018007901023,0.00158871836722,0.00159392509094,0.00162743455739,0.00242547730166,0.00246264777368,0.00333655349009,0.00895633352377,0.00930336405416,0.903097610717,0.00145011341186,0.00145011337302,0.00145014517377,0.0014501286023,0.00145012940953,0.00194866714406,0.00145024892294,0.00145022047621,0.0151598128845,0.0
0.00140179635102,0.00140549531725,0.00155355177851,0.00153462699818,0.00153677906034,0.00195155978949,0.0044092676767,0.00413519785079,0.0163167824313,0.00140028764643,0.00140487682413,0.00143442576225,0.00213780238885,0.00217056424363,0.00294363896495,0.00789406523969,0.0081999381002,0.903771143982,0.00127812199973,0.0012781219655,0.00127815299097,0.00127813631126,0.00127813700775,0.0018341990851,0.00127826034497,0.00127823042074,0.023616839468,0.0
0.00124589929818,0.00124918689372,0.00138078002286,0.00136395753835,0.00136587026487,0.00173474784957,0.00391890309361,0.00367531396832,0.0148507534717,0.00124455838016,0.00124863718467,0.00127491012842,0.00190005239255,0.00192917072924,0.00261841795171,0.00701614967096,0.00728800762893,0.897424901893,0.00113597906092,0.0011359790305,0.00113600903901,0.00113599276018,0.00113599335859,0.00174028348998,0.00113612223615,0.00113609065575,0.0375773320078,0.0
0.00111091625121,0.00111384766253,0.00123118553423,0.00121618384224,0.00121788934067,0.00154696979443,0.00349432229265,0.00327712488381,0.0135126433556,0.00110972061074,0.00111335750999,0.00113679160771,0.00169419719432,0.00172016080138,0.00233639928046,0.00625600912946,0.00649841569471,0.880978010483,0.00101290497686,0.00101290494973,0.00101293366726,0.00101291843065,0.00101291893162,0.00165475800995,0.0010130580041,0.0010130240868,0.0606904336742,0.0
0.000987084962841,0.000989689616466,0.00109394945803,0.001080618617,0.00108213400779,0.00137465408995,0.00310481887673,0.0029118330978,0.0122086297834,0.000986022597686,0.000989254100107,0.00101008164318,0.00150534893283,0.00152841844411,0.00207725282135,0.00555866941471,0.00577405879167,0.848999551345,0.000899998780591,0.00089999875649,0.000900025802019,0.000900012789572,0.000900013166982,0.00156476279165,0.000900175597439,0.000900137642187,0.0988728040727,0.0
0.000864432628653,0.000866713635524,0.000958019451638,0.000946344060889,0.000947671154376,0.00120392539164,0.00271902463883,0.00255002097258,0.0108299733876,0.000863502269945,0.000866332235184,0.000884575693093,0.00131829864784,0.00133850162782,0.0018201004731,0.00486797292675,0.00505660626503,0.793172836029,0.000788167524518,0.000788167503418,0.000788192300471,0.000788185020887,0.000788185131351,0.00145328113676,0.000788420057413,0.000788374410475,0.160954175425,0.0
0.000732209785233,0.000734141891339,0.000811482345234,0.000801592120176,0.000802716225832,0.00101982192739,0.00230313250999,0.00215998705417,0.00925402238948,0.000731421733416,0.000733818829702,0.000749274189093,0.00111665301991,0.0011337658671,0.00154236234163,0.00412340790716,0.00428322134041,0.703662666685,0.000667610123196,0.000667610105351,0.000667631819191,0.000667650618275,0.000667649289594,0.00129806938912,0.00066825337375,0.000668210654512,0.257331616465,0.0
0.000584852093193,0.000586395361814,0.000648171414574,0.000640271212941,0.000641169121955,0.000814604042262,0.00183971167651,0.00172541991862,0.00742751958436,0.000584222637854,0.000586137316993,0.000598483479992,0.000891927451391,0.000905597534596,0.00123235207977,0.00329398046926,0.00342197914615,0.577756009646,0.000533253153156,0.000533253139195,0.000533270844234,0.000533597680529,0.00053357331107,0.00108346056931,0.000538129547219,0.000538997781169,0.390993659786,0.0
0.000483880549875,0.00048515738392,0.000536268218989,0.000529732303146,0.000530475646814,0.000673971907465,0.00152380381819,0.00142931491948,0.0061527936402,0.000483359775707,0.000484943896184,0.000495158810892,0.000737966792829,0.000749302514022,0.00101971708843,0.00273339361749,0.00284522296631,0.481735194843,0.000441189858743,0.000441189852385,0.000441204573236,0.000447959960861,0.000447290459707,0.000913914963367,0.00051601596959,0.00055857885678,0.492162996812,0.0
0.000468447496176,0.000469683611434,0.000519164209128,0.000512837704132,0.000513558093778,0.000652476229851,0.001478764524,0.00138649861919,0.00595705524204,0.000467943348597,0.000469476944925,0.000479365976995,0.000714476352204,0.000725505889263,0.000987204871367,0.0026630352855,0.00278226573218,0.466635867734,0.000427118344362,0.000427118348076,0.000427132567853,0.000447673892568,0.000445346094895,0.000886511648237,0.000643234426947,0.000845030744645,0.507567206067,0.0
0.00045802414539,0.000459232761162,0.00050761227755,0.000501427511147,0.000502132615338,0.000637958163851,0.00144949995513,0.00135835317728,0.00582480302324,0.000457531232431,0.000459030705257,0.000468699603467,0.000698625130231,0.000709465974597,0.000965245523259,0.00262101190147,0.00274870634276,0.456412049777,0.0004176145491,0.000417614562609,0.000417628431482,0.000452334000334,0.000448216599731,0.000867878194772,0.000810284792901,0.00130743872896,0.517621580319,0.0
0.000449969273816,0.000451156639939,0.000498685248221,0.000492610230792,0.000493303674371,0.000626738968156,0.00142771031537,0.00133713409902,0.00572257657022,0.000449485046329,0.000450958149523,0.000460456909538,0.000686385608156,0.000697093587,0.000948275489201,0.00259249168611,0.00272923072159,0.448498421459,0.000410270272219,0.000410270295358,0.000410283884537,0.00045950309922,0.000453475870603,0.000853405715859,0.00102486728094,0.00204592152977,0.524919318375,0.0
0.000443233022151,0.000444402618218,0.000491219597665,0.000485236531658,0.000485920338488,0.000617356374747,0.00141012084423,0.00131978322055,0.00563706791652,0.000442756061132,0.000444207111567,0.000453563566439,0.000676157257441,0.000686764085233,0.000934083189386,0.00257169222024,0.0027179422223,0.441871441243,0.000404128278035,0.000404128310731,0.000404141659753,0.000468235349294,0.000460179572472,0.000841243652742,0.00129848052248,0.00322322918521,0.530363286048,0.0
0.000437227204327,0.000438380957951,0.000484563458024,0.000478662507036,0.000479337810666,0.000608991140439,0.0013949246793,0.00130460619604,0.00556081681127,0.000436756724111,0.000438188113084,0.000447417677838,0.0006670437773,0.00067756812881,0.000921429499542,0.00255550231455,0.00271174781839,0.435955396446,0.000398652272306,0.00039865231458,0.000398665444998,0.000478003651696,0.000467801201077,0.000830341510812,0.00164589852931,0.00509900307383,0.534284420737,0.0
0.000431515315647,0.000432654002768,0.000478233063512,0.000472410312616,0.000473077594246,0.000601035284044,0.00138081672924,0.00129036795062,0.00548828291131,0.000431051000815,0.000432463690628,0.000441572562851,0.000658380513179,0.000668832000787,0.000909394760541,0.00254177757908,0.00270861903686,0.430320969304,0.000393444259245,0.000393444311231,0.000393457231,0.000488402567727,0.000475938556067,0.000819905582619,0.00208533876318,0.00808357727797,0.536705037839,0.0
0.000425676479086,0.000426799765312,0.000471761965873,0.000466019228203,0.000466678351333,0.000592902586197,0.00136658564688,0.00127590604047,0.00541412043098,0.000425218467952,0.000426612043095,0.000435597530499,0.000649527287931,0.000659907605667,0.000897092156933,0.00252866502106,0.00270694734563,0.424552189863,0.000388120490496,0.000388120552487,0.000388133256171,0.000499008078017,0.00048417727106,0.000809156106509,0.00263847663927,0.0128169860775,0.537399613712,0.0
0.000419216347061,0.000420322594022,0.000464602287688,0.000458948133484,0.000459598253531,0.000583904487671,0.00135087612354,0.00125989649196,0.00533204710883,0.000418765311391,0.000420137738068,0.000428986702821,0.00063973320123,0.000650035940919,0.000883479991399,0.00251429335758,0.002705338183,0.418158703019,0.000382230225967,0.000382230298505,0.000382242764605,0.000509269557864,0.000491988621239,0.000797164370442,0.0033296692593,0.0202751858552,0.535881133773,0.0
0.000411494588572,0.000412580469236,0.000456044353224,0.000450496165652,0.000451135556692,0.000573149083778,0.00133205958538,0.00124070535713,0.00523392309282,0.000411051892196,0.00041239904055,0.000421084806703,0.000628027670235,0.000638238225139,0.000867208887037,0.00249680617602,0.00270290854056,0.410504025413,0.000375189614084,0.000375189698129,0.000375201883839,0.00051839815018,0.000498627532488,0.000782717853699,0.00418320508703,0.0318857431552,0.531362388122,0.0
0.000401687181507,0.000402747196858,0.000445174881807,0.000439761555569,0.000440387457258,0.000559488583642,0.00130836825474,0.00121644517875,0.00510927212226,0.000401255081922,0.000402570125118,0.00041104857213,0.000613167297977,0.000623266536675,0.000846542318408,0.00247526589425,0.00270088955373,0.400768296057,0.000366247297954,0.000366247395239,0.000366259229182,0.000525259186663,0.000503040339093,0.000764250306551,0.0052160987683,0.0495702119678,0.52275675166,0.0
0.000388887689765,0.000389913955619,0.000430989174715,0.000425752873059,0.000426361732497,0.000541660306764,0.00127891550197,0.00118574220248,0.0049465701156,0.000388469438547,0.000389742584637,0.000397950319089,0.000593803385767,0.000603786958424,0.000819569985388,0.0024532814001,0.00270821907603,0.388049516093,0.000354576713342,0.000354576827128,0.000354588203219,0.00052835959455,0.000503873658306,0.000740036256872,0.00642119711425,0.0754433443175,0.508880314522,0.0
0.000372658823953,0.000373642323915,0.000413002185882,0.000407994131291,0.00040858347273,0.000519054669813,0.00124739881179,0.00115068633583,0.00474025892346,0.000372258201145,0.00037347823631,0.000381342184789,0.000569363994491,0.000579313117596,0.00078536986149,0.00245054994035,0.00275866799115,0.371913420726,0.000339778821562,0.000339778958108,0.000339789742381,0.000526241368466,0.000499886212781,0.000709243193352,0.00773053297507,0.110430192287,0.489267512508,0.0
0.00035454951129,0.000355485389735,0.000392929125922,0.00038818949781,0.000388764266178,0.000493827341875,0.00123095412313,0.00112407228822,0.00451002985502,0.000354168814634,0.000355329639242,0.000362807895536,0.000542472091425,0.000552744379046,0.000747203903193,0.0025287479665,0.00294936479278,0.353904019874,0.000323264749407,0.000323264919331,0.000323275001843,0.000518952914956,0.000491380170534,0.000674822032098,0.00895727216208,0.150616126774,0.46623598052,0.0
0.00033896670345,0.000339861913063,0.000375650586691,0.000371181367342,0.00037176271537,0.000472112172394,0.00126105112693,0.0011306831525,0.00431188330783,0.000338603896397,0.000339713981953,0.000346853905627,0.000520301095967,0.000531708753497,0.000714352688371,0.00279126273598,0.00344551412516,0.338407490125,0.000309049781436,0.000309049995245,0.00030905939496,0.000509874943572,0.000481788845171,0.000645168990764,0.00984406949736,0.185186790418,0.44599619378,0.0
0.000328104926531,0.00032897236064,0.000363595716582,0.000359382642423,0.00035999870948,0.000456962040432,0.00134710601044,0.00117804608418,0.00417367342204,0.000327755879888,0.000328831067433,0.000335723147907,0.000506322443493,0.000519729576551,0.000691434548294,0.00328032048526,0.00434446299687,0.327603079304,0.000299132358091,0.000299132617592,0.000299141459572,0.00050232250734,0.000474122295862,0.000624473701247,0.0103704834179,0.208524807106,0.431772883174,0.0
0.000320385126674,0.000321233475995,0.000355015122318,0.000351057115794,0.000351728152962,0.00044617831791,0.00147594975022,0.00125471533823,0.00407531985828,0.000320047263415,0.000321098255905,0.000327800333789,0.000497836623531,0.000513787676893,0.00067512260743,0.00398660396819,0.00569284691387,0.31991775629,0.000292073226011,0.000292073527821,0.000292081917428,0.000496320618666,0.000468154683383,0.000609740827902,0.0106889250066,0.224033651758,0.421622496243,0.0
0.00031436523614,0.000315199310669,0.000348312013983,0.000344617490048,0.000345356744987,0.000437754186471,0.0016399466491,0.00135308413968,0.0039985027742,0.000314037342299,0.000315070078333,0.000321611080464,0.00049241369483,0.000511243704982,0.000662380581425,0.00492744580956,0.00759782581231,0.313917507996,0.000286558695482,0.000286559035587,0.000286567040182,0.000491160308459,0.000463093828522,0.000598230760999,0.0108918567009,0.234855727718,0.413683571267,0.0
0.000309253483544,0.00031007595168,0.000342609850108,0.000339191684427,0.00034000853097,0.000430588029563,0.00183744569719,0.00147014869164,0.00393316791034,0.000308935080034,0.000309952864849,0.000316346040737,0.000488720941011,0.000510664416168,0.000651541837176,0.00614685673134,0.0102367178556,0.308815610131,0.000281867631833,0.000281868006487,0.000281875669528,0.00048632009814,0.000458396701579,0.000588438984012,0.0110196933344,0.242578305394,0.406925398453,0.0
0.000304575679334,0.00030538792572,0.000337383648548,0.000334257417796,0.000335159031733,0.000424020066971,0.00206952514339,0.00160493293659,0.00387329495027,0.000304266730596,0.000305271287751,0.000311520476834,0.000485962648938,0.000511200121491,0.000641608263082,0.00770869670646,0.0138612482731,0.30414115482,0.000277568129532,0.000277568535209,0.000277575885501,0.000481411328022,0.000453673154649,0.000579464218933,0.0110898054121,0.247975118319,0.400728348889,0.0
0.000299991136142,0.000300793627098,0.000332256090995,0.000329439767301,0.000330431961653,0.000417576103476,0.00233844998568,0.00175724436264,0.00381455843272,0.000299691938155,0.000300683856942,0.000306785995164,0.000483570414115,0.000512246135211,0.000631862576641,0.00969513599495,0.0188122388823,0.299555988062,0.000273349765559,0.000273350198741,0.000273357255196,0.000476089263997,0.000448585932673,0.00057065859999,0.0111085571531,0.251411067209,0.394646039299,0.0
0.000295205436239,0.00029599785117,0.000326900900107,0.000324415176249,0.000325502831469,0.000410846098232,0.00264683205398,0.00192703319249,0.00375322007877,0.000294916589136,0.000295895484549,0.000301841330395,0.00048105525073,0.000513281122034,0.000621684646595,0.0122066020541,0.0255391237107,0.294768147771,0.000268944106722,0.00026894456368,0.000268951337697,0.0004699987331,0.000442793337263,0.00056146183873,0.0110760650025,0.253022486957,0.388291852545,0.0
0.000289924986742,0.000290706227805,0.000320992478286,0.000318861427458,0.000320048713127,0.000403420878926,0.00299691941024,0.00211392642272,0.0036855528129,0.000289647412851,0.000290611935897,0.000296385844814,0.000477928950448,0.000513779963706,0.000610455837748,0.0153606522763,0.0346186438267,0.289487085148,0.000264083276185,0.000264083752742,0.000264090249322,0.000462741013673,0.000435915421317,0.000551314770555,0.0109882905642,0.25280435529,0.381279581107,0.0
0.000283832798663,0.000284600936206,0.000314179019306,0.000312430971036,0.000313721462633,0.000394858365675,0.00338976318202,0.00231676939756,0.00360753618797,0.000283567787495,0.000284515556513,0.000290094701023,0.000473659858252,0.000513162796409,0.000597508121677,0.0192874310011,0.0467639539435,0.283400503203,0.000258477829823,0.000258478321136,0.000258484539297,0.000453856467883,0.000427516360541,0.000539613188681,0.0108382146888,0.250661590466,0.373191678848,0.0
0.000276581431481,0.000277333632284,0.000306074577008,0.000304743149818,0.000306139930883,0.000384673645191,0.00382415847643,0.00253312913812,0.00351477449341,0.000276330698333,0.000277258209203,0.000282611538054,0.000467656030112,0.000510772418393,0.000582109579129,0.0241189509453,0.0628094127486,0.276169539644,0.000251810224852,0.000251810725223,0.000251816658082,0.000442826724155,0.000417105811722,0.000525694219939,0.010616883386,0.246449880914,0.363569921051,0.0
0.00026780724199,0.000268539739153,0.000296274639663,0.000295399902205,0.000296905779642,0.000372358661304,0.00429539883423,0.00275880911985,0.003402698301,0.00026757298534,0.000268475573127,0.000273562849283,0.000459282996546,0.000505888253322,0.000563495579591,0.0299693698958,0.0836497317349,0.267448520928,0.000243747614726,0.000243748117505,0.00024375375239,0.000429106432556,0.000404168401523,0.000508863043855,0.0103147728174,0.240017823608,0.351933923197,0.0
0.000257172330068,0.000257880511347,0.000284402256993,0.000284032009855,0.000285650030965,0.000357440549471,0.00479406411364,0.00298751746585,0.00326715604719,0.00025695727035,0.000257829217109,0.000262600561939,0.00044792785081,0.000497790678638,0.000540961136242,0.0369046561161,0.110109611614,0.256941968792,0.000233979737771,0.000233980235428,0.000233985554417,0.000412194775319,0.000388230837258,0.000488471998773,0.00992370018838,0.231253968107,0.337835870012,0.0
0.000244434107029,0.000245112796898,0.000270184733629,0.000270375730312,0.000272110187579,0.000339579290344,0.00530513708847,0.00321083691752,0.00310547972429,0.000244241490557,0.000245076372471,0.000249472794569,0.000433110057474,0.000485877383994,0.000514022103969,0.0449022080592,0.142725202997,0.244519355652,0.000222281785463,0.000222282269913,0.000222287251243,0.00039174539728,0.000368965368315,0.000464051839786,0.0094392158434,0.220136050441,0.320951302317,0.0
0.000229526112101,0.00023017006734,0.000253543632481,0.000254361133068,0.000256218917765,0.000318685786624,0.00580720852455,0.00341832525628,0.00291811926636,0.00022935966132,0.000230150961382,0.000234106652152,0.000414605925295,0.000469793924364,0.000482642840128,0.0537980359911,0.181413967787,0.23044306528,0.000208587470309,0.000208587933483,0.000208592554119,0.00036768921686,0.000346305528556,0.000435464296002,0.00886302455899,0.206775231667,0.301184629055,0.0
0.000212619200825,0.000213223705885,0.000234668813994,0.000236175257446,0.000238165968902,0.00029503619951,0.00626909538711,0.00359639028724,0.00271155485727,0.000212482915393,0.000213224768749,0.000216674780349,0.000392504847073,0.000449473966901,0.000447602298569,0.0631873555415,0.224890694659,0.215937399057,0.000193045272695,0.000193045707256,0.000193049946713,0.000340326328025,0.000320532834704,0.000403019519285,0.00820475827377,0.191447526828,0.278750352776,0.0
0.000194163032844,0.000194724292156,0.000214100354551,0.000216289326247,0.000218417163063,0.000269466540316,0.00663399289261,0.00372137359129,0.00250607065204,0.000194060282437,0.000194748006874,0.000197660549625,0.000367089596225,0.000424916151319,0.000411539718481,0.0721178011956,0.269115931298,0.204954036017,0.000176063251316,0.000176063651401,0.000176067497407,0.000310401370255,0.000292347857551,0.000367569652541,0.00748374260498,0.174633598599,0.254237764855,0.0
0.000175041580999,0.00017555654078,0.000193033708649,0.000195574235041,0.000197801383865,0.000244042907333,0.00677672443763,0.00374030424408,0.00235451936408,0.000174971493342,0.000175601509833,0.00017809725972,0.000338583756983,0.000395665257421,0.000382001624769,0.0782656665832,0.303219555555,0.208668801621,0.000158481455448,0.000158481817673,0.000158485276749,0.000279409045239,0.000263157934568,0.000330868697543,0.00673664807066,0.157203119424,0.228859805215,0.0
0.000156317050472,0.000156782258708,0.000173012880978,0.000175007607506,0.000177198680325,0.000221565338008,0.0065244861216,0.00357687809847,0.00232458605695,0.000156269170608,0.000156837731672,0.000159303722432,0.00030686804214,0.000360664579655,0.000369015120486,0.0781376242384,0.309838466049,0.245425723616,0.000141368626774,0.000141368950814,0.000141372051481,0.000249239944164,0.000234743484569,0.000295148003377,0.00600929961682,0.140230947555,0.204159905404,0.0
0.000136532580469,0.000136940402693,0.000151968428663,0.000152966738911,0.000154950885942,0.000198457523335,0.00586552281528,0.0032150641073,0.00236508128264,0.000136495428919,0.000136993658325,0.000139607593343,0.000269525794492,0.000317427955892,0.000359624237673,0.0713178139463,0.285851671854,0.322088633588,0.000123428402865,0.000123428686142,0.000123431422884,0.000217611080882,0.000204954214877,0.000257703125124,0.00524673193953,0.12243628526,0.178271147046,0.0
0.000113057962077,0.000113395864355,0.000126299281451,0.000126683859017,0.000128339974105,0.000167946425461,0.00489371013209,0.00268534459799,0.00234202228414,0.00011302791895,0.000113440693072,0.000115927143344,0.000223473956247,0.000263314116045,0.00032766007308,0.0597785995115,0.240525767245,0.433580779286,0.000102200368066,0.000102200602754,0.000102202915085,0.000180185321301,0.000169705224437,0.000213407768445,0.00434439469609,0.101379819409,0.14766709337,0.0
8.65445100464e-05,8.68031825705e-05,9.6816158042e-05,9.6976336846e-05,9.82453193355e-05,0.00013029198556,0.00375082856395,0.00205923337754,0.00216024424008,8.65215653221e-05,8.68375510626e-05,8.88741371667e-05,0.000171097335212,0.000201612951713,0.000266939402267,0.0458620302833,0.184706953024,0.565077286824,7.82327506165e-05,7.82329303046e-05,7.82347724102e-05,0.000137929335663,0.000129906954868,0.000163453625438,0.00332559964456,0.0776055970185,0.11328867622,0.0
6.09739767409e-05,6.11562220572e-05,6.82383591581e-05,6.8323669164e-05,6.92177878462e-05,9.24221110502e-05,0.00264301422128,0.00145120285811,0.00182344377466,6.0957813548e-05,6.1180438211e-05,6.26555627481e-05,0.000120546812323,0.000142047509371,0.000194571648092,0.0323213221704,0.130194776258,0.691832892707,5.51180041903e-05,5.5118130796e-05,5.51195360456e-05,9.71768280778e-05,9.1524723947e-05,0.000115542921219,0.00234305475543,0.0546771503318,0.0811812508682,0.0
4.11382911343e-05,4.12612495217e-05,4.60443913778e-05,4.60970288961e-05,4.67002820379e-05,6.25499418451e-05,0.00178323801614,0.000979145865307,0.00143848124912,4.11273861442e-05,4.12775879104e-05,4.22833525928e-05,8.13313844286e-05,9.58376858654e-05,0.00013347527287,0.0218076146324,0.0878466244614,0.785819294876,3.71873476855e-05,3.71874331063e-05,3.71885138273e-05,6.55640301389e-05,6.1750616631e-05,7.92329696935e-05,0.00158086845954,0.0368908245839,0.0608166730908,0.0
2.94030600653e-05,2.94909429791e-05,3.29105773634e-05,3.29472537839e-05,3.33784214577e-05,4.47631148247e-05,0.00127455023081,0.000699837350142,0.00114259800361,2.93952658713e-05,2.95026206365e-05,3.02241713407e-05,5.81305653297e-05,6.84987643512e-05,9.60868557662e-05,0.0155868221818,0.0627880705857,0.831264344552,2.65791744452e-05,2.6579235499e-05,2.65801210941e-05,4.68611534861e-05,4.41355543798e-05,5.90435424337e-05,0.00112994120405,0.0263679579094,0.0590013675872,0.0
2.2950250509e-05,2.30188465969e-05,2.56882738511e-05,2.57166338341e-05,2.6053177318e-05,3.49590844425e-05,0.000994838000329,0.000546252441715,0.000950627777122,2.29441668338e-05,2.30279614712e-05,2.35920444002e-05,4.53732071737e-05,5.34659984983e-05,7.52565124178e-05,0.0121661652353,0.0490088359562,0.841811211269,2.07460961654e-05,2.07461438205e-05,2.07469103295e-05,3.65770702823e-05,3.44496234959e-05,4.87968150228e-05,0.000881996632408,0.0205818728389,0.0724740910327,0.0
1.88486663246e-05,1.89050031726e-05,2.10974745643e-05,2.11206518449e-05,2.13970495604e-05,2.87203722224e-05,0.000817045016967,0.000448629387092,0.000813963867196,1.88436699021e-05,1.89124890709e-05,1.93761593521e-05,3.72642769218e-05,4.39107558492e-05,6.19339518207e-05,0.00999189706985,0.0402503446133,0.828818172452,1.70384303187e-05,1.70384694572e-05,1.70391485375e-05,3.00402525881e-05,2.82930045104e-05,4.26196631139e-05,0.0007244097776,0.0169043531804,0.100748785146,0.0
1.58133187631e-05,1.58605832498e-05,1.77000443384e-05,1.77194287889e-05,1.79513160759e-05,2.4100012011e-05,0.00068547093484,0.00037638453362,0.000702382116546,1.58091269543e-05,1.58668636363e-05,1.62560744043e-05,3.12633226641e-05,3.68394691834e-05,5.20330963468e-05,0.00838285588534,0.0337687650541,0.79140938832,1.42945991591e-05,1.4294631995e-05,1.42952344375e-05,2.52028204063e-05,2.3736924811e-05,3.80084604913e-05,0.000607825274832,0.0141836272843,0.149476255269,0.0
1.32109776795e-05,1.32504640197e-05,1.47872458698e-05,1.48034060981e-05,1.49971326365e-05,2.01363758698e-05,0.000572668162194,0.000314447563803,0.000597517485183,1.32074757034e-05,1.32557108672e-05,1.35809818587e-05,2.6118435898e-05,3.07769409389e-05,4.351342169e-05,0.0070034031926,0.0282121992369,0.722309442108,1.19421883001e-05,1.19422157329e-05,1.19427393469e-05,2.10558853039e-05,1.98311544094e-05,3.36290648469e-05,0.000508023020236,0.0118546298907,0.228285687523,0.0
1.06614480699e-05,1.06933141136e-05,1.19335375511e-05,1.1946561022e-05,1.21029016754e-05,1.62514129134e-05,0.000462168453186,0.000253780195268,0.000487090508628,1.0658621935e-05,1.06975484031e-05,1.09600995285e-05,2.10779844188e-05,2.48374964099e-05,3.51397829596e-05,0.00565237530775,0.0227715359018,0.614744727563,9.63751684527e-06,9.63753898746e-06,9.63797230573e-06,1.6996922256e-05,1.60079424206e-05,2.85327478125e-05,0.000411472930153,0.00960679891617,0.345332638874,0.0
8.35974880849e-06,8.38473532556e-06,9.35721381697e-06,9.36742468202e-06,9.49001955955e-06,1.27432117966e-05,0.0003626531958,0.000199173455897,0.000383369531003,8.35753293345e-06,8.38805557581e-06,8.59394122656e-06,1.65278802972e-05,1.94762541225e-05,2.75631401917e-05,0.00444024510526,0.0179120678962,0.492707576591,7.55687357593e-06,7.55689098917e-06,7.55723443241e-06,1.34087818715e-05,1.2620876521e-05,2.31287510307e-05,0.000344546904247,0.0082779843544,0.475153944399,0.0
7.94321060553e-06,7.9669522638e-06,8.89097312863e-06,8.90070067092e-06,9.0172085121e-06,1.21082736632e-05,0.000345743147072,0.000189802632656,0.000364342571994,7.94110560177e-06,7.97010741856e-06,8.16573255209e-06,1.57058804912e-05,1.85096050611e-05,2.6190492727e-05,0.004255164903,0.0172551141112,0.468782855973,7.18033833572e-06,7.18035508918e-06,7.18068085726e-06,1.31451635024e-05,1.23261566649e-05,2.20490704612e-05,0.000418533793139,0.0120271820687,0.496152888792,0.0
7.68968958601e-06,7.71267364697e-06,8.60719985293e-06,8.61664625868e-06,8.72945892101e-06,1.17218217927e-05,0.000336018801622,0.000184329802092,0.00035275011155,7.68765228767e-06,7.71572848022e-06,7.9051070433e-06,1.52062911144e-05,1.79230989172e-05,2.53549546124e-05,0.00416022715765,0.0169683401818,0.454124937325,6.95116380325e-06,6.95118024416e-06,6.95149486025e-06,1.31608701022e-05,1.22899411314e-05,2.13807891738e-05,0.000520393704388,0.01821723709,0.504933210064,0.0
7.47953293478e-06,7.50188904328e-06,8.37196439352e-06,8.38118807537e-06,8.49094484629e-06,1.14014692646e-05,0.000328361611545,0.000179950149867,0.000343134827458,7.47755194071e-06,7.50486084563e-06,7.68906002006e-06,1.4792681862e-05,1.743826092e-05,2.46622838569e-05,0.00409402792519,0.016810261832,0.441925471129,6.76118846173e-06,6.76120469488e-06,6.76150983436e-06,1.32559945096e-05,1.23258375588e-05,2.08190902384e-05,0.000649987047094,0.0279099169691,0.507561011995,0.0
7.27194895221e-06,7.29368486444e-06,8.13960727371e-06,8.14862236815e-06,8.25536821627e-06,1.1085035749e-05,0.000321165021278,0.000175764574726,0.000333632594003,7.27002377548e-06,7.29657480363e-06,7.47565652003e-06,1.43846640017e-05,1.69606721553e-05,2.39780472316e-05,0.00403974892862,0.0167248219104,0.429833775081,6.57353777687e-06,6.57355383517e-06,6.57384946149e-06,1.33610563914e-05,1.23696431247e-05,2.02568888701e-05,0.000810247962517,0.0427456944967,0.504821880996,0.0
7.03983413421e-06,7.0608766818e-06,7.87978944816e-06,7.88859042794e-06,7.9919816606e-06,1.07312044528e-05,0.000313608037675,0.000171276175152,0.000323003155055,7.03797171769e-06,7.06367535223e-06,7.23703229234e-06,1.39292346418e-05,1.64285677494e-05,2.32129065346e-05,0.00399342666857,0.0167207480251,0.41627338464,6.36371002779e-06,6.36372591079e-06,6.36401077751e-06,1.34242501179e-05,1.23745728462e-05,1.96211019521e-05,0.00100219809517,0.0647457337501,0.496268608416,0.0
6.76351551563e-06,6.78373298051e-06,7.57048581378e-06,7.57908077797e-06,7.67850860569e-06,1.03099809726e-05,0.00030568842888,0.000166369326636,0.00031034595624,6.76172871257e-06,6.78642371996e-06,6.95295885446e-06,1.33890033111e-05,1.57995984535e-05,2.23020079554e-05,0.0039692908902,0.0169139755431,0.400096018879,6.11391788866e-06,6.11393359722e-06,6.11420545446e-06,1.3395866603e-05,1.22974220637e-05,1.8858011368e-05,0.00121971193873,0.0954952360086,0.481341792646,0.0
6.44473685821e-06,6.46400355901e-06,7.21363229647e-06,7.22214692758e-06,7.31709509661e-06,9.82400276699e-06,0.000299571440706,0.000161953391216,0.000295742068684,6.44304023129e-06,6.46657221225e-06,6.62521424804e-06,1.27715360606e-05,1.50870224778e-05,2.12510826893e-05,0.0040280413937,0.0176948652151,0.381411722283,5.82572501475e-06,5.8257406212e-06,5.82599695164e-06,1.32431326926e-05,1.21131619883e-05,1.79731905228e-05,0.00143992135249,0.133547991796,0.460946254026,0.0
6.13365308782e-06,6.15199564961e-06,6.86532160409e-06,6.87424585025e-06,6.9650914843e-06,9.34966123854e-06,0.000301362261824,0.000160857430937,0.000281490581256,6.13205374639e-06,6.15445320164e-06,6.30531569698e-06,1.21850677276e-05,1.44267875257e-05,2.02253799386e-05,0.00430937112,0.0199312502852,0.363176655051,5.54443193381e-06,5.54444765405e-06,5.54468773716e-06,1.29969444062e-05,1.18568678539e-05,1.71072826356e-05,0.00161760940759,0.170465608029,0.439589432144,0.0
