-0.5 0.5,-0.5 1.0,-0.5 1.5,-0.5 2.0,0.0 1.0,0.0 1.5,0.0 2.0,other
0.015625,0.015625,0.015625,0.015625,0.015625,0.015625,0.015625,0.890625
0.0162284778575,0.0185894360383,0.0178951212065,0.0181501075861,0.0176339284841,0.0172391045127,0.0165517624676,0.877712061847
0.016824133426,0.0221171368896,0.0204785490149,0.0210783097382,0.0198573555085,0.0189807866337,0.0175069704216,0.863156758368
0.0174037638878,0.0263031731829,0.0234053610447,0.0244624243724,0.0222977833155,0.0208432030348,0.0184818675861,0.846802423576
0.0179582606473,0.0312539241339,0.0267043558091,0.0283580343175,0.0249509167163,0.0228140597295,0.0194655503216,0.828494898325
0.0184777337743,0.0370869301244,0.0304016457445,0.0328222771969,0.0278039028406,0.0248746961627,0.0204448526952,0.808087961461
0.0189516783031,0.0439300814582,0.0345188892373,0.037912068391,0.0308335203145,0.0269992388289,0.0214042782006,0.785450245266
0.0193691895016,0.0519198254503,0.0390711022399,0.0436815825417,0.0340044384231,0.0291539106762,0.022326000022,0.760473951145
0.0197192429726,0.0611980232149,0.0440640325789,0.0501788305302,0.037267750351,0.0312966344573,0.023189971694,0.733085514201
0.0199910594855,0.0719070960097,0.0494911647359,0.0574412354507,0.0405600853918,0.0333771241201,0.023974208366,0.70325802644
0.0201745693351,0.0841831929435,0.0553305432615,0.0654902409215,0.0438036919988,0.0353376951506,0.0246553067769,0.671024759612
0.0202609756303,0.0981473034994,0.0615417418659,0.0743251758784,0.0469079155359,0.0371150170536,0.0252092627117,0.636492607825
0.0202433924526,0.113894538959,0.0680634385346,0.0839168403913,0.049772431847,0.0386429591606,0.0256126151358,0.599853783519
0.0201175066451,0.131482214344,0.0748121549672,0.0942015433825,0.0522924135764,0.0398565365025,0.0258438969542,0.561393733628
0.0198821863895,0.150917847128,0.0816827442925,0.105076570308,0.0543654975984,0.0406967533385,0.025885307216,0.52149309373
0.0195399416308,0.172148669626,0.0885511217327,0.116398211575,0.0559000211539,0.0411158965703,0.0257244466791,0.480621691033
0.0190971375684,0.195054583369,0.0952794927082,0.127983440608,0.056823578102,0.041082602629,0.0253558924682,0.439323272547
0.0185638794491,0.219446477923,0.101723937237,0.139616000474,0.0570906336558,0.0405858829938,0.0247823493964,0.398190838872
0.0179535282853,0.24507133313,0.107743712591,0.15105700855,0.0566878591161,0.0396373203784,0.024015128713,0.357834109236
0.0172818691927,0.27162449191,0.113211160378,0.162059306922,0.0556361010041,0.03827088253,0.0230737844496,0.318842403613
0.0165660235362,0.298768111993,0.118020811816,0.172383892839,0.0539884752491,0.0365402191692,0.0219848774004,0.281747587997
0.0158232524528,0.326153462478,0.122096311702,0.181816153786,0.0518248415925,0.0345138069761,0.0207800050732,0.246992165939
0.0150698227783,0.353443873301,0.125394161429,0.190179547343,0.0492436376616,0.0322687363468,0.0194933826445,0.214906838495
0.0143200876999,0.38033507517,0.127903912542,0.197344868583,0.0463525093029,0.0298841563681,0.0181593379261,0.185700052408
0.0135858803708,0.406570387003,0.12964512608,0.203234175879,0.0432592414995,0.0274353540253,0.0168100706605,0.159459764482
0.0128762487859,0.431949429363,0.130661945583,0.207819494948,0.0400642021693,0.0249891826834,0.0154739353806,0.136165561088
0.0121974967587,0.456330349133,0.131016391274,0.211117287173,0.0368550063473,0.0226011841126,0.0141743746986,0.115707910503
0.0115534543009,0.479626580492,0.130781459856,0.213180165751,0.03370357183,0.0203143889005,0.0129294986632,0.0979108802068
0.0109458855325,0.501799760025,0.13003488409,0.214087437519,0.0306653096498,0.0181595170461,0.0117522069954,0.0825549991424
0.0103749489379,0.522850552292,0.12885407879,0.213935821813,0.0277799403688,0.0161561665068,0.0106506981212,0.069397793171
0.00983964457122,0.542808932472,0.127312475221,0.212831290261,0.0250733490688,0.0143145610307,0.00962919971331,0.0581905476618
0.00933820688138,0.561725067668,0.125477191473,0.210882524851,0.0225599442916,0.0126374932253,0.00868877783935,0.0486907937706
0.00886842374942,0.579661484107,0.123407829389,0.208196111688,0.0202451101312,0.0111222016859,0.00782812028264,0.0406707189671
0.00842787872858,0.596686809319,0.121156123964,0.204873327078,0.0181274834264,0.0097620267774,0.00704423056558,0.033922120141
0.00801412362107,0.612871089265,0.118766174073,0.201008235394,0.0162009142383,0.00854777675459,0.00633300380322,0.0282586828508
0.00762479334129,0.628282507617,0.116275024941,0.196686778667,0.0144560613955,0.00746879630265,0.00568968006715,0.0235163576681
0.00725767610246,0.642985257339,0.113713428296,0.191986560252,0.0128816341746,0.00651376471837,0.00510918558134,0.0195524935358
0.00691075089233,0.657038302898,0.11110665999,0.186977076977,0.0114653223726,0.00567126677963,0.0045863789247,0.0162442411662
0.00658220217307,0.67049479623,0.108475319367,0.181720213711,0.0101944687123,0.00493018264567,0.00411622108805,0.0134865960728
0.00627041951231,0.683401950104,0.105836067665,0.176270868709,0.0090565375307,0.00427993952726,0.0036938869801,0.0111903299719
0.00597398782792,0.695801215562,0.103202285281,0.17067762228,0.00803942780042,0.0037106612748,0.00331483340029,0.00927996657363
0.00569167226837,0.707728648983,0.100584642135,0.164983394429,0.00713167044192,0.00321324479992,0.00297483558259,0.00769189135902
0.00542240047289,0.719215386383,0.097991583679,0.159226060567,0.00632254168272,0.00277938557527,0.00267000168383,0.0063726399564
0.00516524401808,0.730288167477,0.09542973957,0.153439010097,0.0056021169045,0.00240156883677,0.00239677226374,0.00527738083305
0.00491940019182,0.74096987071,0.0929042638988,0.147651642817,0.00496128334483,0.0020730386287,0.00215190993264,0.00436859047669
0.00468417477691,0.751280033974,0.0904191162622,0.141889804136,0.00439172519636,0.0017877533849,0.00193248289405,0.00361490937555
0.00445896621807,0.761235345337,0.0879772925579,0.136176163576,0.00388589092883,0.00154033415513,0.00173584501691,0.00299016220973
0.00424325134348,0.770850094757,0.0855810135502,0.130530542677,0.00343694985622,0.00132600968566,0.00155961426436,0.00247252386546
0.0040365726828,0.780136582346,0.0832318782789,0.124970198978,0.00303874289002,0.00114056118644,0.00140165071806,0.00204381291926
0.00383852734342,0.789105481757,0.0809309883958,0.11951007267,0.00268573089484,0.000980268631891,0.00126003501421,0.0016888952927
0.00364875736009,0.797766159298,0.0786790485906,0.114163002007,0.00237294295585,0.000841859745963,0.00113304770699,0.00139518233605
0.00346694140719,0.806126950642,0.0764764474378,0.108939912895,0.00209592607338,0.000722462335012,0.00101914986468,0.00115220934542
0.00329278775148,0.814195397774,0.0743233222753,0.103849987342,0.00185069723501,0.000619560296543,0.000916965057501,0.000951282268117
0.00312602832008,0.821978449268,0.0722196111059,0.098900814681,0.0016336984182,0.000530953404497,0.000825262797157,0.000785182005544
0.00296641376072,0.829482627173,0.0701650939916,0.0940985288015,0.00144175480098,0.000454720821352,0.000742943421977,0.000647917228925
0.00281370937714,0.83671416388,0.0681594259688,0.0894479339689,0.00127203626988,0.000389188191082,0.000669024379124,0.000534517964838
0.00266769182936,0.843679112247,0.0662021631494,0.0849526212648,0.00112202218953,0.000332898108821,0.000602627829385,0.000440863381223
0.00252814649727,0.850383432184,0.0642927833657,0.0806150771985,0.000989469317175,0.000284583731191,0.000542969485635,0.000363538220965
0.00239486541411,0.856833056705,0.0624307024666,0.0764367856482,0.000872382696449,0.000243145277343,0.000489348589444,0.000299713202414
0.00226764568534,0.863033940302,0.0606152871644,0.0724183239626,0.000768989337143,0.000207629169005,0.000441138929029,0.000247045450192
0.00214628831663,0.868992092227,0.0588458651579,0.0685594538038,0.00067771447561,0.000177209563985,0.00039778080387,0.000203595651351
0.0020305973827,0.874713597119,0.0571217331193,0.0648592071104,0.000597160208094,0.000151172048811,0.000358773845649,0.000167759166224
0.00192037947655,0.880204625141,0.055442163013,0.0613159674202,0.000526086293863,0.000128899270333,0.000323670610746,0.000138208774078
0.00181544338577,0.885471433592,0.0538064071216,0.0579275466867,0.000463392933671,0.000109858301872,0.000292070865765,0.000113847113032
0.00171559994939,0.890520361733,0.0522137020773,0.0546912576574,0.000408105340266,9.35895558341e-05,0.000263616494018,9.37671924978e-05
0.00162066205484,0.895357820386,0.0506632721301,0.0516039818472,0.00035935993007,7.96970710002e-05,0.00023798695732,7.72196238291e-05
0.0015304447405,0.899990277613,0.0491543318384,0.0486622331185,0.000316391978145,6.7840018483e-05,0.00021489525361,6.35854390236e-05
0.0014447653745,0.904424241668,0.0476860883218,0.0458622168868,0.000278524591381,5.77252854215e-05,0.000194084316744,5.23535549699e-05
0.00136344388502,0.908666242169,0.0462577431852,0.043199884976,0.000245158867362,4.91010096017e-05,0.000175323810261,4.3102097705e-05
0.0012863030218,0.912722810336,0.0448684941958,0.0406709861725,0.000215765118212,4.17509513457e-05,0.000158407271905,3.54829323573e-05
0.00121316863221,0.91660045897,0.0435175367751,0.0382711125477,0.00018987504987,3.54896011296e-05,0.000143149570272,2.92088540483e-05
0.00114386993858,0.920305662709,0.0422040653504,0.0359957416466,0.000167074797585,3.01579324863e-05,0.000129384639091,2.40429865122e-05
0.0010782398064,0.923844839017,0.0409272745969,0.0338402746621,0.000146998727987,2.56197198552e-05,0.000116963458419,1.97900115173e-05
0.00101611499547,0.927224330218,0.0396863605953,0.031800070743,0.000129323926857,2.17583502007e-05,0.000105752255364,1.6288915809e-05
0.000957336388315,0.930450386834,0.0384805219182,0.0298704775994,0.000113765299734,1.84740654821e-05,9.56309000137e-05,1.34069953214e-05
0.000901749191844,0.933529152386,0.0373089606556,0.0280468585904,0.000100071219802,1.56815804896e-05,8.64914749336e-05,1.10349005686e-05
0.000849203109848,0.936466649779,0.0361708833863,0.0263246164907,8.80196641389e-05,1.33080272136e-05,7.82369990006e-05,9.08254388487e-06
0.000799552485097,0.939268769298,0.0350655020969,0.0246992141436,7.7414785439e-05,1.1291182863e-05,7.07802885176e-05,7.4757197655e-06
0.000752656410819,0.941941258254,0.033992035051,0.0231661922128,6.80838717593e-05,9.57794393652e-06,6.40429404437e-05,6.153314986e-06
0.000708378812114,0.944489712234,0.0329497076081,0.0217211842504,5.98746517777e-05,8.12301345513e-06,5.79544242885e-05,5.06500630763e-06
0.000666588498451,0.946919567902,0.031937752992,0.0203599292956,5.26529075016e-05,6.88777262519e-06,5.24512707248e-05,4.1693611266e-06
0.000627159188856,0.949236097295,0.0309554130082,0.0190782822189,4.63003603743e-05,5.83931188122e-06,4.74763463179e-05,3.43227099276e-06
0.000589969511709,0.951444403499,0.0300019387088,0.017872222016,4.07128003471e-05,4.94959950001e-06,4.29782049572e-05,2.82566001047e-06
0.000554902981258,0.95354941763,0.0290765910059,0.0167378582557,3.5798430735e-05,4.19476882976e-06,3.89105076312e-05,2.32642015772e-06
0.000521847953099,0.955555896997,0.0281786412306,0.0156714358696,3.14764046016e-05,3.55450768182e-06,3.52315031228e-05,1.91553386657e-06
0.000490697560907,0.95746842435,0.0273073716415,0.014669338467,2.76755310446e-05,3.01153562542e-06,3.19035630284e-05,1.57735109053e-06
0.000461349636657,0.959291408091,0.0264620758788,0.0137280903459,2.4333132111e-05,2.55115684314e-06,2.88927652422e-05,1.29899378238e-06
0.000433706616581,0.96102908336,0.0256420593691,0.0128443573573,2.1394033184e-05,2.16087787809e-06,2.6168520695e-05,1.06986542215e-06
0.000407675434936,0.962685513875,0.024846639678,0.0120149467739,1.88096715763e-05,1.83008106142e-06,2.37032387154e-05,8.81247136415e-07
0.000383167407616,0.964264594432,0.0240751468158,0.0112368062966,1.65373097573e-05,1.54974567647e-06,2.14720268935e-05,7.25965175445e-07
0.000360098107439,0.965770053983,0.0233269234946,0.010507022325,1.4539341156e-05,1.31221001706e-06,1.94524217783e-05,5.98117181533e-07
0.00033838723286,0.96720545918,0.0226013253415,0.00982281760504,1.27826778334e-05,1.11096845144e-06,1.76241471458e-05,4.92846884077e-07
0.000317958471665,0.968574218338,0.0218977210682,0.00918154835722,1.1238210523e-05,9.40498430465e-07,1.59688969291e-05,4.06158676409e-07
0.00029873936107,0.96987958571,0.0212154926006,0.00858070097702,9.880332617e-06,7.96113092599e-07,1.44701402186e-05,3.34765031029e-07
0.000280661145513,0.971124666031,0.020554035169,0.00801788839118,8.68652062967e-06,6.73835735891e-07,1.31129460232e-05,2.75960949265e-07
0.000263658633264,0.972312419255,0.0199127573643,0.00749084614321,7.63696452692e-06,5.70292958937e-07,1.18838257322e-05,2.27520663774e-07
0.000247670052856,0.973445665445,0.0192910811589,0.00699742827361,6.71424206625e-06,4.82623731572e-07,1.0770591438e-05,1.87612655462e-07
0.000232636910214,0.974527089748,0.0186884418978,0.00653560305202,5.9030319675e-06,4.08402050486e-07,9.76222847991e-06,1.54729741611e-07
0.000218503847218,0.975559247435,0.0181042882612,0.00610344861167,5.18986133313e-06,3.45571174191e-07,8.84878074136e-06,1.27631564899e-07
0.000205218502376,0.976544568952,0.0175380822005,0.00569914852968,4.56288326832e-06,2.92387723046e-07,8.0212473916e-06,1.05297285197e-07
0.000192731374108,0.977485364953,0.0169892988506,0.00532098739081,4.0116811227e-06,2.47374180007e-07,7.27148989975e-06,8.68866648982e-08
0.000180995687122,0.978383831294,0.016457426421,0.00496734636675,3.52709619335e-06,2.09278542013e-07,6.59214827374e-06,7.17080589258e-08
0.000169967262247,0.979242053959,0.015941966067,0.00463669883842,3.10107609883e-06,1.77040055476e-07,5.97656558644e-06,5.91920842835e-08
0.000159604389993,0.980062013891,0.0154424317435,0.00432760608395,2.72654136175e-06,1.49760126402e-07,5.4187199494e-06,4.88699612157e-08
0.000149867708099,0.980845591732,0.0149583500435,0.00403871305143,2.39726802748e-06,1.26677630041e-07,4.91316318241e-06,4.03556967627e-08
0.000140720083208,0.981594572433,0.014489260023,0.00376874423197,2.10778440275e-06,1.0714795977e-07,4.45496550482e-06,3.33314286191e-08
0.000132126496811,0.982310649738,0.0140347130133,0.00351649964542,1.85328022493e-06,9.06252529821e-08,4.03966564458e-06,2.75353682504e-08
0.000124053935514,0.982995430541,0.0135942724234,0.00328085094857,1.62952677281e-06,7.66473154879e-08,3.66322582307e-06,2.27518818198e-08
0.000116471285669,0.983650439084,0.0131675135337,0.00306073767317,1.43280660679e-06,6.4822837326e-08,3.32199112952e-06,1.88033294126e-08
0.000109349232378,0.984277121018,0.0127540232816,0.0028551635991,1.25985178232e-06,5.48205537728e-08,3.0126528485e-06,1.55433504456e-08
0.00010266016282,0.984876847314,0.0123534000408,0.00266319326635,1.10778951856e-06,4.63600572395e-08,2.73221534851e-06,1.28513385791e-08
9.63780738789e-05,0.98545091801,0.0119652533963,0.00248394862765,9.74094425437e-07,3.92040099281e-08,2.47796617946e-06,1.06278950496e-08
9.0478483967e-05,0.986000565821,0.0115892039146,0.00231660584263,8.56546499828e-07,3.31515447528e-08,2.24744906263e-06,8.79108682793e-09
8.49383489851e-05,0.986526959587,0.011224882911,0.00216039221312,7.53194195871e-07,2.80326740523e-08,2.03843948841e-06,7.27336684877e-09
7.97359822959e-05,0.987031207577,0.0108719322151,0.00201458325816,6.62321957847e-07,2.37035528568e-08,1.84892266598e-06,6.01903890826e-09
7.48509786101e-05,0.98751436064,0.0105300039347,0.00187849992675,5.82421677403e-07,2.00424666404e-08,1.6770735946e-06,4.98217067777e-09
7.02641416578e-05,0.987977415216,0.0101987602188,0.00175150594557,5.1216760159e-07,1.69464331739e-08,1.52123904922e-06,4.12487542597e-09
6.59574155214e-05,0.988421316205,0.00987787302155,0.00163300529843,4.50394275104e-07,1.43283248271e-08,1.37992129393e-06,3.41589713808e-09
6.1913819497e-05,0.988846959696,0.00956702386609,0.00152243983381,3.96077150275e-07,1.2114431883e-08,1.25176335499e-06,2.82944531337e-09
5.8117386351e-05,0.989255195569,0.00926590360978,0.0014192869965,3.48315542471e-07,1.02423994935e-08,1.13553570221e-06,2.34423525348e-09
5.45531038358e-05,0.989646829962,0.00897421221128,0.00132305767921,3.06317647452e-07,8.65948115578e-09,1.03012420222e-06,1.94269749226e-09
5.12068593293e-05,0.990022627614,0.00869165849956,0.0012332941896,2.69387371382e-07,7.32106028487e-09,9.34519220515e-07,1.61032646326e-09
4.80653874628e-05,0.990383314095,0.0084179599455,0.00114956832854,2.3691275431e-07,6.18939883885e-09,8.47805761527e-07,1.33514380163e-09
4.51162206052e-05,0.990729577918,0.00815284243616,0.00107147957468,2.08355794361e-07,5.23257821407e-09,7.69154546663e-07,1.10725603611e-09
4.23476420702e-05,0.991062072535,0.00789604005224,0.000998653371081,1.83243503216e-07,4.42360293835e-09,6.97813940042e-07,9.18490012417e-10
3.97486419204e-05,0.991381418236,0.00764729484877,0.000930739509244,1.6116004387e-07,3.73964219379e-09,6.33102640571e-07,7.62092337647e-10
3.73088752413e-05,0.991688203943,0.00740635663942,0.000867410605963,1.41739819733e-07,3.1613880187e-09,5.7440306685e-07,6.32481561561e-10
3.50186227652e-05,0.99198298891,0.00717298278444,0.000808360668716,1.24661399909e-07,2.6725122749e-09,5.21155368572e-07,5.25043805504e-10
3.28687537256e-05,0.992266304329,0.00694693798249,0.000753303745175,1.0964217949e-07,2.25920720975e-09,4.72852004523e-07,4.35964191645e-10
3.08506908302e-05,0.992538654852,0.00672799406648,0.000701972652635,9.64336858635e-08,1.90979676681e-09,4.29032833083e-07,3.62087775803e-10
2.89563772407e-05,0.992800520023,0.00651592980341,0.000654117783269,8.48174528684e-08,1.61440776841e-09,3.89280666352e-07,3.00804798611e-10
2.71782454566e-05,0.993052355642,0.00631053069843,0.000609505981229,7.46013940553e-08,1.36469176225e-09,3.53217243755e-07,2.4995598439e-10
2.55091879994e-05,0.993294595044,0.00611158880306,0.000567919487771,6.56166146404e-08,1.15358973697e-09,3.20499585229e-07,2.07754369977e-10
2.39425298019e-05,0.993527650313,0.00591890252768,0.000529154950709,5.77146090575e-08,9.75133108968e-10,2.90816687916e-07,1.72720765355e-10
2.24720022101e-05,0.993751913426,0.00573227645831,0.000493022494664,5.07647974369e-08,8.24275396139e-10,2.63886533775e-07,1.43630458154e-10
2.10917185078e-05,0.993967757333,0.00555152117755,0.000459344848717,4.4652359992e-08,6.96749852563e-10,2.39453378633e-07,1.1946919404e-10
1.97961508819e-05,0.994175536981,0.00537645308998,0.000427956528209,3.92763332617e-08,5.88949064849e-10,2.17285296026e-07,9.93968109709e-11
1.85801087455e-05,0.994375590272,0.00520689425164,0.00039870306761,3.45479365203e-08,4.9782312595e-10,1.97171951716e-07,8.27171901049e-11
1.7438718345e-05,0.994568238975,0.00504267220384,0.000371440301492,3.03891005052e-08,4.20793523029e-10,1.78922587091e-07,6.88534208168e-11
1.63674035767e-05,0.994753789586,0.00488361981116,0.000346033690797,2.67311739832e-08,3.55680316725e-10,1.62364191715e-07,5.7327270585e-11
1.5361867945e-05,0.994932534135,0.00472957510356,0.000322357691738,2.35137866415e-08,3.00640562165e-10,1.4733984719e-07,4.77422097853e-11
1.44180775968e-05,0.99510475095,0.00458038112262,0.000300295164792,2.06838493921e-08,2.54116237785e-10,1.33707226163e-07,3.9769372691e-11
1.35322453695e-05,0.995270705382,0.0044358857719,0.000279736821386,1.81946754701e-08,2.14790215166e-10,1.21337231893e-07,3.31359441712e-11
1.27008157951e-05,0.99543065048,0.00429594167118,0.000260580705997,1.60052077161e-08,1.81549029112e-10,1.10112765115e-07,2.7615550764e-11
1.19204510035e-05,0.995584827639,0.00416040601471,0.000242731711515,1.40793392037e-08,1.53451398498e-10,9.99276062521e-08,2.30203083453e-11
1.1188017474e-05,0.995733467204,0.00402914043333,0.000226101125834,1.23853159235e-08,1.29701610186e-10,9.06854021271e-08,1.91942392534e-11
1.0500573584e-05,0.995876789039,0.00390201086037,0.000210606207746,1.08952116052e-08,1.09627015242e-10,8.22987473545e-08,1.60078217559e-11
9.85535790856e-06,0.996015003072,0.00377888740123,0.000196169790323,9.58446595683e-09,9.2659002483e-11,7.46883515324e-08,1.33534760071e-11
9.24977822725e-06,0.996148309802,0.00365964420672,0.000182719910082,8.43147865581e-09,7.83169123322e-11,6.77822841841e-08,1.11418246987e-11
8.68140119502e-06,0.996276900781,0.00354415934988,0.000170189460311,7.41725235517e-09,6.6194436867e-11,6.1515290159e-08,9.29859470547e-12
8.1479426389e-06,0.996400959067,0.00343231470636,0.000158515867043,6.5250787813e-09,5.59481219939e-11,5.58281688942e-08,7.76204922468e-12
7.64725844268e-06,0.996520659656,0.00332399583817,0.000147640786243,5.74026271752e-09,4.72876469991e-11,5.06672115554e-08,6.48085906192e-12
7.17733598481e-06,0.996636169883,0.00321909188085,0.000137509820876,5.0498792967e-09,3.99676068485e-11,4.59836906406e-08,5.41233752923e-12
6.73628609621e-06,0.996747649809,0.00311749543384,0.000128072256569,4.4425605795e-09,3.37805650239e-11,4.173339714e-08,4.52097648634e-12
6.3223355071e-06,0.996855252579,0.00301910245408,0.000119280814695,3.90830788151e-09,2.85511805404e-11,3.78762208048e-08,3.77723184767e-12
5.9338197533e-06,0.996959124764,0.0029238121527,0.000111091421763,3.43832674011e-09,2.41312431228e-11,3.43757694975e-08,3.15651579534e-12
5.56917651454e-06,0.997059406688,0.00283152689477,0.000103462994054,3.02488178728e-09,2.03954761619e-11,3.1199023973e-08,2.63836030974e-12
5.22693935861e-06,0.997156232725,0.00274215210201,9.63572365226e-05,2.66116912559e-09,1.72379887635e-11,2.83160247823e-08,2.20572272196e-12
4.90573186708e-06,0.997249731598,0.00265559615834,8.97384550543e-05,2.34120409443e-09,1.45692765373e-11,2.56995883011e-08,1.8444090312e-12
4.60426211931e-06,0.99734002664,0.00257177031829,8.35733811881e-05,2.05972256896e-09,1.23136862868e-11,2.33250491667e-08,1.54259489719e-12
4.32131751326e-06,0.997427236062,0.00249058861813,7.78310085148e-05,1.81209415898e-09,1.04072728658e-11,2.11700266602e-08,1.29042766479e-12
4.05575990265e-06,0.997511473192,0.00241196778962,7.24824399765e-05,1.59424587151e-09,8.79598756145e-12,1.92142128021e-08,1.07969563053e-12
3.80652103128e-06,0.997592846707,0.00233582717645,6.75007453597e-05,1.402594975e-09,7.4341467321e-12,1.74391801385e-08,9.03553121513e-13
3.57259824647e-06,0.997671460851,0.00226208865308,6.28608283126e-05,1.23398995498e-09,6.28313735784e-12,1.58282073826e-08,7.56291911278e-13
3.35305047473e-06,0.997747415643,0.0021906765461,5.85393022607e-05,1.0856585852e-09,5.31032286041e-12,1.43661212509e-08,6.33151115567e-13
3.14699444364e-06,0.997820807074,0.00212151755798,5.45143746361e-05,9.55162256245e-10,4.488118216e-12,1.3039152984e-08,5.30159051205e-13
2.95360113496e-06,0.997891727288,0.00205454069307,5.07657388709e-05,8.40355806949e-10,3.79320817373e-12,1.18348081882e-08,4.4400165147e-13
2.77209245505e-06,0.997960264763,0.00198967718594,4.72744736436e-05,7.39352195093e-10,3.20588644243e-12,1.07417487564e-08,3.71912951442e-13
2.60173810903e-06,0.998026504478,0.00192686043183,4.40229488967e-05,6.50491424059e-10,2.70949713167e-12,9.74968574625e-09,3.11583919325e-13
2.44185266664e-06,0.998090528066,0.00186602591924,4.09947381771e-05,5.72313212324e-10,2.28996262756e-12,8.84928219686e-09,2.61086541906e-13
2.2917928078e-06,0.998152413968,0.00180711116463,3.81745368809e-05,5.03532954689e-10,1.93538453039e-12,8.03206495919e-09,2.18810596522e-13
2.15095473706e-06,0.998212237575,0.00175005564906,3.55480860074e-05,4.43020578505e-10,1.63570634981e-12,7.29034470366e-09,1.83410976711e-13
2.01877175657e-06,0.998270071362,0.00169480075681,3.31021010582e-05,3.89781946045e-10,1.38242840186e-12,6.61714334465e-09,1.53763799463e-13
1.89471198789e-06,0.998325985016,0.00164128971587,3.08242057359e-05,3.429424962e-10,1.16836683035e-12,6.00612819329e-09,1.2892982132e-13
1.77827623352e-06,0.998380045559,0.0015894675403,2.87028701234e-05,3.01732855715e-10,9.87449924793e-13,5.45155221356e-09,1.08123939072e-13
1.66899596968e-06,0.998432317462,0.00153928097429,2.67273530439e-05,2.65476182692e-10,8.34545963239e-13,4.94819981533e-09,9.06897570861e-14
1.56643146216e-06,0.998482862756,0.00149067843803,2.4887648321e-05,2.3357703367e-10,7.05317701544e-13,4.49133767013e-09,7.60783746515e-14
1.4701699979e-06,0.998531741137,0.0014436099752,2.3174434679e-05,2.05511570802e-10,5.96099385309e-13,4.07667008381e-09,6.38306890099e-14
1.379824225e-06,0.998579010063,0.00139802720212,2.15790290375e-05,1.80818947699e-10,5.03792798806e-13,3.70029850313e-09,5.35626280301e-14
1.29503059473e-06,0.99862472485,0.00135388325844,2.00933429736e-05,1.59093732019e-10,4.25779404604e-13,3.35868477291e-09,4.49528247334e-14
1.21544789911e-06,0.998668938762,0.00131113275939,1.87098421381e-05,1.39979239955e-10,3.59846083494e-13,3.04861779582e-09,3.77323275858e-14
1.14075589832e-06,0.998711703096,0.00126973174948,1.74215084271e-05,1.23161672818e-10,3.04122369722e-13,2.76718327939e-09,3.16760084026e-14
1.07065403239e-06,0.998753067263,0.00122963765768,1.62218047236e-05,1.08364959153e-10,2.57027402269e-13,2.51173628391e-09,2.65953862106e-14
1.004860212e-06,0.998793078868,0.00119080925394,1.51046420351e-05,9.534621745e-11,2.17225088303e-13,2.2798763117e-09,2.23326324154e-14
9.43109683512e-07,0.998831783781,0.00115320660713,1.40643488667e-05,8.38917647396e-11,1.83586207644e-13,2.06942470212e-09,1.87555617337e-14
8.85153963773e-07,0.998869226207,0.00111679104419,1.30956426775e-05,7.38136053776e-11,1.5515638383e-13,1.87840411872e-09,1.5753445905e-14
8.307598403e-07,0.998905448756,0.0010815251107,1.21936032804e-05,6.49463422131e-11,1.31129013682e-13,1.70501993469e-09,1.32335143e-14
7.79708432897e-07,0.998940492506,0.00104737253251,1.13536480537e-05,5.71444593121e-11,1.10822387769e-13,1.5476433407e-09,1.11180281086e-14
7.31794312914e-07,0.998974397063,0.0010142981787,1.05715088412e-05,5.02799315226e-11,9.36603530442e-14,1.40479601565e-09,9.34183359471e-15
6.86824676618e-07,0.99900720062,0.000982268025644,9.84321042743e-06,4.42401215504e-11,7.91559692908e-14,1.27513621558e-09,7.85031556003e-15
6.44618569348e-07,0.999038940012,0.000951249122162,9.16505048065e-06,3.89259299532e-11,6.68976959162e-14,1.15744614938e-09,6.59768521661e-15
6.05006157341e-07,0.999069650772,0.000921209555837,8.53358086404e-06,3.42501676205e-11,5.6537717374e-14,1.05062052219e-09,5.54554754196e-15
5.67828044291e-07,0.999099367178,0.00089211842033,7.94559022263e-06,3.01361239739e-11,4.77820761221e-14,9.53656138388e-10,4.66170226346e-15
5.32934629913e-07,0.999128122302,0.00086394578373,7.39808775897e-06,2.65163073419e-11,4.03823332843e-14,8.65642466101e-10,3.91914018128e-15
5.00185507911e-07,0.999155948059,0.000836662657901,6.88828811706e-06,2.33313367985e-11,3.41285204985e-14,7.85753074172e-10,3.29520284818e-15
4.69448900949e-07,0.999182875251,0.000810240968786,6.41359729896e-06,2.05289672447e-11,2.88431830489e-14,7.13237860938e-10,2.77087888856e-15
4.40601130336e-07,0.999208933606,0.000784653527634,5.97159954399e-06,1.80632317088e-11,2.43763453274e-14,6.47416001489e-10,2.33021463141e-15
4.13526118306e-07,0.999234151822,0.00075987400314,5.56004510506e-06,1.58936867658e-11,2.06012558236e-14,5.87669546942e-10,1.95982039834e-15
3.88114920877e-07,0.999258557604,0.00073587689445,5.1768388609e-06,1.39847486738e-11,1.74107909525e-14,5.33437615422e-10,1.64845684914e-15
3.64265289425e-07,0.999282177703,0.000712637505012,4.82002970739e-06,1.230510932e-11,1.47144157113e-14,4.84211119998e-10,1.38668834299e-15
3.41881259198e-07,0.99930503795,0.000690131917254,4.48780067487e-06,1.08272223756e-11,1.24356149514e-14,4.39527983917e-10,1.16659240906e-15
3.20872763119e-07,0.999327163291,0.000668336968048,4.17845972186e-06,9.52685122061e-12,1.05097223997e-14,3.98968798052e-10,9.81516203425e-16
3.01155269324e-07,0.999348577818,0.000647230224949,3.8904311592e-06,8.38267120799e-12,8.88208584174e-15,3.62152879691e-10,8.25872319955e-16
2.82649440973e-07,0.999369304804,0.000626789963181,3.62224766148e-06,7.37591973629e-12,7.50651641921e-15,3.28734695529e-10,6.94967568428e-16
2.65280816974e-07,0.999389366728,0.000606995143339,3.37254282574e-06,6.49008838086e-12,6.34397804763e-15,2.984006152e-10,5.84859374462e-16
2.48979512324e-07,0.99940878531,0.0005878253898,3.14004424001e-06,5.71065202814e-12,5.36147977567e-15,2.70865964785e-10,4.92235326618e-16
2.3367993687e-07,0.999427581532,0.000569260969805,2.92356702698e-06,5.02483056397e-12,4.53113966169e-15,2.45872352566e-10,4.14312124165e-16
2.19320531354e-07,0.999445775671,0.0005512827732,2.72200783021e-06,4.42137920279e-12,3.82939360943e-15,2.23185241845e-10,3.48750788119e-16
2.05843519679e-07,0.999463387318,0.000533872292816,2.53433921272e-06,3.89040401454e-12,3.23632671678e-15,2.0259174801e-10,2.93585507759e-16
1.93194676402e-07,0.999480435408,0.000517011605466,2.3596044397e-06,3.42319962052e-12,2.73510816707e-15,1.83898639107e-10,2.47163921254e-16
1.8132310852e-07,0.999496938241,0.000500683353534,2.19691261915e-06,3.01210639342e-12,2.31151362945e-15,1.66930521106e-10,2.08096985949e-16
1.70181050662e-07,0.999512913503,0.00048487072715,2.04543417585e-06,2.65038481713e-12,1.95352161805e-15,1.51528190805e-10,1.75216892635e-16
1.5972367287e-07,0.999528378293,0.00046955744692,1.90439663602e-06,2.33210494395e-12,1.65097235714e-15,1.3754714087e-10,1.47541728275e-16
1.49908900196e-07,0.999543349136,0.000454727747202,1.77308070118e-06,2.05204913465e-12,1.39527947339e-15,1.24856202951e-10,1.24245801168e-16
1.4069724339e-07,0.999557842011,0.00044036635991,1.65081659159e-06,1.80562648496e-12,1.17918633477e-15,1.13336316127e-10,1.04634717984e-16
1.32051639981e-07,0.999571872364,0.00042645849882,1.53698064075e-06,1.58879753406e-12,9.96560122511e-16,1.02879409083e-10,8.81244491066e-17
1.23937305141e-07,0.999585455131,0.000412989844382,1.43099212374e-06,1.39800801932e-12,8.42217792913e-16,9.33873855287e-11,7.42237418847e-17
1.16321591704e-07,0.999598604753,0.000399946528997,1.33231030339e-06,1.23013059039e-12,7.11778990796e-16,8.47712033048e-11,6.25193445998e-17
1.09173858795e-07,0.999611335194,0.000387315122769,1.24043167934e-06,1.08241352593e-12,6.01541740916e-16,7.69500385349e-11,5.26635904797e-17
1.02465348526e-07,0.999623659957,0.000375082619694,1.15488742614e-06,9.52435611654e-13,5.08377390037e-16,6.98505269576e-11,4.43639636022e-17
9.61690702771e-08,0.999635592101,0.000363236424299,1.07524100731e-06,8.38066439315e-13,4.2964181855e-16,6.34060753134e-11,3.73743293418e-17
9.02596920878e-08,0.999647144257,0.000351764338683,1.00108595344e-06,7.3743147522e-13,3.6310040216e-16,5.75562363151e-11,3.1487563005e-17
8.47134387197e-08,0.99965832864,0.000340654549985,9.32043792985e-07,6.48881325219e-13,3.06864594293e-16,5.22461413277e-11,2.65293530631e-17
7.95079959887e-08,0.999669157064,0.000329895618231,8.67762125212e-07,5.70964691944e-13,2.59338329666e-16,4.74259854296e-11,2.23529912671e-17
7.46224209743e-08,0.999679640957,0.000319476464574,8.07912825757e-07,5.02404580675e-13,2.19172728073e-16,4.30505600147e-11,1.88349920263e-17
7.00370577487e-08,0.999689791373,0.000309386359901,7.52190375472e-07,4.42077363532e-13,1.85227813013e-16,3.9078828547e-11,1.58714086857e-17
6.5733458284e-08,0.999699619007,0.000299614913799,7.00310304217e-07,3.88994358572e-13,1.56540158835e-16,3.54735414824e-11,1.33747355313e-17
6.16943082212e-08,0.999709134202,0.000290152063868,6.52007741679e-07,3.42285621651e-13,1.32295548258e-16,3.22008867387e-11,1.12713021416e-17
5.79033572008e-08,0.999718346966,0.000280988065372,6.07036067853e-07,3.01185685225e-13,1.11805864376e-16,2.92301724341e-11,9.49908163374e-18
5.43453534752e-08,0.999727266981,0.000272113481215,5.65165656362e-07,2.65021010177e-13,9.44895613464e-17,2.6533538912e-11,8.00584689208e-18
5.10059825399e-08,0.999735903615,0.000263519172237,5.26182704225e-07,2.33198944893e-13,7.98551595651e-17,2.40856973501e-11,6.74761939242e-18
4.78718095361e-08,0.99974426593,0.000255196287807,4.8988814214e-07,2.05198010505e-13,6.7487296928e-17,2.18636924969e-11,5.68736407531e-18
4.49302251931e-08,0.999752362696,0.000247136256723,4.56096619747e-07,1.80559353013e-13,5.70349403337e-17,1.98466873102e-11,4.79389114725e-18
4.21693950928e-08,0.999760202398,0.000239330778392,4.24635560716e-07,1.5887922209e-13,4.82014228725e-17,1.80157674735e-11,4.04093192496e-18
3.95782120525e-08,0.999767793247,0.000231771814289,3.95344282868e-07,1.39802353255e-13,4.07360239634e-17,1.63537639565e-11,3.40636107791e-18
3.71462514341e-08,0.999775143186,0.000224451579688,3.68073178856e-07,1.23016144902e-13,3.44268534846e-17,1.48450919531e-11,2.87154202637e-18
3.48637291995e-08,0.999782259904,0.000217362535653,3.42682953232e-07,1.0824553469e-13,2.90948379504e-17,1.34756046849e-11,2.4207759515e-18
3.27214625438e-08,0.999789150841,0.000210497381278,3.19043912045e-07,9.52484913171e-14,2.45886380611e-17,1.22324606984e-11,2.04083798309e-18
3.07108329483e-08,0.999795823197,0.000203849046175,2.97035301334e-07,8.38120477274e-14,2.07803533839e-17,1.110400341e-11,1.72058674325e-18
2.88237515035e-08,0.999802283938,0.000197410683201,2.76544691173e-07,7.37488107482e-14,1.75618922616e-17,1.00796517675e-11,1.45063562095e-18
2.70526263636e-08,0.999808539809,0.000191175661408,2.5746740212e-07,6.4893889912e-14,1.48419039258e-17,9.1498010033e-12,1.22307599879e-18
2.53903322008e-08,0.999814597336,0.00018513755922,2.39705971162e-07,5.71021951249e-14,1.2543185744e-17,8.30573254648e-12,1.03124420562e-18
2.38301815369e-08,0.999820462835,0.000179290157826,2.2316965444e-07,5.02460588759e-14,1.06004920165e-17,7.53953224925e-12,8.6952527434e-19
2.23658978368e-08,0.999826142418,0.000173627434778,2.07773964215e-07,4.42131440092e-14,8.95868213428e-18,6.8440161597e-12,7.33187681552e-19
2.09915902554e-08,0.999831642004,0.000168143557793,1.93440237721e-07,3.89046027618e-14,7.57115554015e-18,6.2126631447e-12,6.18244169277e-19
1.97017299363e-08,0.999836967319,0.00016283287875,1.80095235729e-07,3.42334568871e-14,6.39852907476e-18,5.63955373059e-12,5.21334525187e-19
1.84911277674e-08,0.999842123905,0.000157689927877,1.67670768741e-07,3.01231723146e-14,5.40751916929e-18,5.11931458771e-12,4.39626851148e-19
1.73549135031e-08,0.999847117129,0.00015270940812,1.56103348949e-07,2.65064049777e-14,4.56999715882e-18,4.64706813795e-12,3.70734399242e-19
1.62885161697e-08,0.999851952184,0.000147886189691,1.45333866167e-07,2.33238972572e-14,3.86219090483e-18,4.21838681246e-12,3.12645516767e-19
1.5287645675e-08,0.999856634096,0.000143215304787,1.35307286079e-07,2.0523506947e-14,3.26401006724e-18,3.82925153034e-12,2.63664630675e-19
1.4348275548e-08,0.999861167733,0.000138691942479,1.25972369291e-07,1.80593528311e-14,2.75847587582e-18,3.47601400884e-12,2.22362529188e-19
1.34666267391e-08,0.999865557805,0.000134311443755,1.17281409731e-07,1.5891062864e-14,2.33123921667e-18,3.15536255132e-12,1.8753447379e-19
1.26391524161e-08,0.999869808871,0.000130069296726,1.09189991072e-07,1.39831126345e-14,1.97017335586e-18,2.86429099216e-12,1.58164906586e-19
1.18625236946e-08,0.999873925346,0.000125961131983,1.01656759948e-07,1.23042432693e-14,1.66502974095e-18,2.60007050718e-12,1.33397713115e-19
1.11336162448e-08,0.999877911503,0.000121982718096,9.46432147901e-08,1.08269492377e-14,1.4071471109e-18,2.36022402519e-12,1.12511164952e-19
1.04494977218e-08,0.999881771478,0.000118129957258,8.81135092147e-08,9.52702766107e-15,1.18920565846e-18,2.14250300065e-12,9.48968046492e-20
9.80741596814e-09,0.999885509275,0.000114398881068,8.20342689653e-08,8.38318174348e-15,1.00501926719e-18,1.94486632939e-12,8.00416519645e-20
9.20478794155e-09,0.999889128773,0.000110785646443,7.6374421467e-08,7.37667182153e-15,8.49359926547e-19,1.76546120994e-12,6.75132083016e-20
8.6391893226e-09,0.999892633723,0.000107286531664,7.11050371291e-08,6.49100831702e-15,7.17809341075e-19,1.60260577055e-12,5.69468187836e-20
8.10834476149e-09,0.999896027758,0.00010389793254,6.61991815863e-08,5.71168155945e-15,6.06633522245e-19,1.45477329935e-12,4.80350208474e-20
7.61011872395e-09,0.999899314398,0.000100616358703,6.16317781232e-08,5.0259240511e-15,5.12676803267e-19,1.32057792938e-12,4.05185667433e-20
7.14250689966e-09,0.999902497047,9.74384300071e-05,5.7379479583e-08,4.42250127891e-15,4.33272268776e-19,1.19876164451e-12,3.41788565839e-20
6.7036281387e-09,0.999905579002,9.43608730552e-05,5.34205491047e-08,3.89152764504e-15,3.66166057069e-19,1.08818248416e-12,2.88315600726e-20
6.2917168835e-09,0.999908563455,9.13805178232e-05,4.97347490817e-08,3.42430449988e-15,3.09453386334e-19,9.87803836362e-13,2.43212399864e-20
5.90511606577e-09,0.999911453496,8.84942943984e-05,4.63032377759e-08,3.01317762343e-15,2.61524489108e-19,8.96684718664e-13,2.05168199168e-20
5.54227044005e-09,0.999914252119,8.56992298178e-05,4.31084730578e-08,2.65141181959e-15,2.21018920356e-19,8.13970955706e-13,1.7307763563e-20
5.20172032676e-09,0.999916962218,8.29924450071e-05,4.01341227839e-08,2.33308056851e-15,1.86786942311e-19,7.38887170796e-13,1.4600853758e-20
4.88209573992e-09,0.9999195866,8.03711518155e-05,3.7364981352e-08,2.05296892885e-15,1.57856890009e-19,6.70729516343e-13,1.23174769958e-20
4.58211087554e-09,0.99992212798,7.78326501452e-05,3.47868920106e-08,1.80648809887e-15,1.33407591255e-19,6.08859074972e-13,1.03913340547e-20
4.3005589388e-09,0.999924588987,7.53743251706e-05,3.23866745233e-08,1.58960023643e-15,1.12745058183e-19,5.52695869453e-13,8.76650979476e-21
4.03630728912e-09,0.999926972166,7.29936446456e-05,3.01520578223e-08,1.39875230601e-15,9.52827888256e-20,5.0171342527e-13,7.39584572962e-21
3.78829288347e-09,0.999929279983,7.06881562965e-05,2.80716173042e-08,1.23081786884e-15,8.0525119592e-20,4.5543383483e-13,6.23956783989e-21
3.55551799975e-09,0.999931514824,6.84554852959e-05,2.613471645e-08,1.08304586238e-15,6.80531561151e-20,4.13423277039e-13,5.26412956208e-21
3.33704622297e-09,0.999933678999,6.62933318175e-05,2.433145247e-08,9.53015529857e-16,5.75128831392e-20,3.75287950227e-13,4.44123618438e-21
3.13199867805e-09,0.999935774746,6.41994686678e-05,2.2652605698e-08,8.38596761443e-16,4.86051159562e-20,3.40670380286e-13,3.74702218412e-21
2.93955049411e-09,0.999937804232,6.21717389922e-05,2.10895924736e-08,7.37915197237e-16,4.10770081717e-20,3.09246069405e-13,3.16135751245e-21
2.75892748605e-09,0.999939769552,6.02080540539e-05,1.96344212746e-08,6.4932152033e-16,3.47148747556e-20,2.80720453977e-13,2.66726259968e-21
2.58940304e-09,0.99994167274,5.8306391083e-05,1.82796518744e-08,5.71364436807e-16,2.93381266668e-20,2.54826143147e-13,2.25041502986e-21
2.43029519023e-09,0.99994351576,5.64647911929e-05,1.7018357316e-08,5.02766899997e-16,2.47941448892e-20,2.31320412128e-13,1.89873350996e-21
2.28096387557e-09,0.999945300517,5.46813573634e-05,1.58440885077e-08,4.42405189428e-16,2.09539483843e-20,2.09982926755e-13,1.60202701474e-21
2.14080836455e-09,0.999947028856,5.29542524867e-05,1.47508412618e-08,3.89290501729e-16,1.77085329966e-20,1.90613677962e-13,1.35169889005e-21
2.00926483864e-09,0.99994870256,5.12816974753e-05,1.37330256048e-08,3.42552751852e-16,1.49657773947e-20,1.73031106811e-13,1.14049730022e-21
1.88580412406e-09,0.999950323359,4.96619694301e-05,1.27854372057e-08,3.01426319239e-16,1.26478282253e-20,1.57070402491e-13,9.62304756526e-22
1.769929563e-09,0.999951892927,4.80933998657e-05,1.19032307742e-08,2.65237505387e-16,1.06888902583e-20,1.42581957323e-13,8.11960602626e-22
1.66117501552e-09,0.999953412884,4.65743729919e-05,1.1081895293e-08,2.33393497343e-16,9.03335879827e-21,1.29429964304e-13,6.851112933e-22
1.5591029844e-09,0.999954884799,4.51033240498e-05,1.03172309598e-08,2.05372656301e-16,7.6342413518e-21,1.17491144019e-13,5.78084112464e-22
1.46330285506e-09,0.999956310194,4.36787377003e-05,9.60532771796e-09,1.80715972199e-16,6.45182374915e-21,1.06653589005e-13,4.87780658861e-22
1.37338924376e-09,0.999957690538,4.2299146463e-05,8.94254526955e-09,1.59019544333e-16,5.45254286033e-21,9.68157147159e-14,4.11587003396e-22
1.28900044719e-09,0.999959027256,4.09631292052e-05,8.32549446574e-09,1.39927964768e-16,4.60803390685e-21,8.78853072638e-14,3.47297907291e-22
1.20979698741e-09,0.999960321729,3.96693096778e-05,7.75101998147e-09,1.23128496181e-16,3.89432532798e-21,7.97786590072e-14,2.93052899327e-22
1.13546024617e-09,0.999961575293,3.84163550981e-05,7.21618418492e-09,1.08345948726e-16,3.29115834781e-21,7.24197838775e-14,2.47282355413e-22
1.06569118312e-09,0.999962789241,3.72029747772e-05,6.71825211966e-09,9.53381720121e-17,2.78141192938e-21,6.57397050932e-14,2.08662014609e-22
1.00020913286e-09,0.999963964826,3.60279187902e-05,6.25467752268e-09,8.3892088321e-17,2.35061679321e-21,5.96758085804e-14,1.7607461099e-22
