0.0 0.0,0.0 1.0,0.0 2.0,0.0 3.0,0.0 4.0,1.0 0.0,1.0 1.0,1.0 2.0,1.0 3.0,1.0 4.0,2.0 0.0,2.0 1.0,2.0 2.0,2.0 3.0,2.0 4.0,3.0 0.0,3.0 1.0,3.0 2.0,3.0 3.0,3.0 4.0,4.0 0.0,4.0 1.0,4.0 2.0,4.0 3.0,4.0 4.0,other
0.04,0.04,0.04,0.04,0.04,0.04,0.04,0.04,0.04,0.04,0.04,0.04,0.04,0.04,0.04,0.04,0.04,0.04,0.04,0.04,0.04,0.04,0.04,0.04,0.04,0.0
0.0386217948718,0.0386217948718,0.0386217948718,0.0386217949578,0.0386218053256,0.0386217948718,0.0386217948718,0.0386217948718,0.0386217948718,0.0386217948718,0.0386217948718,0.0386217948718,0.0386217948718,0.0386217948718,0.0386217948718,0.0386217948718,0.0386217948718,0.0386217948718,0.0386217948718,0.0386217948718,0.0386217948789,0.0386219504218,0.0386218076401,0.0389030358474,0.0727955032361,0.0
0.0362936253126,0.0362936253128,0.0362936253126,0.0362936255526,0.0362936514467,0.0362936253126,0.0362936253126,0.0362936253126,0.0362936253126,0.0362936253126,0.0362936253126,0.0362936253126,0.0362936253126,0.0362936253126,0.0362936253126,0.0362936253126,0.0362936253126,0.0362936253126,0.0362936253126,0.0362936253126,0.0362936253412,0.0362941135973,0.0362936571814,0.0368696888108,0.128376382443,0.0
0.0326682601375,0.0326682601393,0.0326682601376,0.0326682608046,0.0326683182872,0.0326682601375,0.0326682601375,0.0326682601375,0.0326682601375,0.0326682601375,0.0326682601375,0.0326682601375,0.0326682601375,0.0326682601375,0.0326682601375,0.0326682601375,0.0326682601375,0.0326682601375,0.0326682601375,0.0326682601375,0.0326682603126,0.0326699983894,0.032668330821,0.0335550221946,0.215073126713,0.0
0.0276948029948,0.0276948030459,0.0276948029955,0.0276948058426,0.0276949641747,0.0276948029948,0.0276948029948,0.0276948029948,0.0276948029948,0.0276948029948,0.0276948029948,0.0276948029948,0.0276948029948,0.0276948029948,0.0276948029948,0.0276948029948,0.0276948029948,0.0276948029948,0.0276948029948,0.0276948029948,0.0276948060873,0.0277066243793,0.0276949977008,0.0289202489052,0.334087098952,0.0
0.0219868817629,0.0219868871855,0.0219868817785,0.0219869046491,0.0219875575947,0.0219868817575,0.0219868817575,0.0219868817575,0.0219868817575,0.0219868817575,0.0219868817575,0.0219868817575,0.0219868817575,0.0219868817575,0.0219868817575,0.0219868817575,0.0219868817575,0.0219868817575,0.0219868817575,0.0219868817575,0.0219870559612,0.0221705335563,0.0219876904586,0.0236166172282,0.470499763462,0.0
0.0174827991457,0.0174837220394,0.017482796213,0.0174830169895,0.0174860053711,0.0174827953588,0.0174827953588,0.0174827953588,0.0174827953588,0.0174827953588,0.0174827953588,0.0174827953588,0.0174827953588,0.0174827953588,0.0174827953588,0.0174827953588,0.0174827953588,0.0174827953588,0.0174827953588,0.0174827953588,0.0174974339451,0.0211880246212,0.0174866159375,0.0195431459253,0.57462450943,0.0
0.0162526097757,0.0162677311679,0.0162524284952,0.0162529619583,0.0162578996894,0.0162524234551,0.0162524234551,0.0162524234551,0.0162524234551,0.0162524234551,0.0162524234551,0.0162524234551,0.0162524234551,0.0162524234551,0.0162524234551,0.0162524234551,0.0162524234551,0.0162524234551,0.0162524234551,0.0162524234551,0.0164137534973,0.0337953371162,0.0162593412934,0.0184274122319,0.590034172949,0.0
0.0154153452361,0.0154433063929,0.0154149368262,0.0154156083332,0.015421188614,0.0154149290734,0.0154149290734,0.0154149290734,0.0154149290734,0.0154149290734,0.0154149290734,0.0154149290734,0.0154149290734,0.0154149290734,0.0154149290734,0.0154149290734,0.0154149290734,0.0154149290734,0.0154149290734,0.0154149290734,0.0157763852291,0.0570435813139,0.0154240077792,0.0176132162945,0.58580848788,0.0
0.0145837361988,0.0146170495284,0.0145831989087,0.0145838822515,0.0145893571278,0.0145831903973,0.0145831903973,0.0145831903973,0.0145831903973,0.0145831903973,0.0145831903973,0.0145831903973,0.0145831903973,0.0145831903973,0.0145831903973,0.0145831903973,0.0145831903973,0.0145831903973,0.0145831903973,0.0145831903973,0.0151750138988,0.0969814006197,0.0145936846497,0.0167313340046,0.564813486852,0.0
0.0135737740904,0.0136058918428,0.013573234798,0.0135738630056,0.0135788563439,0.0135732268138,0.0135732268138,0.0135732268138,0.0135732268138,0.0135732268138,0.0135732268138,0.0135732268138,0.0135732268138,0.0135732268138,0.0135732268138,0.0135732268138,0.0135732268138,0.0135732268138,0.0135732268138,0.0135732268138,0.0144096510085,0.161924265767,0.0135842947066,0.0155829824931,0.522994783737,0.0
0.0122618703758,0.0122897292504,0.0122613986798,0.0122619400043,0.0122662397515,0.0122613917838,0.0122613917838,0.0122613917838,0.0122613917838,0.0122613917838,0.0122613917838,0.0122613917838,0.0122613917838,0.0122613917838,0.0122613917838,0.0122613917838,0.0122613917838,0.0122613917838,0.0122613917838,0.0122613917838,0.0133357464899,0.258517941961,0.0122720213661,0.0140286035916,0.456583631772,0.0
0.0106503416752,0.0106726621399,0.0106499635146,0.0106503970894,0.0106538409174,0.0106499579908,0.0106499579908,0.0106499579908,0.0106499579908,0.0106499579908,0.0106499579908,0.0106499579908,0.0106499579908,0.0106499579908,0.0106499579908,0.0106499579908,0.0106499579908,0.0106499579908,0.0106499579908,0.0106499579908,0.0119333062393,0.383652362549,0.0106591391053,0.0120817304857,0.368646886423,0.0
0.00893700782233,0.00895343011608,0.00893672958521,0.00893704858643,0.00893958237096,0.00893672552111,0.00893672552111,0.00893672552111,0.00893672552111,0.00893672552111,0.00893672552111,0.00893672552111,0.00893672552111,0.00893672552111,0.00893672552111,0.00893672552137,0.00893672552478,0.00893672552111,0.00893672552111,0.00893672552112,0.0103923555655,0.519013401307,0.00894383052448,0.00999583325149,0.27289989805,0.0
0.00741303670122,0.00742421259913,0.00741284735186,0.00741306444241,0.00741478876399,0.00741284458615,0.00741284458649,0.00741284458611,0.00741284458611,0.00741284458611,0.00741284458611,0.00741284458611,0.00741284458611,0.00741284458611,0.00741284458611,0.00741293257392,0.00741366629048,0.00741284461473,0.00741284485338,0.00741284529493,0.00901546838647,0.639982050561,0.00741785108881,0.00813538945857,0.187177711157,0.0
0.00726881100915,0.00727949039816,0.00726863007197,0.00726883751789,0.00727048523345,0.00726862743088,0.00726862744065,0.00726862742909,0.00726862742909,0.00726862742909,0.00726862742909,0.00726862742909,0.00726862742909,0.00726862742909,0.00726862742909,0.00806672689725,0.0123615898808,0.00726874858103,0.00726940051029,0.00727032704674,0.00887473955536,0.645562955608,0.0072734208366,0.00795913724637,0.179050425303,0.0
0.0071855048175,0.00719589741804,0.00718532873927,0.00718553061436,0.00718713408153,0.00718532617019,0.00718532618629,0.00718532616737,0.00718532616737,0.00718532616737,0.00718532616737,0.00718532616737,0.00718532616737,0.00718532616737,0.00718532616737,0.00880191911077,0.0213203798097,0.00718555911756,0.00718689903363,0.00718874985707,0.00877530935388,0.642345910766,0.00718999421498,0.00785731901772,0.174355302353,0.0
0.00709866537827,0.00710875902685,0.00709849436509,0.00709869043307,0.00710024777514,0.00709849187061,0.00709849189182,0.00709849186716,0.00709849186717,0.00709849186717,0.00709849186716,0.00709849186716,0.00709849186716,0.00709849186716,0.00709849186716,0.00942565925765,0.0372167014554,0.00709882006065,0.0071009307835,0.00710375791538,0.00865589192114,0.632593761577,0.00710302741216,0.00775117163646,0.169460502302,0.0
0.00698395767865,0.00699365643647,0.00698379335597,0.00698398175324,0.00698547816789,0.00698379095945,0.00698379098445,0.00698379095577,0.00698379095577,0.00698379095578,0.00698379095577,0.00698379095577,0.00698379095577,0.00698379095577,0.00698379095577,0.00978231038354,0.0654043143608,0.00698418872999,0.0069872289961,0.00699114802255,0.00848540973908,0.61300321711,0.00698814988011,0.00761094804176,0.162994307754,0.0
0.00681029095945,0.00681939185519,0.00681013676614,0.00681031355001,0.00681171772093,0.00681013451748,0.00681013454427,0.00681013451389,0.0068101345139,0.00681013451391,0.00681013451389,0.00681013451389,0.00681013451389,0.00681013451389,0.00681013451389,0.00973372405782,0.114330881829,0.00681056370532,0.00681484295114,0.00682008381623,0.00822034728609,0.577689507592,0.00681422499156,0.00739863890239,0.153203988844,0.0
0.00654067849493,0.00654885122741,0.00654054002716,0.00654069878156,0.00654195974681,0.00654053800785,0.00654053803369,0.00654053800461,0.00654053800462,0.00654053800462,0.00654053800461,0.00654053800461,0.00654053800461,0.00654053800461,0.00654053800461,0.00925488334779,0.193791382233,0.00654095121267,0.00654718076816,0.0065542703941,0.0078070223793,0.519768549421,0.00654421134574,0.00706902649185,0.138004414049,0.0
0.00615667295436,0.00616352371595,0.00615655688429,0.00615668995955,0.00615774695883,0.00615655519161,0.00615655521389,0.0061565551889,0.0061565551889,0.00615655518891,0.0061565551889,0.0061565551889,0.0061565551889,0.0061565551889,0.0061565551889,0.00844351213762,0.30793402588,0.00615691025577,0.00616728345687,0.00617779253328,0.00721818243598,0.436430680111,0.00615963435438,0.00659955953106,0.116355676914,0.0
0.00569165648683,0.00569690639068,0.00569156753953,0.00569166951831,0.00569247952236,0.00569156624239,0.00569156625959,0.00569156624031,0.00569156624031,0.00569156624032,0.00569156624031,0.00569156624031,0.00569156624031,0.00569156624031,0.00569156624031,0.0074447312462,0.446240621199,0.00569183996106,0.00571497776486,0.00573439954823,0.00650511681232,0.335423578692,0.0056939258791,0.00603105129455,0.0901398157209,0.0
0.00523420341514,0.00523787849888,0.00523414114947,0.00523421253756,0.00523477956369,0.00523414024144,0.0052341402535,0.00523414023998,0.00523414023999,0.00523414023999,0.00523414023998,0.00523414023998,0.00523414023998,0.00523414023998,0.00523414023998,0.00646142318285,0.582210794195,0.0052343320626,0.00530616156155,0.00535300980242,0.00580364904647,0.236056086129,0.00523579205503,0.00547178955977,0.064350344826,0.0
0.00487971102481,0.00488216573911,0.00487966943544,0.00487971711798,0.00488009585416,0.00487966882893,0.00487966883699,0.00487966882796,0.00487966882796,0.00487966882796,0.00487966882796,0.00487966882796,0.00487966882796,0.00487966882796,0.00487966882796,0.00569941360835,0.687267120016,0.00487979697954,0.0051184773775,0.00523894631823,0.00526006326586,0.159053553226,0.0048807721318,0.00503840294982,0.0443654066659,0.0
0.00465702115868,0.00465870924466,0.00465699255803,0.00465702534891,0.00465728580253,0.00465699214094,0.00465699214648,0.00465699214027,0.00465699214027,0.00465699214027,0.00465699214027,0.00465699214027,0.00465699214027,0.00465699214027,0.00465699214027,0.00522072362358,0.752613069603,0.00465708027386,0.00527858437118,0.00553905111881,0.00491858613401,0.11068105071,0.00465775087286,0.00476615223525,0.0318109955347,0.0
0.00452398814685,0.00452521825566,0.00452396730555,0.00452399120027,0.00452418099291,0.00452396700161,0.00452396700565,0.00452396700112,0.00452396700113,0.00452396700113,0.00452396700112,0.00452396700112,0.00452396700112,0.00452396700112,0.00452396700112,0.00493475832284,0.790796337325,0.00452403122561,0.00574011226525,0.00620629070578,0.00471459063071,0.0817837334806,0.00452451988982,0.00460351199844,0.0243110982382,0.0
0.00443907119835,0.00444000897353,0.00443905530995,0.00443907352613,0.00443921821482,0.00443905507825,0.00443905508133,0.00443905507788,0.00443905507788,0.00443905507788,0.00443905507788,0.00443905507788,0.00443905507788,0.00443905507788,0.00443905507788,0.0047522224194,0.814246925603,0.00443910404022,0.0064229605667,0.00716631043078,0.00458437726931,0.0633381464382,0.00443947657335,0.00449969631821,0.0195238023351,0.0
0.00438074914833,0.00438148614502,0.00438073666165,0.00438075097773,0.00438086468844,0.00438073647956,0.00438073648198,0.00438073647926,0.00438073647926,0.00438073647927,0.00438073647926,0.00438073647926,0.00438073647926,0.00438073647926,0.00438073647926,0.00462685441781,0.829377577814,0.00438077495917,0.00729252332218,0.00840060329624,0.00449494506159,0.0506694805329,0.00438106773218,0.00442839437669,0.0162358260702,0.0
0.00433843707003,0.00433902840388,0.00433842705127,0.00433843853786,0.00433852977435,0.00433842690516,0.0043384269071,0.00433842690493,0.00433842690493,0.00433842690493,0.00433842690493,0.00433842690493,0.00433842690493,0.00433842690493,0.00433842690493,0.00453590115557,0.839303614906,0.00433845777982,0.00834365758951,0.00992689922963,0.00443006286739,0.0414784870142,0.00433869268775,0.00437666551373,0.0138504313676,0.0
0.00430651230572,0.00430699373592,0.00430650414901,0.00430651350074,0.00430658778027,0.00430650403006,0.00430650403164,0.00430650402987,0.00430650402987,0.00430650402987,0.00430650402987,0.00430650402987,0.00430650402987,0.00430650402987,0.00430650402987,0.0044672762716,0.845638228674,0.00430652916668,0.00958601528136,0.0117838828587,0.00438110878994,0.0345438169698,0.00430672041505,0.00433763571835,0.0120506340819,0.0
0.004281727647,0.00428212375396,0.0042817209359,0.00428172863023,0.0042817897453,0.00428172083803,0.00428172083933,0.00428172083787,0.00428172083787,0.00428172083787,0.00428172083787,0.00428172083787,0.00428172083787,0.00428172083787,0.00428172083787,0.00441399962676,0.84926898349,0.00428174151992,0.0110376506083,0.0140255047251,0.00434310349442,0.0291601145671,0.00428189887339,0.00430733509817,0.0106533689042,0.0
0.00426207195225,0.00426240039286,0.0042620663876,0.00426207276752,0.00426212344239,0.00426206630645,0.00426206630753,0.00426206630632,0.00426206630632,0.00426206630632,0.00426206630632,0.00426206630632,0.00426206630632,0.00426206630632,0.00426206630632,0.00437174810815,0.850698730176,0.00426208345545,0.0127223227156,0.0167194590085,0.00431296305568,0.0248905213373,0.00426221392829,0.00428330492095,0.00954525528716,0.0
0.0042462278659,0.00424650176192,0.00424622322537,0.00424622854577,0.004246270805,0.0042462231577,0.0042462231586,0.00424622315759,0.00424622315759,0.00424622315759,0.00424622315759,0.00424622315759,0.00424622315759,0.00424622315759,0.00424622315759,0.00433768995257,0.850206943382,0.00424623745889,0.0146682460417,0.0199473429186,0.00428866741413,0.0214488824279,0.00424634626378,0.00426393464646,0.00865202571347,0.0
0.00423329289395,0.00423352226026,0.00423328900788,0.00423329346329,0.00423332885206,0.00423328895121,0.00423328895196,0.00423328895112,0.00423328895112,0.00423328895112,0.00423328895112,0.00423328895112,0.00423328895112,0.00423328895112,0.00423328895112,0.00430988517562,0.847932031602,0.00423330092746,0.0169073710451,0.0238054897658,0.00426883266728,0.0186391588673,0.00423339204284,0.00424812092572,0.00792280099112,0.0
0.00422262593369,0.0042228185781,0.00422262266978,0.00422262641188,0.00422265613485,0.00422262262218,0.00422262262282,0.00422262262211,0.00422262262211,0.00422262262211,0.00422262262211,0.00422262262211,0.00422262262211,0.00422262262211,0.00422262262211,0.00428695567471,0.843916272416,0.00422263268114,0.0194747828355,0.0284059864797,0.00425247573529,0.0163220908675,0.00422270920869,0.00423507997511,0.00732143817649,0.0
0.00421375789028,0.00421392000572,0.00421375514361,0.00421375829269,0.00421378330536,0.00421375510356,0.00421375510409,0.00421375510349,0.00421375510349,0.00421375510349,0.00421375510349,0.00421375510349,0.00421375510349,0.00421375510349,0.00421375510349,0.00426789309225,0.838132066382,0.00421376356856,0.0224079912042,0.0338775429827,0.00423887729867,0.0143957820498,0.00421382796842,0.00422423830018,0.00682149147989,0.0
0.00420633706424,0.00420647363287,0.0042063347504,0.00420633740323,0.00420635847431,0.00420633471666,0.00420633471711,0.0042063347166,0.0042063347166,0.0042063347166,0.0042063347166,0.0042063347166,0.0042063347166,0.0042063347166,0.0042063347166,0.00425194142154,0.830498646722,0.00420634184782,0.0257459539058,0.0403658975575,0.00422749805436,0.0127838365539,0.00420639609918,0.00421516592888,0.00640313341704,0.0
0.00420009439854,0.00420020947628,0.00420009244882,0.00420009468419,0.00420011243946,0.00420009242039,0.00420009242077,0.00420009242034,0.00420009242034,0.00420009242034,0.00420009242034,0.00420009242034,0.00420009242034,0.00420009242034,0.00420009242034,0.00423852230258,0.820894141787,0.00420009842947,0.0295277008245,0.0480333998962,0.00421792542489,0.0114278100436,0.00420014414356,0.00420753392423,0.00605119557247,0.0
0.0041948205772,0.00419491749937,0.00419481893508,0.00419482081778,0.00419483577184,0.00419481891113,0.00419481891145,0.00419481891109,0.0041948189111,0.0041948189111,0.00419481891109,0.00419481891109,0.00419481891109,0.00419481891109,0.00419481891109,0.00422718579353,0.809165897642,0.00419482397227,0.0337904416821,0.0570573483163,0.00420983844087,0.0102822350759,0.00419486247405,0.00420108638635,0.00575387750363,0.0
0.00419035046673,0.00419043200017,0.00419034908533,0.00419035066911,0.00419036324885,0.00419034906519,0.00419034906546,0.00419034906516,0.00419034906516,0.00419034906516,0.00419034906516,0.00419034906516,0.00419034906516,0.00419034906516,0.00419034906516,0.00421757692655,0.795140973213,0.00419035332285,0.0385670619603,0.0676265963131,0.00420298388333,0.00931124150103,0.00419038571144,0.00419562143234,0.00550186961382,0.0
0.00418655225588,0.00418662071366,0.00418655109602,0.0041865524258,0.00418656298811,0.0041865510791,0.00418655107933,0.00418655107908,0.00418655107908,0.00418655107908,0.00418655107908,0.00418655107908,0.00418655107908,0.00418655107908,0.00418655107908,0.00420941236259,0.778638154498,0.00418655465405,0.043882954175,0.0799359163417,0.00419715963021,0.00848619739945,0.00418658184834,0.00419097792403,0.00528774089648,0.0
0.00418331968502,0.00418337701442,0.00418331871371,0.00418331982732,0.00418332867264,0.00418331869954,0.00418331869973,0.00418331869952,0.00418331869952,0.00418331869952,0.00418331869952,0.00418331869952,0.00418331869952,0.00418331869952,0.00418331869952,0.00420246368792,0.759482408277,0.00418332169344,0.0497522061989,0.0941776539433,0.00419220274086,0.00778402118658,0.00418334446698,0.00418702599649,0.00510550089977,0.0
0.00418056635582,0.00418061420665,0.0041805655451,0.0041805664746,0.00418057385747,0.00418056553328,0.00418056553344,0.00418056553326,0.00418056553327,0.00418056553327,0.00418056553326,0.00418056553326,0.00418056553326,0.00418056553326,0.00418056553326,0.00419654518227,0.737522241425,0.00418056803226,0.0561732829574,0.110530367639,0.00418798073034,0.007185945724,0.00418058704045,0.0041836602963,0.00495027920066,0.0
0.0041782214718,0.00417826125018,0.00417822079785,0.00417822157054,0.00417822770792,0.00417822078802,0.00417822078816,0.00417822078801,0.00417822078802,0.00417822078803,0.00417822078801,0.00417822078801,0.00417822078801,0.00417822078801,0.00417822078801,0.00419150466285,0.7126498618,0.00417822286551,0.0631244883791,0.12914445962,0.00418438503789,0.00667659436498,0.00417823866692,0.0041807964069,0.00481808751762,0.0
0.0041762265983,0.00417625950916,0.0041762260407,0.00417622667999,0.00417623175779,0.00417622603257,0.0041762260327,0.00417622603256,0.0041762260326,0.0041762260326,0.00417622603256,0.00417622603256,0.00417622603256,0.00417622603256,0.00417622603256,0.00418721651957,0.684823517016,0.00417622775148,0.0705596058393,0.150125101836,0.00418132605863,0.00624328954654,0.00417624082478,0.00417838384535,0.00470565985041,0.0
0.00417453335795,0.00417456043968,0.00417453289911,0.00417453342517,0.00417453760359,0.00417453289242,0.00417453289256,0.00417453289241,0.00417453289251,0.00417453289253,0.00417453289241,0.00417453289241,0.00417453289241,0.00417453289241,0.00417453289241,0.00418357676134,0.654094199874,0.00417453430696,0.0784032360764,0.173510212166,0.00417872960973,0.00587570339502,0.00417454506465,0.00417662333753,0.00461061275817,0.0
0.00417310477055,0.00417312693425,0.00417310439504,0.00417310482556,0.00417310824519,0.00417310438956,0.00417310438978,0.00417310438955,0.00417310438986,0.00417310438992,0.00417310438955,0.00417310438955,0.00417310438955,0.00417310438955,0.00417310438955,0.00418050589622,0.62070601542,0.0041731055473,0.0865270803607,0.199182936931,0.004176538985,0.00556845486571,0.00417311435132,0.00417952567804,0.00453612889753,0.0
0.00417196649121,0.0041719847363,0.00417196618209,0.0041719665365,0.00417196935152,0.00417196617758,0.00417196617812,0.00417196617758,0.00417196617858,0.00417196617876,0.00417196617758,0.00417196617758,0.00417196617758,0.00417196617758,0.00417196617758,0.00417805907196,0.586720079352,0.00417196713071,0.0943353289922,0.225456479029,0.00417479352451,0.00537277362594,0.00417197437808,0.00426099473531,0.00457803508441,0.0
0.00417149580381,0.00417151242854,0.00417149552215,0.00417149584513,0.00417149841015,0.00417149551804,0.00417149551912,0.00417149551803,0.00417149552022,0.00417149552062,0.00417149551803,0.00417149551803,0.00417149551803,0.00417149551803,0.00417149551803,0.004177047291,0.568378146076,0.00417149638655,0.0978203705555,0.238204343738,0.00417407176298,0.00573396819971,0.00417150299028,0.00504758488625,0.00554901491847,0.0
0.00417133673868,0.00417135281589,0.00417133646629,0.00417133677879,0.00417133925935,0.00417133646232,0.00417133646375,0.00417133646231,0.00417133646523,0.00417133646576,0.00417133646231,0.00417133646231,0.00417133646231,0.00417133646231,0.00417133646231,0.00417670536753,0.560420645562,0.00417133730223,0.098547539774,0.2414504014,0.00417382784935,0.00647114110494,0.00417134368853,0.00646583895393,0.00738115230769,0.0
0.00417123107851,0.00417124679207,0.00417123081228,0.00417123111792,0.0041712335424,0.0041712308084,0.00417123081009,0.00417123080839,0.00417123081184,0.00417123081246,0.00417123080839,0.00417123080839,0.00417123080839,0.00417123080839,0.00417123080839,0.00417647824237,0.554052664123,0.00417123162932,0.098579994094,0.242356181529,0.00417366582795,0.00741118581061,0.00417123787122,0.0083795749959,0.00995930444094,0.0
0.00417114454628,0.00417115996209,0.0041711442851,0.00417114458521,0.00417114696377,0.00417114428129,0.0041711442832,0.00417114428128,0.00417114428512,0.00417114428581,0.00417114428128,0.00417114428128,0.00417114428128,0.00417114428128,0.00417114428128,0.00417629223428,0.547788524015,0.00417114508665,0.0981615858506,0.241828996929,0.00417353313775,0.00858528437358,0.00417115121033,0.0108879803651,0.0134883236318,0.0
0.00417106387119,0.00417107900945,0.00417106361471,0.00417106390974,0.00417106624551,0.00417106361097,0.00417106361306,0.00417106361097,0.00417106361509,0.00417106361584,0.00417106361097,0.00417106361097,0.00417106361097,0.00417106361097,0.00417106361097,0.0041761188166,0.540872540555,0.00417106440183,0.0973412574712,0.240096147423,0.00417340942902,0.0100677869666,0.00417107041532,0.0141207250541,0.0182439066957,0.0
0.00417098094577,0.0041709957988,0.00417098069413,0.00417098098398,0.00417098327577,0.00417098069046,0.00417098069269,0.00417098069046,0.00417098069477,0.00417098069555,0.00417098069046,0.00417098069046,0.00417098069046,0.00417098069046,0.00417098069046,0.00417594056165,0.532706450938,0.00417098146641,0.0961133685252,0.237197447688,0.00417328226963,0.0119826890983,0.00417098736667,0.0182068531649,0.0245372703067,0.0
0.00417088942291,0.00417090396121,0.00417088917661,0.00417088946078,0.00417089170404,0.00417088917302,0.00417088917534,0.00417088917301,0.00417088917742,0.00417088917822,0.00417088917301,0.00417088917301,0.00417088917301,0.00417088917301,0.00417088917301,0.00417574382579,0.522751207722,0.0041708899325,0.0944553364019,0.233114066066,0.0041731419268,0.0145346299991,0.00417089570783,0.0232344506139,0.0326562823369,0.0
0.00417078412258,0.00417079829891,0.00417078388242,0.00417078416009,0.00417078634753,0.00417078387892,0.0041707838813,0.00417078387892,0.00417078388334,0.00417078388414,0.00417078387892,0.00417078387892,0.00417078387892,0.00417078387892,0.00417078387892,0.00417551747415,0.510563378867,0.00417078461947,0.0923462993758,0.227825419393,0.00417298045745,0.0180708486349,0.0041707902511,0.0291880265372,0.0427541787781,0.0
0.00417066148271,0.00417067523769,0.00417066124971,0.00417066151985,0.00417066364229,0.00417066124631,0.00417066124871,0.00417066124631,0.00417066125067,0.00417066125147,0.00417066124631,0.00417066124631,0.00417066124631,0.00417066124631,0.00417066124631,0.00417525384974,0.495880945778,0.0041706619648,0.0897799769444,0.221341999502,0.00417279239956,0.0231986318381,0.00417066742918,0.0358691204976,0.0546800141892,0.0
0.00417051991948,0.00417053318856,0.00417051969473,0.00417051995625,0.00417052200367,0.00417051969145,0.00417051969383,0.00417051969145,0.0041705196957,0.00417051969647,0.00417051969145,0.00417051969145,0.00417051969145,0.00417051969145,0.00417051969145,0.00417494954802,0.478657493673,0.00417052038449,0.0867685941208,0.213713006334,0.00417257532486,0.0310007157295,0.004170525656,0.0428274373524,0.067786370188,0.0
0.00417035867192,0.00417037138834,0.00417035845658,0.00417035870829,0.00417036067028,0.00417035845344,0.00417035845577,0.00417035845344,0.00417035845753,0.00417035845828,0.00417035845344,0.00417035845344,0.00417035845344,0.00417035845344,0.00417035845344,0.00417460293324,0.458903367019,0.00417035911747,0.0833199847517,0.204968216611,0.00417232806755,0.0434115702998,0.00417036416972,0.0493473771528,0.0808064374368,0.0
0.00417017399844,0.00417018608284,0.00417017379387,0.00417017403417,0.00417017589829,0.00417017379089,0.00417017379314,0.00417017379088,0.00417017379478,0.00417017379549,0.00417017379088,0.00417017379088,0.00417017379088,0.00417017379088,0.00417017379088,0.00417420596252,0.436218297396,0.0041701744217,0.0793639707532,0.19493388351,0.00417204489323,0.0638305796311,0.00417017922357,0.0545146994222,0.0918993430596,0.0
0.00416995310394,0.00416996443235,0.00416995291226,0.00416995313836,0.00416995488531,0.00416995290946,0.00416995291161,0.00416995290946,0.00416995291312,0.00416995291379,0.00416995290946,0.00416995290946,0.00416995290946,0.00416995290946,0.00416995290946,0.00417373113178,0.409061952486,0.00416995350055,0.0746298192834,0.182924792918,0.00417170619137,0.0979805162993,0.00416995800425,0.0573188258195,0.0988494367886,0.0
0.00416966885647,0.00416967920941,0.00416966868136,0.00416966888837,0.00416967048434,0.00416966867881,0.00416966868083,0.0041696686788,0.00416966868215,0.00416966868277,0.0041696686788,0.0041696686788,0.0041696686788,0.0041696686788,0.0041696686788,0.00417312011866,0.374146887825,0.00416966921877,0.0685374232813,0.167470064808,0.00417127039422,0.154499938055,0.00416967334111,0.056752383116,0.0993645269252,0.0
0.00416928380618,0.00416929283334,0.00416928365353,0.0041692838341,0.0041692852254,0.00416928365131,0.00416928365328,0.0041692836513,0.00416928365424,0.00416928365477,0.0041692836513,0.0041692836513,0.0041692836513,0.0041692836513,0.0041692836513,0.0041722924225,0.327361446003,0.00416928412207,0.0602878860276,0.146545296761,0.00417068026836,0.242722958043,0.00416928773311,0.0520860769589,0.0917755257869,0.0
0.00416877318407,0.00416878045036,0.00416877306121,0.00416877320655,0.0041687743264,0.00416877305941,0.00416877306243,0.00416877305941,0.0041687730618,0.00416877306224,0.00416877305941,0.00416877305941,0.00416877305941,0.00416877305941,0.00416877305941,0.00417119498997,0.2839708288,0.00416877344222,0.0494119845491,0.118998215893,0.00416989919064,0.348802273635,0.00416877638561,0.0434034533002,0.0762029949842,0.0
0.00416830805882,0.00416831372069,0.00416830796308,0.00416830807633,0.00416830894892,0.00416830796168,0.00416830796553,0.00416830796168,0.00416830796355,0.0041683079639,0.00416830796168,0.00416830796168,0.00416830796168,0.00416830796168,0.00416830796168,0.00417021132777,0.408906619674,0.00416830837852,0.0396595072422,0.094399607261,0.00416918615043,0.282766191472,0.00416831055865,0.0347490188255,0.0603184127176,0.0
0.00416784570922,0.00416784977625,0.00416784564045,0.00416784572181,0.0041678463486,0.00416784563945,0.00416784564236,0.00416784563945,0.0041678456408,0.00416784564105,0.00416784563945,0.00416784563945,0.00416784563945,0.00416784563945,0.00416784563945,0.00416921442796,0.544950513067,0.0041678459744,0.0302125431734,0.0706752636982,0.00416847645919,0.20433415397,0.00416784750491,0.02613466343,0.0445017886985,0.0
0.00416746986405,0.00416747263463,0.0041674698172,0.00416746987262,0.00416747029961,0.00416746981652,0.00416746981852,0.00416746981652,0.00416746981744,0.00416746981761,0.00416746981652,0.00416746981652,0.00416746981652,0.00416746981652,0.00416746981652,0.0041684023749,0.653092124976,0.00416747005296,0.0231873035628,0.0532346407416,0.0041678995489,0.140526638146,0.00416747108732,0.0191318938387,0.0316441050132,0.0
0.00416722335585,0.00416722527611,0.00416722332338,0.00416722336179,0.00416722365774,0.00416722332291,0.0041672233243,0.00416722332291,0.00416722332355,0.00416722332367,0.00416722332291,0.00416722332291,0.00416722332291,0.00416722332291,0.00416722332291,0.00416786968094,0.720403187958,0.00416722348908,0.0195609337934,0.0444311181771,0.00416752116672,0.0986765900142,0.00416722420369,0.0145389367425,0.023211042568,0.0
0.00416707240561,0.00416707380518,0.00416707238194,0.00416707240994,0.00416707262563,0.0041670723816,0.00416707238261,0.0041670723816,0.00416707238206,0.00416707238215,0.0041670723816,0.0041670723816,0.0041670723816,0.0041670723816,0.0041670723816,0.004167543477,0.758111527034,0.00416707250363,0.0183090811196,0.0415813299426,0.00416728946293,0.0730495500979,0.00416707302355,0.0117264217143,0.0180470241782,0.0
0.0041669751403,0.00416697620435,0.0041669751223,0.00416697514359,0.00416697530758,0.00416697512204,0.00416697512281,0.00416697512204,0.0041669751224,0.00416697512246,0.00416697512204,0.00416697512204,0.00416697512204,0.00416697512204,0.00416697512204,0.00416733328533,0.779255553771,0.00416697521531,0.0183625333709,0.0420384432087,0.0041671401638,0.0565366782419,0.0041669756101,0.00991416792732,0.0147195710655,0.0
0.00416690810121,0.00416690893402,0.00416690808713,0.00416690810378,0.00416690823213,0.00416690808692,0.00416690808752,0.00416690808692,0.0041669080872,0.00416690808725,0.00416690808692,0.00416690808692,0.00416690808692,0.00416690808692,0.00416690808692,0.00416718841266,0.790793715661,0.00416690816025,0.0192040425783,0.0445839709367,0.00416703726095,0.0451553558535,0.00416690846891,0.00866509116037,0.0124261591789,0.0
0.00416685938522,0.00416686004999,0.00416685937398,0.00416685938728,0.00416685948973,0.00416685937382,0.0041668593743,0.00416685937382,0.00416685937404,0.00416685937408,0.00416685937382,0.00416685937382,0.00416685937382,0.00416685937382,0.00416685937382,0.00416708313643,0.796066306822,0.0041668594326,0.0206131362181,0.0487481346073,0.00416696248347,0.0368847726949,0.00416685967873,0.007757411638,0.0107595818628,0.0
0.00416682258997,0.00416682312782,0.00416682258088,0.00416682259163,0.00416682267452,0.00416682258074,0.00416682258113,0.00416682258074,0.00416682258092,0.00416682258096,0.00416682258074,0.00416682258074,0.00416682258074,0.00416682258074,0.00416682258074,0.0041670036211,0.796734753019,0.0041668226285,0.0224971731604,0.0543875355378,0.00416690600394,0.0306379900107,0.00416682282744,0.00707184006335,0.0095008137548,0.0
0.00416679399934,0.00416679443856,0.00416679399191,0.0041667940007,0.00416679406839,0.0041667939918,0.00416679399212,0.0041667939918,0.00416679399195,0.00416679399198,0.0041667939918,0.0041667939918,0.0041667939918,0.0041667939918,0.0041667939918,0.0041669418361,0.793649920595,0.00416679403097,0.0248208910152,0.0615139048229,0.00416686211823,0.0257841172485,0.00416679419327,0.0065391374939,0.00852272622818,0.0
0.00416677130807,0.00416677166902,0.00416677130196,0.00416677130918,0.00416677136481,0.00416677130187,0.00416677130213,0.00416677130187,0.00416677130199,0.00416677130202,0.00416677130187,0.00416677130187,0.00416677130187,0.00416677130187,0.00416677130187,0.00416689279972,0.787237899468,0.0041667713342,0.0275761995812,0.070222472274,0.00416682728786,0.0219317873785,0.00416677146743,0.00611635220277,0.00774645623448,0.0
0.00416675300655,0.00416675330438,0.00416675300152,0.00416675300748,0.00416675305337,0.00416675300144,0.00416675300166,0.00416675300144,0.00416675300155,0.00416675300156,0.00416675300144,0.00416675300144,0.00416675300144,0.00416675300144,0.00416675300144,0.00416685324971,0.777686093342,0.00416675302825,0.0307674364704,0.0806575851318,0.00416679919563,0.0188247135405,0.00416675313805,0.00577535723713,0.00712036027822,0.0
0.00416673806222,0.00416673830849,0.00416673805805,0.00416673806298,0.00416673810094,0.00416673805799,0.00416673805817,0.00416673805799,0.00416673805808,0.00416673805809,0.00416673805799,0.00416673805799,0.00416673805799,0.00416673805799,0.00416673805799,0.00416682095463,0.765043306262,0.00416673808028,0.0344027584489,0.0929921714355,0.00416677625655,0.016287592242,0.00416673817095,0.00549691341307,0.00660911356324,0.0
0.00416672574346,0.00416672594724,0.00416672574001,0.00416672574409,0.00416672577549,0.00416672573996,0.00416672574011,0.00416672573996,0.00416672574003,0.00416672574005,0.00416672573996,0.00416672573996,0.00416672573996,0.00416672573996,0.00416672573996,0.00416679433347,0.749281261039,0.00416672575851,0.0384879968198,0.107411556521,0.00416675734764,0.0141962184205,0.00416672583343,0.00526738954486,0.00618768803135,0.0
0.00416671551683,0.00416671568533,0.00416671551398,0.00416671551735,0.00416671554332,0.00416671551394,0.00416671551406,0.00416671551394,0.004166715514,0.00416671551401,0.00416671551394,0.00416671551394,0.00416671551394,0.00416671551394,0.00416671551394,0.00416677223346,0.730338723188,0.00416671552938,0.043021480851,0.124097405796,0.0041667416501,0.0124600299868,0.00416671559123,0.00507684698168,0.00583783527607,0.0
0.00416670698404,0.00416670712312,0.00416670698169,0.00416670698447,0.00416670700591,0.00416670698166,0.00416670698177,0.00416670698166,0.00416670698172,0.00416670698173,0.00416670698166,0.00416670698166,0.00416670698166,0.00416670698166,0.00416670698166,0.00416675379389,0.70815809613,0.0041667069945,0.0479892879308,0.143209901476,0.00416672855255,0.0110114121638,0.00416670704545,0.00491786752049,0.00554593349568,0.0
0.00416669984174,0.00416669995617,0.0041666998398,0.00416669984209,0.00416669985973,0.00416669983977,0.00416669983988,0.00416669983977,0.00416669983985,0.00416669983986,0.00416669983977,0.00416669983977,0.00416669983977,0.00416669983977,0.00416669983977,0.00416673835917,0.68271898655,0.00416669985044,0.0533608459014,0.164867470546,0.00416671758934,0.00979888686931,0.00416669989226,0.00478482180706,0.0053016348973,0.0
0.00416669385538,0.00416669394917,0.0041666938538,0.00416669385567,0.00416669387013,0.00416669385377,0.00416669385389,0.00416669385377,0.0041666938539,0.00416669385392,0.00416669385377,0.00416669385377,0.00416669385377,0.00416669385377,0.00416669385377,0.00416672542249,0.654072738756,0.0041666938626,0.0590845140793,0.189121806947,0.00416670840047,0.00878288577243,0.00416669389679,0.00467358702583,0.0050972379149,0.0
0.00416668884951,0.00416668892603,0.00416668884822,0.00416668884975,0.00416668886154,0.0041666888482,0.00416668884839,0.0041666888482,0.0041666888485,0.00416668884856,0.0041666888482,0.0041666888482,0.0041666888482,0.0041666888482,0.0041666888482,0.00416671460466,0.622426210328,0.00416668885549,0.0650729885639,0.215881644814,0.00416670071662,0.00793669143905,0.00416668888329,0.00458426842869,0.00493107054861,0.0
0.00416668482044,0.00416668488306,0.00416668481939,0.00416668482064,0.00416668483029,0.00416668481937,0.00416668481984,0.00416668481937,0.00416668482027,0.00416668482043,0.00416668481937,0.00416668481937,0.00416668481937,0.00416668481937,0.00416668481937,0.00416670589773,0.589221953617,0.00416668482542,0.070987027623,0.243871316054,0.00416669453214,0.00730614974001,0.0041666848481,0.00457270288167,0.00487380761103,0.0
0.00416668285225,0.0041666829081,0.00416668285131,0.00416668285246,0.00416668286107,0.00416668285129,0.00416668285234,0.00416668285129,0.00416668285339,0.00416668285377,0.00416668285129,0.00416668285129,0.00416668285129,0.00416668285129,0.00416668285129,0.0041667016444,0.567821844032,0.00416668285673,0.0742299806884,0.260380884797,0.00416669151104,0.007502891734,0.00416668287695,0.00522492635009,0.00567247066645,0.0
0.0041666822628,0.00416668231668,0.00416668226189,0.00416668226314,0.00416668227147,0.00416668226188,0.0041666822633,0.00416668226188,0.00416668226474,0.00416668226525,0.00416668226188,0.00416668226188,0.00416668226188,0.00416668226188,0.00416668226188,0.00416670037058,0.559248402398,0.00416668226713,0.0748489852727,0.264173898516,0.0041666906063,0.00841769681821,0.00416668228669,0.00665059245084,0.00749343501122,0.0
0.00416668188251,0.00416668193519,0.00416668188163,0.00416668188305,0.00416668189121,0.00416668188161,0.00416668188332,0.00416668188161,0.00416668188501,0.00416668188562,0.00416668188161,0.00416668188161,0.00416668188161,0.00416668188161,0.00416668188161,0.00416669954877,0.552520703916,0.00416668188675,0.0748802550277,0.265149853298,0.00416669002262,0.00962604604089,0.00416668190593,0.00858654874387,0.0100696113106,0.0
0.00416668157395,0.00416668162571,0.00416668157309,0.00416668157474,0.00416668158278,0.00416668157307,0.00416668157501,0.00416668157307,0.00416668157687,0.00416668157756,0.00416668157307,0.00416668157307,0.00416668157307,0.00416668157307,0.00416668157307,0.00416669888197,0.545940358499,0.00416668157811,0.0745494690464,0.26447851641,0.00416668954906,0.0111553847898,0.00416668159702,0.0111201997182,0.0135890962595,0.0
0.00416668128771,0.00416668133865,0.00416668128686,0.00416668128878,0.00416668129672,0.00416668128684,0.00416668128896,0.00416668128684,0.00416668129094,0.00416668129168,0.00416668128684,0.00416668128684,0.00416668128684,0.00416668128684,0.00416668128684,0.00416669826338,0.538699329337,0.00416668129179,0.0739022247865,0.262441144837,0.00416668910977,0.0131041152553,0.00416668131048,0.0143732219574,0.018312994473,0.0
0.00416668099483,0.00416668104501,0.00416668099399,0.00416668099625,0.0041666810041,0.00416668099398,0.00416668099625,0.00416668099398,0.00416668099827,0.00416668099904,0.00416668099398,0.00416668099398,0.00416668099398,0.00416668099398,0.00416668099398,0.00416669763045,0.53017405669,0.00416668099883,0.0729366149495,0.259087295058,0.00416668866034,0.0156424152338,0.00416668101733,0.018462751271,0.0245299035053,0.0
0.00416668067309,0.0041666807225,0.00416668067227,0.00416668067492,0.00416668068268,0.00416668067226,0.00416668067464,0.00416668067226,0.00416668067665,0.00416668067744,0.00416668067226,0.00416668067226,0.00416668067226,0.00416668067226,0.00416668067226,0.00416669693516,0.519802725486,0.004166680677,0.0716354847504,0.254392361963,0.00416668816667,0.0190550093586,0.00416668069534,0.0234571015401,0.0324903602674,0.0
0.00416668030409,0.00416668035275,0.00416668030329,0.00416668030642,0.00416668031408,0.00416668030328,0.00416668030573,0.00416668030328,0.00416668030769,0.00416668030849,0.00416668030328,0.00416668030328,0.00416668030328,0.00416668030328,0.00416668030328,0.00416669613774,0.50710663973,0.0041666803079,0.0699804404517,0.248320484666,0.00416668760062,0.0238293135516,0.00416668032611,0.0293088302916,0.0422873423112,0.0
0.00416667987388,0.00416667992186,0.00416667987311,0.0041666798768,0.00416667988435,0.0041666798731,0.00416667987557,0.0041666798731,0.00416667987744,0.00416667987823,0.0041666798731,0.0041666798731,0.0041666798731,0.0041666798731,0.0041666798731,0.00416669520804,0.491751762389,0.00416667987757,0.0679588872341,0.240851529418,0.00416668694092,0.0308233048583,0.00416667989575,0.0357706191319,0.0536769568732,0.0
0.00416667937271,0.00416667942027,0.00416667937197,0.00416667937632,0.00416667938375,0.00416667937196,0.00416667937442,0.00416667937196,0.00416667937618,0.00416667937695,0.00416667937196,0.00416667937196,0.00416667937196,0.00416667937196,0.00416667937196,0.00416669412499,0.473534569148,0.00416667937626,0.0655605529027,0.231966086729,0.00416668617314,0.0415730621351,0.00416667939464,0.0423220769962,0.0658767223633,0.0
