-10.0 -10.0,-10.0 0.0,-10.0 10.0,0.0 -10.0,0.0 0.0,0.0 10.0,10.0 -10.0,10.0 0.0,10.0 10.0,other
0.111111111111,0.111111111111,0.111111111111,0.111111111111,0.111111111111,0.111111111111,0.111111111111,0.111111111111,0.111111111111,0.0
0.123743062286,0.130974963911,0.100626278808,0.125940829378,0.118276131686,0.100437972781,0.100000433918,0.10000031884,0.100000008392,0.0
0.136094299723,0.151583746953,0.0902088922948,0.140769138472,0.124878143512,0.0898268473215,0.0888798839413,0.0888797348393,0.0888793129443,0.0
0.147830936388,0.172272974587,0.0801625172188,0.155176015721,0.130814034709,0.0795870433562,0.0780524049778,0.0780522555677,0.0780518174742,0.0
0.158675058882,0.192388445155,0.070753364193,0.168787791847,0.136029254585,0.0699920452791,0.0677915752879,0.0677914383256,0.0677910264453,0.0
0.168431715788,0.211368276233,0.0621792864023,0.181317142701,0.140517911511,0.0612475425595,0.058312911729,0.058312791106,0.0583124219687,0.0
0.177000055241,0.228801222998,0.0545533225038,0.19258516039,0.14431575977,0.0534735391415,0.0497571567568,0.0497570527159,0.0497567304822,0.0
0.184367750599,0.24444957771,0.0479047045843,0.202522288375,0.147488421114,0.0467040104833,0.042187900461,0.042187811794,0.04218753488,0.0
0.190592696027,0.258237544711,0.042194318332,0.211151470169,0.150117999139,0.0409016648357,0.035601564157,0.0356014891445,0.0356012534838,0.0
0.195778830529,0.270216288874,0.0373375579146,0.218561384584,0.152291037158,0.0359809544404,0.029944757391,0.0299446942181,0.0299444948911,0.0
0.200052809236,0.28052053054,0.0332271365703,0.224878358196,0.15408969309,0.0318316592964,0.0251333623787,0.0251333093231,0.0251331413686,0.0
0.203545797348,0.289328707086,0.0297509854223,0.230243017938,0.155586618056,0.0283377461019,0.021069119408,0.0210690749189,0.0210689337205,0.0
0.206381690642,0.296832879187,0.0268036967074,0.234794127097,0.156842962771,0.0253896213566,0.0176517384496,0.0176517011724,0.0176515826173,0.0
0.208670976772,0.303219386113,0.0242923019946,0.238659250071,0.157908484976,0.0228904329549,0.0147864430183,0.0147864117917,0.0147863123087,0.0
0.210508604175,0.308658366186,0.0221380953653,0.241950567433,0.15882277842,0.0207581475926,0.0123878588706,0.0123878327108,0.0123877492472,0.0
0.211974255391,0.313299420332,0.0202761572451,0.244763984666,0.159616919039,0.0189251407513,0.0103814121489,0.0103813902279,0.0103813201993,0.0
0.213133823956,0.317270996669,0.0186537890138,0.24718005089,0.160315116413,0.017336592014,0.0087032421882,0.00870322381274,0.00870316504405,0.0
0.214041334151,0.320681746419,0.0172286001975,0.249265694648,0.160936176227,0.0159484873109,0.00729934706655,0.00729933165702,0.00729928232361,0.0
0.214740883401,0.32362274195,0.0159666397996,0.251076192772,0.16149471126,0.0147256550003,0.00612441436624,0.00612440143874,0.00612436001281,0.0
0.215268408156,0.326169922582,0.0148407438589,0.252657068383,0.162002105777,0.013640025335,0.00514059413499,0.00514058328559,0.00514054848881,0.0
0.21565320137,0.32838644151,0.0138291502493,0.254045783747,0.162467266081,0.0126691709909,0.00431634450231,0.00431633539376,0.00431630615667,0.0
0.215919175313,0.330324769217,0.0129143727129,0.255273187118,0.162897197031,0.0117951216746,0.00362540560146,0.00362539795201,0.0036253733797,0.0
0.216085893062,0.332028508387,0.0120823019987,0.256364719192,0.163297441891,0.0110034192076,0.00304591659003,0.00304591016417,0.00304588950743,0.0
0.216169402242,0.333533925494,0.0113214957034,0.257341404779,0.163672417025,0.0102823723841,0.00255967017974,0.00255966478046,0.00255964741173,0.0
0.216182905299,0.334871226459,0.0106226202907,0.258220661469,0.164025666591,0.00962247275465,0.00215149027284,0.00215148573519,0.0021514711285,0.0
0.216137297202,0.336065611175,0.00997801373638,0.259016956427,0.164360056712,0.00901593775721,0.00180871563505,0.00180871182087,0.00180869953513,0.0
0.216041596811,0.337138141755,0.00938134286571,0.259742339096,0.164677923931,0.00845635361273,0.00152077289203,0.00152076968551,0.00152075935062,0.0
0.215903293388,0.338106456179,0.00882733464963,0.260406873374,0.164981189111,0.00793839596768,0.00127882380588,0.00127882110987,0.00127881241517,0.0
0.215728625555,0.338985354698,0.00831156514496,0.261018988665,0.165271445159,0.00745761099047,0.001075473879,0.00107547161202,0.00107546429657,0.0
0.215522806449,0.339787281999,0.00783029335446,0.261585765604,0.165550024867,0.00701024346265,0.000904531410526,0.000904529504133,0.000904523348744,0.0
0.215290205981,0.340522724133,0.00738033012456,0.262113169116,0.165818053576,0.00659310143668,0.000760808006101,0.000760806402842,0.000760801223278,0.0
0.215034498802,0.341200535764,0.00695893441828,0.26260623899,0.166076490224,0.00620344939367,0.000639953154487,0.000639951806092,0.000639947447479,0.0
0.214758784771,0.341828210432,0.00656373102064,0.263069246089,0.166326159467,0.00583892366057,0.000538316831906,0.000538315697817,0.000538312029927,0.0
0.214465687326,0.342412104127,0.00619264506155,0.263505820709,0.166567776906,0.00549746525207,0.000452835204004,0.000452834250133,0.000452831163439,0.0
0.21415743401,0.342957620571,0.00584384976517,0.263919058301,0.166801968973,0.00517726638496,0.000380935399205,0.000380934596896,0.00038093199927,0.0
0.213835922572,0.34346936501,0.00551572462503,0.264311606728,0.167029288671,0.00487672774547,0.000320456061018,0.00032045538618,0.000320453200116,0.0
0.213502775358,0.343951272081,0.00520682181555,0.264685738464,0.16725022808,0.00459442423277,0.000269580981442,0.000269580413817,0.000269578574102,0.0
0.213159384154,0.344406712279,0.00491583912416,0.265043410425,0.167465228324,0.00432907739879,0.000226783599632,0.000226783122185,0.000226781573948,0.0
0.21280694726,0.344838580743,0.00464159805631,0.265386313673,0.167674687561,0.00407953318943,0.000190780541368,0.000190780139772,0.000190778836839,0.0
0.212446500186,0.345249371394,0.00438302605265,0.26571591476,0.167878967408,0.00384474389189,0.000160492693338,0.000160492355544,0.000160491259056,0.0
0.21207894113,0.345641238921,0.00413914198166,0.2660334902,0.168078398134,0.00362375342598,0.000135012566201,0.000135012282074,0.000135011359329,0.0
0.21170505216,0.346016050677,0.00390904424669,0.266340155246,0.168273282885,0.00341568529989,0.000113576913132,0.000113576674147,0.000113575897623,0.0
0.211325516861,0.346375430188,0.00369190098425,0.266636887966,0.168463901127,0.00321973269366,9.55437452451e-05,9.5543544232e-05,9.55428907659e-05,0.0
0.210940935061,0.34672079366,0.00348694193873,0.266924549406,0.168650511489,0.00303515024584,8.03730291136e-05,8.03728600403e-05,8.03723101379e-05,0.0
0.21055183515,0.347053380662,0.00329345168451,0.267203900523,0.168833354109,0.00286124720699,6.76104703615e-05,6.76103281545e-05,6.76098654086e-05,0.0
0.2101586844,0.347374279937,0.00311076393382,0.267475616412,0.169012652595,0.0026973816933,5.6873885631e-05,5.68737660224e-05,5.68733766244e-05,0.0
0.209761897626,0.347684451153,0.00293825672197,0.267740298292,0.169188615667,0.00254295582838,4.7841746783e-05,4.78416461827e-05,4.7841318511e-05,0.0
0.209361844472,0.34798474324,0.00277534830433,0.26799848362,0.169361438557,0.00239741160468,4.02435490274e-05,4.02434644154e-05,4.02431886892e-05,0.0
0.208958855555,0.348275909886,0.00262149363245,0.26825065464,0.169531304196,0.00226022733035,3.38517111721e-05,3.38516400083e-05,3.38514079956e-05,0.0
0.208553227656,0.348558622641,0.00247618130372,0.268497245623,0.169698384246,0.00213091455435,2.84747633235e-05,2.8474703471e-05,2.84745082442e-05,0.0
0.20814522811,0.348833482017,0.00233893089986,0.268738649016,0.169862839987,0.00200901538431,2.39516167558e-05,2.39515664173e-05,2.3951402146e-05,0.0
0.207735098536,0.349101026908,0.00220929064654,0.268975220666,0.170024823106,0.00189410012873,2.01467436176e-05,2.01467012812e-05,2.01465630589e-05,0.0
0.207323058011,0.349361742594,0.00208683533953,0.269207284285,0.170184476385,0.00178576520837,1.69461217355e-05,1.69460861296e-05,1.69459698269e-05,0.0
0.206909305777,0.349616067553,0.00197116449376,0.269435135254,0.170341934318,0.00168363129302,1.4253822901e-05,1.42537929557e-05,1.42536950978e-05,0.0
0.206494023555,0.349864399281,0.00186190067982,0.269659043895,0.170497323667,0.00158734162772,1.19891424252e-05,1.1989117241e-05,1.19890349035e-05,0.0
0.206077377535,0.350107099252,0.00175868801935,0.269879258271,0.170650763963,0.00149656051993,1.00841840288e-05,1.00841628488e-05,1.00840935709e-05,0.0
0.205659520081,0.350344497183,0.00166119081617,0.270096006609,0.170802367957,0.00141097196415,8.48182780267e-06,8.48180999043e-06,8.48175170144e-06,0.0
0.205240591213,0.350576894683,0.00156909230425,0.270309499389,0.170952242044,0.00133027838505,7.13402046687e-06,7.13400548701e-06,7.1339564443e-06,0.0
0.204820719879,0.350804568401,0.00148209349709,0.270519931157,0.171100486639,0.0012541994836,6.00033680343e-06,6.00032420566e-06,6.0002829429e-06,0.0
0.204400025074,0.351027772742,0.00139991212578,0.270727482097,0.171247196536,0.00118247117327,5.04676925806e-06,5.04675866367e-06,5.04672394698e-06,0.0
0.203978616802,0.351246742214,0.00132228165525,0.270932319415,0.171392461237,0.00111484459589,4.24470952753e-06,4.24470061798e-06,4.24467140914e-06,0.0
0.203556596928,0.351461693466,0.0012489503701,0.27113459854,0.171536365252,0.00105108520821,3.57009168977e-06,3.57008419718e-06,3.57005962255e-06,0.0
0.203134059925,0.351672827069,0.0011796805226,0.271334464181,0.17167898839,0.000990971931956,3.0026712613e-06,3.00266496036e-06,3.00264428485e-06,0.0
0.202711093526,0.351880329057,0.00111424753674,0.271532051268,0.171820406024,0.000934296360911,2.52541862802e-06,2.52541332924e-06,2.52539593432e-06,0.0
0.20228777931,0.352084372293,0.00105243926317,0.271727485775,0.171960689337,0.000880862019996,2.12400871256e-06,2.12400425656e-06,2.12398962181e-06,0.0
0.201864193218,0.352285117657,0.000994055280551,0.271920885457,0.172099905562,0.00083048367158,1.78639161654e-06,1.78638786931e-06,1.78637555683e-06,0.0
0.201440406009,0.352482715103,0.000938906239377,0.272112360506,0.1722381182,0.000782986665206,1.50243139558e-06,1.50242824439e-06,1.50241788574e-06,0.0
0.201016483679,0.352677304589,0.000886813245092,0.27230201414,0.172375387227,0.000738206327265,1.26360216045e-06,1.26359951051e-06,1.2635907957e-06,0.0
0.200592487827,0.352869016906,0.000837607277396,0.272489943125,0.172511769292,0.000695987387609,1.06273241135e-06,1.06273018294e-06,1.06272285114e-06,0.0
0.200168475987,0.353057974413,0.00079112864324,0.272676238259,0.172647317896,0.000656183440428,8.93789953628e-07,8.93788079701e-07,8.9378191147e-07,0.0
0.199744501935,0.353244291703,0.000747226461171,0.272860984796,0.172782083574,0.000618656437007,7.51700956585e-07,7.51699380758e-07,7.5169419146e-07,0.0
0.199320615954,0.35342807619,0.000705758174938,0.273044262836,0.172916114051,0.000583276208212,6.32197737982e-07,6.3219641284e-07,6.32192047132e-07,0.0
0.198896865091,0.353609428646,0.000666589094505,0.273226147687,0.173049454401,0.000549920014763,5.31690715897e-07,5.31689601563e-07,5.31685928751e-07,0.0
0.198473293376,0.353788443684,0.000629591962729,0.273406710183,0.173182147193,0.000518472123529,4.47160692561e-07,4.47159755504e-07,4.47156665629e-07,0.0
0.198049942037,0.353965210193,0.000594646546174,0.273586016984,0.173314232631,0.000488823408213,3.76068243197e-07,3.76067455216e-07,3.76064855765e-07,0.0
0.197626849683,0.354139811739,0.000561639248599,0.273764130849,0.173445748678,0.000460870972944,3.16277494732e-07,3.16276832112e-07,3.16274645255e-07,0.0
0.197204052484,0.354312326924,0.000530462745799,0.273941110886,0.173576731189,0.000434517797393,2.65992010073e-07,2.65991452872e-07,2.65989613126e-07,0.0
0.196781584329,0.354482829723,0.000501015640572,0.274117012786,0.17370721402,0.000409672402137,2.23700856047e-07,2.23700387495e-07,2.2369883977e-07,0.0
0.196359476975,0.354651389783,0.00047320213666,0.274291889034,0.17383722914,0.000386248533087,1.881332381e-07,1.88132844095e-07,1.88131542042e-07,0.0
0.195937760186,0.35481807271,0.000446931730591,0.274465789112,0.173966806738,0.000364164863854,1.58220341459e-07,1.5822001014e-07,1.58218914767e-07,0.0
0.19551646186,0.35498294032,0.00042211892043,0.274638759678,0.174095975319,0.000343344715037,1.33063234351e-07,1.33062955745e-07,1.33062034247e-07,0.0
0.195095608144,0.355146050883,0.000398682930492,0.27481084474,0.174224761796,0.000323715789451,1.11905870559e-07,1.11905636281e-07,1.1190486106e-07,0.0
0.194675223549,0.355307459342,0.000376547451136,0.274982085817,0.174353191583,0.000305209922383,9.41123813961e-08,9.41121843929e-08,9.41115322309e-08,0.0
0.194255331047,0.355467217515,0.00035564039282,0.275152522085,0.174481288671,0.000287762846024,7.91479757771e-08,7.91478101185e-08,7.91472614822e-08,0.0
0.193835952169,0.355625374291,0.000335893653615,0.275322190518,0.174609075713,0.000271313967266,6.65628752623e-08,6.65627359613e-08,6.65622744177e-08,0.0
0.193417107094,0.355781975803,0.000317242899463,0.275491126015,0.174736574095,0.000255806158123,5.59788019292e-08,5.59786847924e-08,5.59782965168e-08,0.0
0.192998814731,0.355937065594,0.000299627356474,0.275659361524,0.174863804004,0.000241185558038,4.70776135165e-08,4.70775150174e-08,4.70771883794e-08,0.0
0.192581092795,0.356090684771,0.000282989614603,0.275826928157,0.174990784501,0.000227401387423,3.95917446836e-08,3.95916618568e-08,3.95913870722e-08,0.0
0.192163957881,0.356242872148,0.000267275442091,0.275993855291,0.175117533578,0.000214405771787,3.32961674197e-08,3.32960977717e-08,3.32958666091e-08,0.0
0.191747425534,0.356393664383,0.000252433610088,0.276160170674,0.175244068219,0.000202153575866,2.80016292164e-08,2.80015706504e-08,2.80013761852e-08,0.0
0.191331510307,0.356543096102,0.000238415726889,0.276325900516,0.175370404454,0.000190602247174,2.35489659643e-08,2.3548916717e-08,2.35487531236e-08,0.0
0.190916225822,0.356691200019,0.00022517608128,0.276491069578,0.175496557419,0.000179711668455,1.98043187874e-08,1.98042773761e-08,1.98041397537e-08,0.0
0.190501584831,0.356838007043,0.000212671494484,0.276655701254,0.175622541394,0.000169444018536,1.66551111648e-08,1.66550763426e-08,1.66549605684e-08,0.0
0.190087599261,0.356983546385,0.000200861180243,0.27681981765,0.175748369862,0.000159763641089,1.40066655103e-08,1.40066362289e-08,1.40065388346e-08,0.0
0.189674280267,0.357127845657,0.000189706612586,0.276983439658,0.175874055546,0.000150636920879,1.17793575819e-08,1.17793329597e-08,1.17792510273e-08,0.0
0.189261638276,0.357270930959,0.000179171400884,0.277146587023,0.175999610455,0.000142032167051,9.90622323768e-09,9.90620253326e-09,9.90613360822e-09,0.0
0.188849683033,0.357412826969,0.000169221171764,0.277309278409,0.176125045921,0.000133919503079,8.33094564358e-09,8.3309282336e-09,8.33087025096e-09,0.0
0.188438423637,0.357553557024,0.000159823457539,0.277471531461,0.176250372639,0.000126270762985,7.0061624591e-09,7.00614781935e-09,7.00609904196e-09,0.0
0.188027868583,0.357693143195,0.000150947590771,0.277633362861,0.176375600701,0.000119059393474,5.89204214029e-09,5.89202983e-09,5.89198879648e-09,0.0
0.187618025798,0.357831606359,0.000142564604653,0.277794788383,0.176500739629,0.000112260361663,4.95508658148e-09,4.95507622998e-09,4.95504171094e-09,0.0
0.187208902671,0.357968966266,0.000134647138878,0.277955822946,0.17662579841,0.000105850068066,4.16712411634e-09,4.16711541196e-09,4.16708637317e-09,0.0
0.186800506086,0.358105241606,0.000127169350698,0.278116480659,0.176750785521,9.98062645537e-05,3.50446261758e-09,3.50445529823e-09,3.50443086968e-09,0.0
0.186392842454,0.358240450065,0.000120106830898,0.27827677487,0.176875708962,9.41079770005e-05,2.94717724424e-09,2.94717108954e-09,2.9471505393e-09,0.0
0.185985917739,0.358374608384,0.000113436524395,0.278436718206,0.177000576279,8.87354323457e-05,2.47851143098e-09,2.4785062556e-09,2.47848896796e-09,0.0
0.185579737484,0.358507732414,0.000107136655232,0.278596322614,0.177125394591,8.36699898274e-05,2.08437311645e-09,2.08436876458e-09,2.08435422156e-09,0.0
0.185174306836,0.35863983716,0.000101186655711,0.2787555994,0.177250170614,7.88940761455e-05,1.75291106956e-09,1.75290741015e-09,1.75289517602e-09,0.0
0.184769630569,0.358770936836,9.55670994369e-05,0.278914559267,0.177374910682,7.43911243335e-05,1.47415857906e-09,1.47415550193e-09,1.47414521012e-09,0.0
0.184365713108,0.358901044905,9.02596380686e-05,0.279073212343,0.177499620771,7.01455161251e-05,1.23973379686e-09,1.23973120937e-09,1.23972255152e-09,0.0
0.183962558546,0.359030174122,8.52469415627e-05,0.279231568219,0.177624306516,6.61425276186e-05,1.04258772744e-09,1.04258555166e-09,1.04257826836e-09,0.0
0.183560170665,0.359158336577,8.05126417229e-05,0.279389635978,0.17774897323,6.23682780504e-05,8.76792287985e-10,8.76790458416e-10,8.76784331441e-10,0.0
0.183158552956,0.359285543727,7.60412788711e-05,0.279547424219,0.177873625925,5.88096814994e-05,7.37362068368e-10,7.37360529917e-10,7.37355375684e-10,0.0
0.182757708632,0.359411806437,7.18182514697e-05,0.279704941091,0.177998269326,5.54544013567e-05,6.20104432545e-10,6.20103138891e-10,6.20098802965e-10,0.0
0.182357640649,0.359537135008,6.78297685319e-05,0.279862194313,0.178122907889,5.22908074008e-05,5.2149345526e-10,5.2149236745e-10,5.21488719913e-10,0.0
0.181958351717,0.359661539213,6.40628046652e-05,0.280019191201,0.178247545813,4.93079353314e-05,4.38563904116e-10,4.38562989397e-10,4.38559920958e-10,0.0
0.181559844316,0.359785028327,6.05050576053e-05,0.280175938686,0.178372187058,4.64954486201e-05,3.68822079757e-10,3.68821310585e-10,3.68818729305e-10,0.0
0.18116212071,0.35990761115,5.71449081004e-05,0.280332443344,0.178496835354,4.38436025456e-05,3.10170833618e-10,3.10170186836e-10,3.10168015371e-10,0.0
0.180765182958,0.360029296039,5.39713820187e-05,0.280488711408,0.17862149422,4.13432102897e-05,2.60846508921e-10,2.60845965053e-10,2.60844138339e-10,0.0
0.180369032928,0.360150090931,5.09741145532e-05,0.280644748788,0.178746166969,3.89856109746e-05,2.19365908998e-10,2.19365451669e-10,2.19363914973e-10,0.0
0.179973672306,0.360270003365,4.8143316412e-05,0.280800561096,0.178870856724,3.67626395319e-05,1.84481698522e-10,1.84481313962e-10,1.84480021238e-10,0.0
0.179579102607,0.360389040508,4.54697418801e-05,0.280956153653,0.178995566426,3.46665982975e-05,1.55144896687e-10,1.55144573316e-10,1.55143485831e-10,0.0
0.179185325188,0.360507209171,4.29446586531e-05,0.281111531513,0.179120298848,3.26902302341e-05,1.30473334655e-10,1.30473062739e-10,1.30472147907e-10,0.0
0.178792341253,0.360624515835,4.05598193418e-05,0.281266699473,0.179245056597,3.08266936885e-05,1.09725128855e-10,1.09724900204e-10,1.09724130615e-10,0.0
0.178400151862,0.360740966664,3.83074345571e-05,0.28142166209,0.179369842133,2.90695385948e-05,9.22763725302e-11,9.22761802617e-11,9.22755328559e-11,0.0
0.178008757944,0.360856567527,3.61801474875e-05,0.281576423695,0.17949465777,2.74126840418e-05,7.76023747917e-11,7.76022131161e-11,7.76016684951e-11,0.0
0.1776181603,0.360971324013,3.41710098863e-05,0.281730988401,0.179619505684,2.58503971256e-05,6.5261883035e-11,6.52617470843e-11,6.52612889296e-11,0.0
0.177228359612,0.361085241444,3.22734593899e-05,0.281885360121,0.179744387926,2.43772730145e-05,5.48838143324e-11,5.48837000135e-11,5.48833145972e-11,0.0
0.17683935645,0.361198324897,3.0481298095e-05,0.282039542576,0.179869306424,2.29882161564e-05,4.61560968195e-11,4.61560006903e-11,4.61556764642e-11,0.0
0.176451151277,0.36131057921,2.87886723237e-05,0.282193539307,0.179994262994,2.16784225632e-05,3.88162855469e-11,3.88162047132e-11,3.88159319624e-11,0.0
0.176063744459,0.361422009002,2.71900535118e-05,0.282347353683,0.180119259342,2.04433631102e-05,3.2643670623e-11,3.26436026511e-11,3.26433732032e-11,0.0
0.175677136267,0.361532618679,2.56802201562e-05,0.282500988912,0.180244297072,1.92787677937e-05,2.74526403421e-11,2.74525831853e-11,2.74523901653e-11,0.0
0.175291326882,0.361642412454,2.42542407657e-05,0.282654448051,0.180369377692,1.81806108897e-05,2.30870997282e-11,2.30870516658e-11,2.30868892903e-11,0.0
0.174906316404,0.361751394348,2.29074577563e-05,0.282807734014,0.180494502621,1.7145096964e-05,1.94157766625e-11,1.94157362475e-11,1.94155996512e-11,0.0
0.174522104854,0.361859568212,2.16354722414e-05,0.282960849576,0.18061967319,1.61686476839e-05,1.63282744469e-11,1.63282404623e-11,1.63281255524e-11,0.0
0.174138692178,0.361966937726,2.04341296653e-05,0.283113797388,0.180744890649,1.5247889386e-05,1.37317521041e-11,1.37317235269e-11,1.37316268604e-11,0.0
0.173756078252,0.362073506416,1.9299506235e-05,0.283266579977,0.180870156172,1.43796413559e-05,1.15481325912e-11,1.1548108561e-11,1.15480272415e-11,0.0
0.173374262889,0.362179277661,1.82278961043e-05,0.283419199758,0.180995470862,1.35609047804e-05,9.71175497376e-12,9.71173476694e-12,9.71166635791e-12,0.0
0.172993245838,0.362284254698,1.72157992697e-05,0.283571659037,0.181120835751,1.27888523324e-05,8.16739996212e-12,8.1673829704e-12,8.16732542213e-12,0.0
0.172613026789,0.362388440635,1.62599101383e-05,0.283723960019,0.181246251808,1.20608183528e-05,6.86862943589e-12,6.86861514771e-12,6.8685667359e-12,0.0
0.172233605378,0.362491838455,1.53571067304e-05,0.283876104811,0.181371719943,1.1374289595e-05,5.77639002452e-12,5.77637800971e-12,5.77633728384e-12,0.0
0.171854981189,0.362594451025,1.4504440481e-05,0.284028095431,0.181497241004,1.07268965002e-05,4.8578387531e-12,4.85782864995e-12,4.85779438976e-12,0.0
0.171477153756,0.362696281099,1.36991266087e-05,0.284179933811,0.181622815789,1.01164049718e-05,4.08535543947e-12,4.0853469438e-12,4.0853181228e-12,0.0
0.17110012257,0.362797331331,1.29385350182e-05,0.284331621802,0.181748445043,9.54070862207e-06,3.43571214445e-12,3.4357050005e-12,3.43568075515e-12,0.0
0.170723887075,0.362897604274,1.22201817085e-05,0.284483161177,0.181874129463,8.99782146246e-06,2.88937470004e-12,2.88936869275e-12,2.88934829659e-12,0.0
0.170348446675,0.362997102389,1.15417206581e-05,0.284634553639,0.181999869698,8.4858710131e-06,2.42991531181e-12,2.42991026031e-12,2.42989310226e-12,0.0
0.169973800737,0.363095828051,1.09009361613e-05,0.284785800821,0.182125666358,8.0030918069e-06,2.04351857189e-12,2.04351432412e-12,2.04349989007e-12,0.0
0.169599948589,0.363193783551,1.0295735589e-05,0.284936904292,0.182251520008,7.54781926581e-06,1.7185660281e-12,1.71856245617e-12,1.71855031367e-12,0.0
0.169226889526,0.363290971105,9.72414255266e-06,0.285087865561,0.182377431177,7.118483928e-06,1.44528681662e-12,1.445283813e-12,1.44527359824e-12,0.0
0.16885462281,0.363387392854,9.18429044709e-06,0.285238686078,0.182503400358,6.7136060057e-06,1.21546385265e-12,1.21546132692e-12,1.21545273384e-12,0.0
0.168483147673,0.36348305087,8.67441635252e-06,0.28538936724,0.182629428007,6.33179025473e-06,1.0221867438e-12,1.02218461992e-12,1.02217739107e-12,0.0
0.168112463318,0.36357794716,8.19285527489e-06,0.285539910392,0.182755514551,5.97172113798e-06,8.59643996245e-13,8.59642210281e-13,8.59636129069e-13,0.0
0.167742568921,0.363672083672,7.73803470614e-06,0.285690316829,0.182881660383,5.63215826587e-06,7.22948265031e-13,7.22946763218e-13,7.22941647448e-13,0.0
0.16737346363,0.363765462294,7.30846948676e-06,0.285840587804,0.183007865868,5.31193209796e-06,6.07989393767e-13,6.07988130895e-13,6.07983827293e-13,0.0
0.167005146572,0.36385808486,6.90275695359e-06,0.285990724524,0.183134131346,5.00993989069e-06,5.11310824453e-13,5.11309762506e-13,5.11306142133e-13,0.0
0.166637616849,0.363949953153,6.51957235714e-06,0.286140728154,0.183260457129,4.72514187726e-06,4.30005661045e-13,4.30004768054e-13,4.30001722441e-13,0.0
0.166270873542,0.364041068909,6.15766453348e-06,0.286290599823,0.183386843503,4.45655766613e-06,3.6162926132e-13,3.61628510404e-13,3.61625948303e-13,0.0
0.165904915711,0.364131433816,5.81585181654e-06,0.286440340622,0.183513290736,4.20326284591e-06,3.04125728653e-13,3.04125097207e-13,3.04122941856e-13,0.0
0.165539742399,0.364221049521,5.49301817747e-06,0.286589951607,0.183639799068,3.96438578443e-06,2.55766093269e-13,2.55765562285e-13,2.5576374911e-13,0.0
0.165175352627,0.364309917631,5.18810957845e-06,0.286739433803,0.183766368724,3.73910461128e-06,2.15096324074e-13,2.15095877569e-13,2.15094352245e-13,0.0
0.164811745402,0.364398039713,4.90013052902e-06,0.286888788204,0.183892999906,3.52664437291e-06,1.80893607763e-13,1.80893232296e-13,1.80891949126e-13,0.0
0.164448919714,0.3644854173,4.62814083375e-06,0.287038015772,0.184019692799,3.32627435068e-06,1.52129580519e-13,1.52129264788e-13,1.52128185327e-13,0.0
0.164086874536,0.364572051891,4.37125252054e-06,0.287187117445,0.18414644757,3.13730553241e-06,1.27939406666e-13,1.27939141166e-13,1.27938233075e-13,0.0
0.163725608829,0.364657944952,4.12862693959e-06,0.287336094133,0.18427326437,2.95908822862e-06,1.0759577449e-13,1.0759555123e-13,1.07594787303e-13,0.0
0.163365121539,0.364743097922,3.89947202345e-06,0.287484946721,0.184400143336,2.79100982521e-06,9.04870272766e-14,9.04868395366e-14,9.04861968855e-14,0.0
0.163005411599,0.364827512208,3.68303969941e-06,0.287633676073,0.184527084587,2.63249266476e-06,7.60987719686e-14,7.6098614097e-14,7.60980734692e-14,0.0
0.16264647793,0.364911189194,3.4786234455e-06,0.287782283028,0.184654088232,2.48299204904e-06,6.39984124321e-14,6.39982796769e-14,6.39978248755e-14,0.0
0.162288319442,0.364994130238,3.28555598235e-06,0.287930768406,0.184781154364,2.34199435581e-06,5.38221422471e-14,5.38220306124e-14,5.3821648012e-14,0.0
0.161930935033,0.365076336673,3.10320709322e-06,0.288079133008,0.184908283064,2.20901526341e-06,4.52640059069e-14,4.52639120325e-14,4.52635901709e-14,0.0
0.161574323591,0.365157809812,2.93098156522e-06,0.288227377613,0.185035474404,2.08359807688e-06,3.80666995025e-14,3.80666205628e-14,3.80663497974e-14,0.0
0.161218483996,0.365238550947,2.76831724475e-06,0.288375502986,0.185162728442,1.96531214984e-06,3.20138342781e-14,3.2013767897e-14,3.20135401161e-14,0.0
0.160863415116,0.365318561349,2.61468320114e-06,0.288523509873,0.185290045227,1.85375139665e-06,2.69234304292e-14,2.69233746088e-14,2.69231829884e-14,0.0
0.160509115813,0.365397842273,2.46957799218e-06,0.288671399006,0.185417424798,1.74853288965e-06,2.26424455095e-14,2.26423985695e-14,2.2642237369e-14,0.0
0.160155584938,0.365476394955,2.33252802606e-06,0.288819171099,0.185544867184,1.64929553667e-06,1.9042172922e-14,1.90421334496e-14,1.90419978398e-14,0.0
0.159802821337,0.365554220616,2.20308601433e-06,0.288966826856,0.185672372406,1.5556988341e-06,1.60143721342e-14,1.60143389415e-14,1.60142248597e-14,0.0
0.159450823847,0.365631320461,2.08082951072e-06,0.289114366964,0.185799940477,1.46742169134e-06,1.34680142573e-14,1.34679863452e-14,1.34678903739e-14,0.0
0.159099591297,0.365707695681,1.96535953124e-06,0.289261792099,0.185927571402,1.38416132242e-06,1.13265451359e-14,1.13265216642e-14,1.13264409283e-14,0.0
0.158749122513,0.365783347453,1.85629925089e-06,0.289409102925,0.186055265177,1.30563220097e-06,9.52558365211e-15,9.52556391449e-15,9.52549599532e-15,0.0
0.158399416311,0.365858276944,1.75329277274e-06,0.289556300094,0.186183021793,1.23156507501e-06,8.01098603921e-15,8.01096944158e-15,8.01091230447e-15,0.0
0.158050471504,0.365932485306,1.65600396543e-06,0.289703384246,0.186310841234,1.16170603795e-06,6.73721800015e-15,6.73720404297e-15,6.73715597627e-15,0.0
0.157702286897,0.366005973681,1.5641153653e-06,0.289850356014,0.186438723477,1.09581565284e-06,5.6659856857e-15,5.6659739489e-15,5.66593351268e-15,0.0
0.157354861291,0.366078743201,1.47732713937e-06,0.289997216019,0.186566668494,1.03366812649e-06,4.76508436831e-15,4.76507449866e-15,4.76504048157e-15,0.0
0.157008193482,0.366150794989,1.39535610611e-06,0.290143964872,0.186694676251,9.75050530943e-07,4.00743019447e-15,4.00742189492e-15,4.00739327794e-15,0.0
0.156662282261,0.366222130157,1.31793481044e-06,0.290290603178,0.186822746707,9.19762069382e-07,3.37024590279e-15,3.37023892355e-15,3.37021484941e-15,0.0
0.156317126416,0.36629274981,1.24481065025e-06,0.290437131531,0.18695087982,8.67613383956e-07,2.83437602469e-15,2.83437015573e-15,2.83434990327e-15,0.0
0.155972724728,0.366362655045,1.17574505136e-06,0.290583550518,0.187079075539,8.18425903195e-07,2.38371097788e-15,2.38370604257e-15,2.38368900509e-15,0.0
0.155629075976,0.36643184695,1.11051268834e-06,0.290729860719,0.187207333812,7.72031226692e-07,2.00470273678e-15,2.00469858658e-15,2.00468425372e-15,0.0
0.155286178934,0.366500326607,1.04890074864e-06,0.290876062707,0.18733565458,7.28270544939e-07,1.6859575178e-15,1.68595402781e-15,1.68594197022e-15,0.0
0.154944032375,0.366568095093,9.9070823756e-07,0.291022157048,0.187464037782,6.86994092296e-07,1.41789323295e-15,1.41789029816e-15,1.41788015464e-15,0.0
0.154602635065,0.366635153476,9.35745321861e-07,0.291168144301,0.187592483352,6.4806063122e-07,1.19245141257e-15,1.19244894464e-15,1.19244041134e-15,0.0
0.15426198577,0.36670150282,8.8383270981e-07,0.291314025019,0.187720991221,6.11336965935e-07,1.00285493576e-15,1.00285286042e-15,1.00284568172e-15,0.0
0.153922083251,0.366767144183,8.34801065692e-07,0.29145979975,0.187849561318,5.76697483884e-07,8.43404284575e-16,8.43402539377e-16,8.43396500248e-16,0.0
0.153582926266,0.366832078619,7.88490456836e-07,0.291605469035,0.187978193565,5.44023723364e-07,7.09306196076e-16,7.093047285e-16,7.09299648037e-16,0.0
0.153244513572,0.366896307176,7.44749831353e-07,0.291751033413,0.188106887885,5.13203965846e-07,5.965295605e-16,5.96528326381e-16,5.96524052401e-16,0.0
0.152906843922,0.366959830899,7.034365249e-07,0.291896493413,0.188235644196,4.84132851575e-07,5.01684233165e-16,5.01683195364e-16,5.01679599842e-16,0.0
0.152569916068,0.367022650827,6.64415794827e-07,0.292041849564,0.188364462414,4.56711017109e-07,4.21919116467e-16,4.21918243754e-16,4.21915218989e-16,0.0
0.152233728758,0.367084767998,6.27560380217e-07,0.292187102387,0.188493342452,4.30844753555e-07,3.54836447815e-16,3.54835713928e-16,3.54833169316e-16,0.0
0.151898280738,0.367146183445,5.92750086356e-07,0.292332252401,0.18862228422,4.06445684304e-07,2.98419716552e-16,2.98419099407e-16,2.98416958728e-16,0.0
0.151563570753,0.367206898197,5.59871392286e-07,0.29247730012,0.188751287628,3.83430461168e-07,2.50973042719e-16,2.50972523745e-16,2.50970722876e-16,0.0
0.151229597547,0.367266913281,5.28817080165e-07,0.292622246052,0.188880352582,3.61720477854e-07,2.11070195077e-16,2.11069758658e-16,2.11068243658e-16,0.0
0.150896359859,0.367326229721,4.99485885209e-07,0.292767090706,0.189009478986,3.41241599785e-07,1.77511715673e-16,1.77511348676e-16,1.77510074165e-16,0.0
0.15056385643,0.367384848539,4.71782165077e-07,0.292911834582,0.189138666743,3.21923909342e-07,1.492888619e-16,1.49288553282e-16,1.49287481084e-16,0.0
0.150232085996,0.367442770754,4.45615587629e-07,0.29305647818,0.189267915752,3.0370146564e-07,1.25553282022e-16,1.25553022495e-16,1.25552120496e-16,0.0
0.149901047295,0.367499997382,4.20900836021e-07,0.293201021996,0.189397225914,2.86512078007e-07,1.05591512481e-16,1.05591294237e-16,1.05590535418e-16,0.0
0.149570739059,0.367556529438,3.97557330182e-07,0.293345466523,0.189526597125,2.70297092386e-07,8.88035302844e-17,8.88033467562e-17,8.88027083904e-17,0.0
0.149241160024,0.367612367936,3.75508963768e-07,0.29348981225,0.189656029281,2.55001189919e-07,7.46847156814e-17,7.46845613467e-17,7.46840243128e-17,0.0
0.14891230892,0.367667513886,3.54683855715e-07,0.293634059663,0.189785522275,2.40572197021e-07,6.28106828587e-17,6.28105530736e-17,6.28101012862e-17,0.0
0.148584184479,0.367721968298,3.35014115604e-07,0.293778209246,0.189915076002,2.26960906283e-07,5.28245226285e-17,5.28244134879e-17,5.28240334151e-17,0.0
0.148256785431,0.36777573218,3.16435622051e-07,0.293922261481,0.190044690352,2.14120907591e-07,4.4426073579e-17,4.4425981799e-17,4.4425662057e-17,0.0
0.147930110504,0.367828806539,2.98887813412e-07,0.294066216846,0.190174365215,2.0200842887e-07,3.73628991509e-17,3.73628219698e-17,3.73625529819e-17,0.0
0.147604158426,0.36788119238,2.82313490105e-07,0.294210075817,0.190304100481,1.9058218591e-07,3.14226993857e-17,3.14226344814e-17,3.1422408191e-17,0.0
0.147278927924,0.367932890709,2.6665862792e-07,0.294353838868,0.190433896038,1.79803240757e-07,2.6426929227e-17,2.64268746466e-17,2.6426684276e-17,0.0
0.146954417725,0.367983902528,2.5187220169e-07,0.294497506469,0.190563751771,1.69634868171e-07,2.22254315247e-17,2.22253856261e-17,2.22252254736e-17,0.0
0.146630626552,0.36803422884,2.37906018765e-07,0.294641079091,0.190693667569,1.60042429697e-07,1.8691923401e-17,1.86918848031e-17,1.8691750072e-17,0.0
0.146307553132,0.368083870646,2.24714561727e-07,0.2947845572,0.190823643314,1.50993254916e-07,1.57202002887e-17,1.57201678302e-17,1.57200544853e-17,0.0
0.145985196188,0.368132828948,2.12254839842e-07,0.294927941261,0.190953678892,1.42456529461e-07,1.32209435305e-17,1.32209162349e-17,1.32208208813e-17,0.0
0.145663554442,0.368181104747,2.00486248767e-07,0.295071231737,0.191083774185,1.34403189416e-07,1.11190355704e-17,1.11190126164e-17,1.11189323984e-17,0.0
0.145342626619,0.368228699041,1.89370438043e-07,0.295214429089,0.191213929075,1.26805821728e-07,9.35130202907e-18,9.35128272616e-18,9.35121524117e-18,0.0
0.145022411439,0.36827561283,1.78871185952e-07,0.295357533775,0.191344143446,1.19638570301e-07,7.86461278687e-18,7.86459655425e-18,7.86453978115e-18,0.0
0.144702907626,0.368321847112,1.6895428132e-07,0.295500546254,0.191474417176,1.12877047431e-07,6.61428499256e-18,6.61427134187e-18,6.61422358032e-18,0.0
0.144384113899,0.368367402887,1.59587411886e-07,0.295643466981,0.191604750147,1.06498250292e-07,5.56273999063e-18,5.56272851118e-18,5.56268833077e-18,0.0
0.144066028981,0.368412281152,1.50740058874e-07,0.295786296409,0.191735142239,1.00480482177e-07,4.67837379401e-18,4.67836414044e-18,4.6783303378e-18,0.0
0.143748651591,0.368456482904,1.42383397412e-07,0.29592903499,0.191865593329,9.48032782232e-08,3.93460714845e-18,3.93459903033e-18,3.93457059311e-18,0.0
0.14343198045,0.368500009141,1.34490202491e-07,0.296071683175,0.191996103296,8.94473353699e-08,3.30908663347e-18,3.30907980658e-18,3.30905588311e-18,0.0
0.143116014277,0.368542860861,1.27034760139e-07,0.296214241413,0.192126672019,8.43944463038e-08,2.78301278518e-18,2.78300704413e-18,2.78298691796e-18,0.0
0.142800751794,0.36858503906,1.19992783528e-07,0.296356710151,0.192257299374,7.96274371645e-08,2.34057504463e-18,2.34057021672e-18,2.3405532851e-18,0.0
0.142486191719,0.368626544736,1.1334133375e-07,0.296499089835,0.192387985239,7.51301087977e-08,1.96847654661e-18,1.96847248659e-18,1.96845824245e-18,0.0
0.142172332771,0.368667378885,1.07058744975e-07,0.296641380909,0.192518729489,7.0887181353e-08,1.65553446442e-18,1.65553105015e-18,1.65551906692e-18,0.0
0.14185917367,0.368707542503,1.01124553782e-07,0.296783583817,0.192649532001,6.68842420346e-08,1.39234389751e-18,1.39234102629e-18,1.39233094508e-18,0.0
0.141546713136,0.368747036589,9.5519432406e-08,0.296925698999,0.192780392649,6.31076958264e-08,1.17099519876e-18,1.1709927842e-18,1.17098430313e-18,0.0
0.141234949887,0.368785862137,9.02251256896e-08,0.297067726897,0.192911311309,5.95447190222e-08,9.84836244747e-19,9.84834214228e-19,9.84827079301e-19,0.0
0.140923882642,0.368824020146,8.52243915424e-08,0.297209667948,0.193042287856,5.61832153993e-08,8.28272503303e-19,8.28270795735e-19,8.28264793285e-19,0.0
0.140613510122,0.368861511611,8.05009447021e-08,0.29735152259,0.193173322164,5.30117748869e-08,6.96598888638e-19,6.96597452656e-19,6.96592402929e-19,0.0
0.140303831044,0.36889833753,7.60394036192e-08,0.29749329126,0.193304414107,5.00196345859e-08,5.8585835012e-19,5.85857142528e-19,5.85852894303e-19,0.0
0.139994844128,0.368934498899,7.18252402921e-08,0.297634974392,0.193435563559,4.71966420063e-08,4.92722944115e-19,4.92721928585e-19,4.92718354644e-19,0.0
0.139686548093,0.368969996716,6.78447328862e-08,0.29777657242,0.193566770392,4.45332203966e-08,4.14393814258e-19,4.14392960244e-19,4.14389953562e-19,0.0
0.139378941659,0.369004831978,6.40849209854e-08,0.297918085777,0.193698034481,4.20203360447e-08,3.48517073846e-19,3.4851635566e-19,3.48513826198e-19,0.0
0.139072023546,0.369039005681,6.05335633267e-08,0.298059514893,0.193829355697,3.9649467439e-08,2.93113062019e-19,2.93112458056e-19,2.9311033007e-19,0.0
0.138765792473,0.369072518823,5.71790978828e-08,0.298200860199,0.193960733914,3.74125761835e-08,2.46516847407e-19,2.465163395e-19,2.46514549266e-19,0.0
0.138460247159,0.369105372402,5.40106041602e-08,0.298342122124,0.194092169003,3.53020795672e-08,2.07328190994e-19,2.07327763866e-19,2.07326257775e-19,0.0
0.138155386326,0.369137567414,5.10177675911e-08,0.298483301095,0.194223660837,3.33108246923e-08,1.74369464266e-19,1.74369105069e-19,1.74367838022e-19,0.0
0.137851208693,0.369169104859,4.81908459022e-08,0.298624397539,0.194355209287,3.14320640748e-08,1.46650257824e-19,1.46649955754e-19,1.46648889809e-19,0.0
0.13754771298,0.369199985733,4.55206373503e-08,0.298765411881,0.194486814226,2.96594326311e-08,1.23337616753e-19,1.23337362725e-19,1.23336465963e-19,0.0
0.13724489791,0.369230211035,4.29984507222e-08,0.298906344546,0.194618475524,2.79869259739e-08,1.03731008145e-19,1.03730794517e-19,1.03730040087e-19,0.0
0.136942762203,0.369259781763,4.06160769997e-08,0.299047195957,0.194750193053,2.64088799409e-08,8.724126842e-20,8.72410887674e-20,8.72404540766e-20,0.0
0.13664130458,0.369288698915,3.83657625973e-08,0.299187966536,0.194881966683,2.49199512878e-08,7.33728977019e-20,7.33727466209e-20,7.33722126651e-20,0.0
0.136340523764,0.369316963491,3.6240184087e-08,0.299328656704,0.195013796287,2.35150994784e-08,6.17091691114e-20,6.17090420578e-20,6.17085928486e-20,0.0
0.136040418476,0.369344576488,3.42324243246e-08,0.299469266881,0.195145681733,2.2189569509e-08,5.18996054352e-20,5.18994985878e-20,5.18991206744e-20,0.0
0.135740987439,0.369371538907,3.23359499027e-08,0.299609797486,0.195277622894,2.09388757098e-08,4.36494467949e-20,4.36493569401e-20,4.36490390065e-20,0.0
0.135442229376,0.369397851745,3.05445898546e-08,0.299750248937,0.195409619639,1.97587864655e-08,3.6710792771e-20,3.67107172062e-20,3.67104497328e-20,0.0
0.13514414301,0.369423516002,2.8852515541e-08,0.29989062165,0.19554167184,1.86453098052e-08,3.08751527696e-20,3.08750892222e-20,3.08748642001e-20,0.0
0.134846727066,0.369448532678,2.72542216525e-08,0.300030916043,0.195673779365,1.75946798097e-08,2.59671807423e-20,2.5967127301e-20,2.59669379925e-20,0.0
0.134549980267,0.369472902773,2.57445082674e-08,0.300171132528,0.195805942085,1.6603343792e-08,2.18394059639e-20,2.18393610216e-20,2.18392017584e-20,0.0
0.134253901338,0.369496627285,2.43184639053e-08,0.30031127152,0.19593815987,1.56679502048e-08,1.83678015138e-20,1.83677637187e-20,1.83676297323e-20,0.0
0.133958489005,0.369519707216,2.2971449521e-08,0.300451333432,0.196070432591,1.47853372363e-08,1.54480572768e-20,1.54480254923e-20,1.54479127709e-20,0.0
0.133663741992,0.369542143566,2.16990833874e-08,0.300591318675,0.196202760115,1.39525220517e-08,1.29924454598e-20,1.299241873e-20,1.29923238985e-20,0.0
0.133369659028,0.369563937334,2.04972268172e-08,0.30073122766,0.196335142315,1.31666906473e-08,1.09271844228e-20,1.09271619438e-20,1.09270821629e-20,0.0
0.133076238837,0.369585089521,1.93619706774e-08,0.300871060797,0.196467579058,1.24251882797e-08,9.19022160316e-21,9.19020269897e-21,9.1901355799e-21,0.0
0.132783480148,0.369605601128,1.82896226519e-08,0.301010818495,0.196600070214,1.17255104385e-08,7.72936890378e-21,7.72935300588e-21,7.72929653911e-21,0.0
0.132491381688,0.369625473156,1.72766952117e-08,0.30115050116,0.196732615653,1.10652943319e-08,6.50073451144e-21,6.50072114173e-21,6.50067363662e-21,0.0
0.132199942187,0.369644706605,1.6319894252e-08,0.301290109201,0.196865215245,1.04423108551e-08,5.46740401825e-21,5.46739277468e-21,5.46735280893e-21,0.0
0.131909160372,0.369663302477,1.5416108361e-08,0.301429643022,0.196997868858,9.85445701469e-09,4.59833121251e-21,4.59832175695e-21,4.59828813398e-21,0.0
0.131619034975,0.369681261773,1.45623986833e-08,0.301569103029,0.197130576361,9.29974878294e-09,3.86740520583e-21,3.86739725393e-21,3.8673689671e-21,0.0
0.131329564725,0.369698585494,1.37559893468e-08,0.301708489624,0.197263337625,8.7763143579e-09,3.25266586309e-21,3.25265917573e-21,3.25263537814e-21,0.0
