0.0 0.0,0.0 1.0,0.0 2.0,0.0 3.0,0.0 4.0,1.0 0.0,1.0 1.0,1.0 2.0,1.0 3.0,1.0 4.0,2.0 0.0,2.0 1.0,2.0 2.0,2.0 3.0,2.0 4.0,3.0 0.0,3.0 1.0,3.0 2.0,3.0 3.0,3.0 4.0,4.0 0.0,4.0 1.0,4.0 2.0,4.0 3.0,4.0 4.0,other
0.04,0.04,0.04,0.04,0.04,0.04,0.04,0.04,0.04,0.04,0.04,0.04,0.04,0.04,0.04,0.04,0.04,0.04,0.04,0.04,0.04,0.04,0.04,0.04,0.04,0.0
0.0386217948718,0.0386217948718,0.0386217948718,0.038621794941,0.0386217948718,0.0386217948718,0.0386217948718,0.0386217948718,0.0386217948718,0.0386217948718,0.0386217948718,0.0386217948718,0.0386217948718,0.0386217948718,0.0386217948718,0.0386217948718,0.0386217948718,0.0386217948718,0.0386217948718,0.0386217948718,0.0386217948718,0.0386217948718,0.0386217948718,0.0730620881083,0.0386366297712,0.0
0.0362779196364,0.0362779196364,0.0362779196364,0.03627791983,0.0362779196367,0.0362779196364,0.0362779196364,0.0362779196364,0.0362779196364,0.0362779196364,0.0362779196364,0.0362779196364,0.0362779196364,0.0362779196364,0.0362779196364,0.0362779196364,0.0362779196364,0.0362779196364,0.0362779196364,0.0362779196364,0.0362779196364,0.0362779196364,0.0362779196364,0.12925073981,0.0363571083582,0.0
0.0326672229434,0.0326672229434,0.0326672229434,0.0326672234801,0.0326672229541,0.0326672229434,0.0326672229434,0.0326672229434,0.0326672229434,0.0326672229434,0.0326672229434,0.0326672229434,0.0326672229434,0.0326672229434,0.0326672229434,0.0326672229434,0.0326672229434,0.0326672229434,0.0326672229434,0.0326672229434,0.0326672229434,0.0326672229434,0.0326672229434,0.215119062687,0.0335348090665,0.0
0.0300264959786,0.0300264959786,0.0300264959786,0.0300264972921,0.0300264973502,0.0300264959786,0.0300264959786,0.0300264959786,0.0300264959786,0.0300264959786,0.0300264959786,0.0300264959786,0.0300264959786,0.0300264959786,0.0300264959786,0.0300264959786,0.0300264959786,0.0300264959786,0.0300264959786,0.0300264959786,0.0300264959786,0.0300264959786,0.0300264959786,0.261613854245,0.0477767355618,0.0
0.0286962868024,0.0286962868024,0.0286962868024,0.0286962885939,0.0286963056369,0.0286962868024,0.0286962868024,0.0286962868024,0.0286962868024,0.0286962868024,0.0286962868024,0.0286962868024,0.0286962868024,0.0286962868024,0.0286962868025,0.0286962868024,0.0286962868024,0.0286962868024,0.0286962868024,0.0286962868024,0.0286962868024,0.0286962868024,0.0286962868024,0.255078497868,0.08490688505,0.0
0.0267520548101,0.0267520548101,0.0267520548101,0.0267520579534,0.0267522865889,0.0267520548101,0.0267520548101,0.0267520548101,0.0267520548101,0.0267520548101,0.0267520548101,0.0267520548101,0.0267520548101,0.0267520548101,0.0267520548103,0.0267520548101,0.0267520548101,0.0267520548101,0.0267520548101,0.0267520548101,0.0267520548101,0.0267520548101,0.0267520548101,0.236646602318,0.148055902128,0.0
0.0238394343254,0.0238394343254,0.0238394343254,0.0238394466952,0.0238519565302,0.0238394343254,0.0238394343254,0.0238394343254,0.0238394343254,0.0238394343254,0.0238394343254,0.0238394343254,0.0238394343254,0.0238394343254,0.0238394343519,0.0238394343254,0.0238394343254,0.0238394343254,0.0238394343254,0.0238394343254,0.0238394343254,0.0238394343254,0.0238394343254,0.206810063921,0.244870411994,0.0
0.0207169559755,0.0207169559755,0.0207169559755,0.0207171013254,0.025298465246,0.0207169559755,0.0207169559755,0.0207169559755,0.0207169559755,0.0207169559755,0.0207169559755,0.0207169559755,0.0207169559755,0.0207169559769,0.020717002537,0.0207169559755,0.0207169559755,0.0207169559755,0.0207169559755,0.0207169559755,0.0207169559755,0.0207169559755,0.0207169559755,0.174649765159,0.344278546222,0.0
0.0202926556345,0.0202926556345,0.0202926556345,0.0202928183533,0.0467675226322,0.0202926556345,0.0202926556345,0.0202926556345,0.0202926556345,0.0202926556345,0.0202926556345,0.0202926556345,0.0202926556345,0.020292655637,0.0202936818698,0.0202926556345,0.0202926556345,0.0202926556345,0.0202926556345,0.0202926556345,0.0202926556345,0.0202926556345,0.0202926556345,0.170279084617,0.336513779834,0.0
0.0195668381894,0.0195668381894,0.0195668381894,0.0195670427768,0.0848070757881,0.0195668381894,0.0195668381894,0.0195668381894,0.0195668381894,0.0195668381894,0.0195668381894,0.0195668381894,0.0195668381894,0.0195668381952,0.0195690030085,0.0195668381894,0.0195668381894,0.0195668381894,0.0195668381894,0.0195668381894,0.0195668381894,0.0195668381894,0.0195668381894,0.162802502397,0.321917612235,0.0
0.018362195045,0.018362195045,0.018362195045,0.0183626098523,0.148503248694,0.018362195045,0.018362195045,0.018362195045,0.018362195045,0.018362195045,0.018362195045,0.018362195045,0.018362195045,0.0183621950731,0.0183658199749,0.018362195045,0.018362195045,0.018362195045,0.018362195045,0.018362195045,0.018362195045,0.018362195045,0.018362195045,0.150393577976,0.297130842576,0.0
0.0165272186157,0.0165272186157,0.0165272186157,0.0165305190358,0.245635029849,0.0165272186157,0.0165272186157,0.0165272186157,0.0165272186157,0.0165272186157,0.0165272186157,0.0165272186157,0.0165272186157,0.0165272192061,0.0165331321841,0.0165272186157,0.0165272186157,0.0165272186157,0.0165272186157,0.0165272186157,0.0165272186157,0.0165272186157,0.0165272186157,0.131491644769,0.259265301258,0.0
0.0141129989928,0.0141129989928,0.0141129989928,0.014260893574,0.373291858073,0.0141129989928,0.0141129989928,0.0141129989928,0.0141129989928,0.0141129989928,0.0141129989928,0.0141129989928,0.0141129989928,0.0141130743141,0.0141238225155,0.0141129989928,0.0141129989928,0.0141129989928,0.0141129989928,0.0141129989928,0.0141129989928,0.0141129989928,0.0141129989928,0.106622977327,0.209440393332,0.0
0.0131196930849,0.0131196930849,0.0131196930849,0.0216339728095,0.4174898409,0.0131196930849,0.0131196930849,0.0131196930849,0.0131196930849,0.0131196930849,0.0131196930849,0.0131196930849,0.0131196930849,0.0131353749886,0.0131352094144,0.0131196930849,0.0131196930849,0.0131196930849,0.0131196930849,0.0131196930849,0.0131196930849,0.0131196930849,0.0131196930849,0.0963910190268,0.188940414247,0.0
0.0128013164803,0.0128013164803,0.0128013164803,0.0389241564677,0.416701031072,0.0128013164803,0.0128013164803,0.0128013164803,0.0128013164803,0.0128013164803,0.0128013164803,0.0128013164803,0.0128013164803,0.0128509643048,0.012817670278,0.0128013164803,0.0128013164803,0.0128013164803,0.0128013164803,0.0128013164803,0.0128013164803,0.0128013164803,0.0128013164803,0.093111449127,0.182369715624,0.0
0.0124205580975,0.0124205580975,0.0124205580975,0.0699567640408,0.405407172413,0.0124205580975,0.0124205580975,0.0124205580975,0.0124205580975,0.0124205580975,0.0124205580975,0.0124205580975,0.0124205580975,0.0125076238567,0.0124369723381,0.0124205580975,0.0124205580975,0.0124205580975,0.0124205580975,0.0124205580975,0.0124205580975,0.0124205580975,0.0124205580975,0.0891892899171,0.174511573582,0.0
0.0118625222359,0.0118625222359,0.0118625222359,0.123200323657,0.381109267245,0.0118625222359,0.0118625222359,0.0118625222359,0.0118625222359,0.0118625222359,0.0118625222359,0.0118625222359,0.0118625222359,0.0119885166295,0.0118782038652,0.0118625222359,0.0118625222359,0.0118625222359,0.0118625222359,0.0118625222359,0.0118625222359,0.0118625222359,0.0118625222359,0.0834410107223,0.1629947554,0.0
0.0110182816036,0.0110182816036,0.0110182816036,0.207628764037,0.340493310217,0.0110182816036,0.0110182816036,0.0110182816036,0.0110182816036,0.0110182816036,0.0110182816036,0.0110182816036,0.0110182816036,0.0111824406075,0.0110323684704,0.0110182816036,0.0110182816036,0.0110182816036,0.0110182816036,0.0110182816036,0.0110182816036,0.0110182816036,0.0110182816036,0.0747445610264,0.145571205174,0.0
0.0098471525211,0.0098471525211,0.0098471525211,0.325817247209,0.283098759594,0.0098471525211,0.0098471525211,0.0098471525211,0.0098471525211,0.0098471525211,0.0098471525211,0.0098471525211,0.0098471525211,0.0100470895867,0.00985885488126,0.0098471525211,0.0098471525211,0.0098471525211,0.0098471525211,0.0098471525211,0.0098471525211,0.0098471525211,0.0098471525211,0.0626808631066,0.121401287722,0.0
0.00846383554606,0.00846383554606,0.00846383554606,0.46555342454,0.215178107731,0.00846383554606,0.00846383554606,0.00846383554606,0.00846383554606,0.00846383554606,0.00846383554606,0.00846383554606,0.00846383554606,0.00869922393962,0.00847269037676,0.00846383554606,0.00846383554606,0.00846383554606,0.00846383554606,0.00846383554606,0.00846383554606,0.00846383554606,0.00846383554606,0.0484314696568,0.0928522083805,0.0
0.00711865460361,0.00711865460361,0.00711865460361,0.601435276216,0.149123482383,0.00711865460361,0.00711865460361,0.00711865460361,0.00711865460361,0.00711865460361,0.00711865460361,0.00711865460361,0.00711865460361,0.00739577324037,0.00712473766708,0.00711865460361,0.00711865460361,0.00711865460361,0.00711865460361,0.00711865460361,0.00711865460361,0.00711865460361,0.00711865460361,0.0345761074835,0.0650901855418,0.0
0.00603669946605,0.00603669946605,0.00603669946605,0.710674260269,0.0959942826438,0.00603669946605,0.00603669946605,0.00603669946605,0.00603669946605,0.00603669946605,0.00603669946605,0.00603669946605,0.00603669946605,0.00636640344766,0.00604055298963,0.00603669946605,0.00603669946605,0.00603669946605,0.00603669946605,0.00603669946605,0.00603669946605,0.00603669946605,0.00603669946605,0.0234665589915,0.0427606518035,0.0
0.00530196436852,0.00530196436852,0.00530196436852,0.784400853115,0.0599152513484,0.00530196436852,0.00530196436852,0.00530196436852,0.00530196436852,0.00530196436852,0.00530196436852,0.00530196436852,0.00530196436852,0.00568929270554,0.00530430384529,0.00530196436852,0.00530196436852,0.00530196436852,0.00530196436852,0.00530196436852,0.00530196436852,0.00530196436852,0.00530196436852,0.0163558846453,0.0275970913386,0.0
0.00489336235459,0.00489336235459,0.00489336235459,0.823650441267,0.0398509246904,0.00489336235459,0.00489336235459,0.00489336235459,0.00489336235459,0.00489336235459,0.00489336235459,0.00489336235459,0.00489336235459,0.00532775048977,0.00489485983661,0.00489336235459,0.00489336235459,0.00489336235459,0.00489336235459,0.00489336235459,0.00489336235459,0.00489336235459,0.00489336235459,0.0141378302379,0.0191643087407,0.0
0.00468782751899,0.00468782751899,0.00468782751899,0.840685259843,0.0297581744182,0.00468782751899,0.00468782751899,0.00468782751899,0.00468782751899,0.00468782751899,0.00468782751899,0.00468782751899,0.00468782751899,0.00515214810788,0.00468890146104,0.00468782751899,0.00468782751899,0.00468782751899,0.00468782751899,0.00468782751899,0.00468782751899,0.00468782751899,0.00468782751899,0.0157243397867,0.0149224535225,0.0
0.00456905324631,0.00456905324631,0.00456905324631,0.847272430781,0.0239257856175,0.00456905324631,0.00456905324631,0.00456905324631,0.00456905324631,0.00456905324631,0.00456905324631,0.00456905324631,0.00456905324631,0.00505237114658,0.00456988243348,0.00456905324631,0.00456905324631,0.00456905324631,0.00456905324631,0.00456905324631,0.00456905324631,0.00456905324631,0.00456905324631,0.0198963440236,0.0124711743179,0.0
0.00449020498227,0.00449020498227,0.00449020498227,0.847471637309,0.0200539561227,0.00449020498227,0.00449020498227,0.00449020498227,0.00449020498227,0.00449020498227,0.00449020498227,0.00449020498227,0.00449020498227,0.0049857385519,0.004490871689,0.00449020498227,0.00449020498227,0.00449020498227,0.00449020498227,0.00449020498227,0.00449020498227,0.00449020498227,0.00449020498227,0.0268400082844,0.0108438933795,0.0
0.00443285273673,0.00443285273673,0.00443285273673,0.841977285518,0.0172376846602,0.00443285273673,0.00443285273673,0.00443285273673,0.00443285273673,0.00443285273673,0.00443285273673,0.00443285273673,0.00443285273673,0.00493538743641,0.00443340125927,0.00443285273673,0.00443285273673,0.00443285273673,0.00443285273673,0.00443285273673,0.00443285273673,0.00443285273673,0.00443285273673,0.0375317890032,0.00966025012495,0.0
0.00438836540154,0.00438836540154,0.00438836540154,0.829944712086,0.0150531422539,0.00438836540154,0.00438836540154,0.00438836540154,0.00438836540154,0.00438836540154,0.00438836540154,0.00438836540154,0.00438836540154,0.00489289968519,0.00438882225029,0.00438836540154,0.00438836540154,0.00438836540154,0.00438836540154,0.00438836540154,0.00438836540154,0.00438836540154,0.00438836540154,0.0535993664958,0.00874211460004,0.0
0.0043520618772,0.0043520618772,0.0043520618772,0.80945882228,0.0132704643761,0.0043520618772,0.0043520618772,0.0043520618772,0.0043520618772,0.0043520618772,0.0043520618772,0.0043520618772,0.0043520618772,0.00485292974589,0.00435244391643,0.0043520618772,0.0043520618772,0.0043520618772,0.0043520618772,0.0043520618772,0.0043520618772,0.0043520618772,0.0043520618772,0.0773832863574,0.00799287765706,0.0
0.00432112328291,0.00432112328291,0.00432112328291,0.777716424896,0.0117512304125,0.00432112328291,0.00432112328291,0.00432112328291,0.00432112328291,0.00432112328291,0.00432112328291,0.00432112328291,0.00432112328291,0.00481130818183,0.00432144156846,0.00432112328291,0.00432112328291,0.00432112328291,0.00432112328291,0.00432112328291,0.00432112328291,0.00432112328291,0.00432112328291,0.111943889676,0.00735436288929,0.0
0.00429376997253,0.00429376997253,0.00429376997253,0.731398461608,0.0104080512568,0.00429376997253,0.00429376997253,0.00429376997253,0.00429376997253,0.00429376997253,0.00429376997253,0.00429376997253,0.00429376997253,0.00476444519745,0.00429403189705,0.00429376997253,0.00429376997253,0.00429376997253,0.00429376997253,0.00429376997253,0.00429376997253,0.00429376997253,0.00429376997253,0.16076353854,0.00678984202227,0.0
0.0042689559706,0.0042689559706,0.0042689559706,0.667625819821,0.00918956620679,0.0042689559706,0.0042689559706,0.0042689559706,0.0042689559706,0.0042689559706,0.0042689559706,0.0042689559706,0.0042689559706,0.00470954839541,0.00426916685933,0.0042689559706,0.0042689559706,0.0042689559706,0.0042689559706,0.0042689559706,0.0042689559706,0.0042689559706,0.0042689559706,0.22681800076,0.00627773451687,0.0
0.00424629319887,0.00424629319887,0.00424629319887,0.585718682837,0.00807680785183,0.00424629319887,0.00424629319887,0.00424629319887,0.00424629319887,0.00424629319887,0.00424629319887,0.00424629319887,0.00424629319887,0.00464554169041,0.00424646267888,0.00424629319887,0.00424629319887,0.00424629319887,0.00424629319887,0.00424629319887,0.00424629319887,0.00424629319887,0.00424629319887,0.310822534118,0.00581040004513,0.0
0.00422626635791,0.00422626635791,0.00422626635791,0.49049740192,0.00710656081733,0.00422626635791,0.00422626635791,0.00422626635791,0.00422626635791,0.00422626635791,0.00422626635791,0.00422626635791,0.00422626635791,0.00457518196082,0.0042272511489,0.00422626635791,0.00422626635791,0.00422626635791,0.00422626635791,0.00422626635791,0.00422626635791,0.00422626635791,0.00422626635791,0.407836551419,0.00545799193317,0.0
0.00422328279326,0.00422328279326,0.00422328279326,0.472268197081,0.00763599690535,0.00422328279326,0.00422328279326,0.00422328279326,0.00422328279326,0.00422328279326,0.00422328279326,0.00422328279326,0.00422328279326,0.00456184805325,0.0042744198877,0.00422328279326,0.00422328279326,0.00422328279326,0.00422328279326,0.00422328279326,0.00422328279326,0.00422328279326,0.00422328279326,0.42210149056,0.0089156744406,0.0
0.00422185662682,0.00422185662682,0.00422185662682,0.463049873311,0.00850606711084,0.00422185662682,0.00422185662682,0.00422185662682,0.00422185662682,0.00422185662682,0.00422185662682,0.00422185662682,0.00422185662682,0.00455501402963,0.00433899555708,0.00422185662682,0.00422185662682,0.00422185662682,0.00422185662682,0.00422185662682,0.00422185662682,0.00422185662682,0.00422185662682,0.424335469077,0.0149993050048,0.0
0.00422057710784,0.00422057710784,0.00422057710784,0.454432556052,0.00984113254758,0.00422057710784,0.00422057710784,0.00422057710784,0.00422057710784,0.00422057710784,0.00422057710784,0.00422057710784,0.00422057710784,0.00454853088934,0.00442782211534,0.00422057710784,0.00422057710784,0.00422057710784,0.00422057710784,0.00422057710784,0.00422057710784,0.00422057710784,0.00422057710784,0.421868871654,0.0246901216928,0.0
0.00421921218279,0.00421921218279,0.00421921218279,0.44492241848,0.0121826968095,0.00421921218279,0.00421921218279,0.00421921218279,0.00421921218279,0.00421921218279,0.00421921218279,0.00421921218279,0.00421921218279,0.00454129534656,0.00456500962855,0.00421921218279,0.00421921218279,0.00421921218279,0.00421921218279,0.00421921218279,0.00421921218279,0.00421921218279,0.00421921218279,0.415281049764,0.0383424984985,0.0
0.00421777350539,0.00421777350539,0.00421777350539,0.434733721262,0.0168273248231,0.00421777350539,0.00421777350539,0.00421777350539,0.00421777350539,0.00421777350539,0.00421777350539,0.00421777350539,0.00421777350539,0.00453355656805,0.00479343389001,0.00421777350539,0.00421777350539,0.00421777350539,0.00421777350539,0.00421777350539,0.00421777350539,0.00421777350539,0.00421777350539,0.405828077142,0.0531461897124,0.0
0.00421639144039,0.00421639144039,0.00421639144039,0.424949574191,0.0260281737451,0.00421639144039,0.00421639144039,0.00421639144039,0.00421639144039,0.00421639144039,0.00421639144039,0.00421639144039,0.00421639144039,0.00452624650584,0.00514259900466,0.00421639144039,0.00421639144039,0.00421639144039,0.00421639144039,0.00421639144039,0.00421639144039,0.00421639144039,0.00421639144039,0.395644300073,0.0635976691133,0.0
0.00421491505773,0.00421491505773,0.00421491505773,0.414556595194,0.0428666090785,0.00421491505773,0.00421491505773,0.00421491505773,0.00421491505773,0.00421491505773,0.00421491505773,0.00421491505773,0.00421491505773,0.00451866173169,0.00559105751221,0.00421491505773,0.00421491505773,0.00421491505773,0.00421491505773,0.00421491505773,0.00421491505773,0.00421491505773,0.00421491505773,0.384306679174,0.0680770112127,0.0
0.00421292288029,0.00421292288029,0.00421292288029,0.400906345661,0.0718083072964,0.00421292288029,0.00421292288029,0.00421292288029,0.00421292288029,0.00421292288029,0.00421292288029,0.00421292288029,0.00421292288029,0.00450923092289,0.00609824971146,0.00421292288029,0.00421292288029,0.00421292288029,0.00421292288029,0.00421292288029,0.00421292288029,0.00421292288029,0.00421292288029,0.368763745627,0.0678685860561,0.0
0.00420983254582,0.00420983254582,0.00420983254582,0.382652662858,0.117586998672,0.00420983254582,0.00420983254582,0.00420983254582,0.00420983254582,0.00420983254582,0.00420983254582,0.00420983254582,0.00420983254582,0.00450003793292,0.00659938363389,0.00420983254582,0.00420983254582,0.00420983254582,0.00420983254582,0.00420983254582,0.00420983254582,0.00420983254582,0.00420983254582,0.344495680938,0.0641784175944,0.0
0.00420469424429,0.00420469424429,0.00420469424429,0.374667223213,0.172880796573,0.00420469424429,0.00420469424429,0.00420469424429,0.00420469424429,0.00420469424429,0.00420469424429,0.00420469424429,0.00420469424429,0.00452828852249,0.00691149525724,0.00420469424429,0.00420469424429,0.00420469424429,0.00420469424429,0.00420469424429,0.00420469424429,0.00420469424429,0.00420469424429,0.304033125491,0.0570898803013,0.0
0.00419636243765,0.00419636243765,0.00419636243765,0.464384448292,0.160770762135,0.00419636243765,0.00419636243765,0.00419636243765,0.00419636243765,0.00419636243765,0.00419636243765,0.00419636243765,0.00419636243765,0.00479193365699,0.00647506013758,0.00419636243765,0.00419636243765,0.00419636243765,0.00419636243765,0.00419636243765,0.00419636243765,0.00419636243765,0.00419636243765,0.238351349816,0.0454955596473,0.0
0.00418788287972,0.00418788287972,0.00418788287972,0.588063518961,0.116278079293,0.00418788287972,0.00418788287972,0.00418788287972,0.00418788287972,0.00418788287972,0.00418788287972,0.00418788287972,0.00418788287972,0.00503913567098,0.00581737108662,0.00418788287972,0.00418788287972,0.00418788287972,0.00418788287972,0.00418788287972,0.00418788287972,0.00418788287972,0.00418788287972,0.171537901362,0.0336942189121,0.0
0.00418072316829,0.00418072316829,0.00418072316829,0.692310081123,0.0784456205303,0.00418072316829,0.00418072316829,0.00418072316829,0.00418072316829,0.00418072316829,0.00418072316829,0.00418072316829,0.00418072316829,0.00513523530709,0.00526032602229,0.00418072316829,0.00418072316829,0.00418072316829,0.00418072316829,0.00418072316829,0.00418072316829,0.00418072316829,0.00418072316829,0.115685266077,0.0237297307434,0.0
0.00417558829019,0.00417558829019,0.00417558829019,0.763704129202,0.0513113288873,0.00417558829019,0.00417558829019,0.00417558829019,0.00417558829019,0.00417558829019,0.00417558829019,0.00417558829019,0.00417558829019,0.00512354305255,0.00486080940697,0.00417558829019,0.00417558829019,0.00417558829019,0.00417558829019,0.00417558829019,0.00417558829019,0.00417558829019,0.00417558829019,0.0790807212083,0.0165832907296,0.0
0.00417256597878,0.00417256597878,0.00417256597878,0.796981594817,0.0353404860819,0.00417256597878,0.00417256597878,0.00417256597878,0.00417256597878,0.00417256597878,0.00417256597878,0.00417256597878,0.00417256597878,0.00506682782095,0.00462565988845,0.00417256597878,0.00417256597878,0.00417256597878,0.00417256597878,0.00417256597878,0.00417256597878,0.00417256597878,0.00417256597878,0.0663296735062,0.012377004289,0.0
0.0041709297639,0.0041709297639,0.0041709297639,0.803818837444,0.0266942124424,0.0041709297639,0.0041709297639,0.0041709297639,0.0041709297639,0.0041709297639,0.0041709297639,0.0041709297639,0.0041709297639,0.00501021700559,0.00449835495558,0.0041709297639,0.0041709297639,0.0041709297639,0.0041709297639,0.0041709297639,0.0041709297639,0.0041709297639,0.0041709297639,0.0706309020583,0.01009981058,0.0
0.00416993406741,0.00416993406741,0.00416993406741,0.795382336192,0.0214326392614,0.00416993406741,0.00416993406741,0.00416993406741,0.00416993406741,0.00416993406741,0.00416993406741,0.00416993406741,0.00416993406741,0.00496014461478,0.00442088525626,0.00416993406741,0.00416993406741,0.00416993406741,0.00416993406741,0.00416993406741,0.00416993406741,0.00416993406741,0.00416993406741,0.0858611923116,0.00871405508295,0.0
0.00416924569387,0.00416924569387,0.00416924569387,0.774381724281,0.0177950571542,0.00416924569387,0.00416924569387,0.00416924569387,0.00416924569387,0.00416924569387,0.00416924569387,0.00416924569387,0.00416924569387,0.00491214277947,0.0043673266761,0.00416924569387,0.00416924569387,0.00416924569387,0.00416924569387,0.00416924569387,0.00416924569387,0.00416924569387,0.00416924569387,0.11157206615,0.00775601477634,0.0
0.00416872342615,0.00416872342615,0.00416872342615,0.739777988216,0.015035230598,0.00416872342615,0.00416872342615,0.00416872342615,0.00416872342615,0.00416872342615,0.00416872342615,0.00416872342615,0.00416872342615,0.00486160711303,0.0043266918875,0.00416872342615,0.00416872342615,0.00416872342615,0.00416872342615,0.00416872342615,0.00416872342615,0.00416872342615,0.00416872342615,0.149763585416,0.00702915167239,0.0
0.00416829965803,0.00416829965803,0.00416829965803,0.689306721321,0.0127959083736,0.00416829965803,0.00416829965803,0.00416829965803,0.00416829965803,0.00416829965803,0.00416829965803,0.00416829965803,0.00416829965803,0.00480472570121,0.00429372087231,0.00416829965803,0.00416829965803,0.00416829965803,0.00416829965803,0.00416829965803,0.00416829965803,0.00416829965803,0.00416829965803,0.203161852326,0.00643937790383,0.0
0.00416794015763,0.00416794015763,0.00416794015763,0.621238172066,0.0108962310786,0.00416794015763,0.00416794015763,0.00416794015763,0.00416794015763,0.00416794015763,0.00416794015763,0.00416794015763,0.00416794015763,0.00473894782353,0.00426575166999,0.00416794015763,0.00416794015763,0.00416794015763,0.00416794015763,0.00416794015763,0.00416794015763,0.00416794015763,0.00416794015763,0.273730904625,0.00593912974167,0.0
0.00416763001707,0.00416763001707,0.00416763001707,0.53650826362,0.00925946280519,0.00416763001707,0.00416763001707,0.00416763001707,0.00416763001707,0.00416763001707,0.00416763001707,0.00416763001707,0.00416763001707,0.00466412953854,0.00424172813512,0.00416763001707,0.00416763001707,0.00416763001707,0.00416763001707,0.00416763001707,0.00416763001707,0.00416763001707,0.00416763001707,0.360627867571,0.00551357800592,0.0
0.00416742370557,0.00416742370557,0.00416742370557,0.461142110458,0.0084358831054,0.00416742370557,0.00416742370557,0.00416742370557,0.00416742370557,0.00416742370557,0.00416742370557,0.00416742370557,0.00416742370557,0.00460085335519,0.00424141024114,0.00416742370557,0.00416742370557,0.00416742370557,0.00416742370557,0.00416742370557,0.00416742370557,0.00416742370557,0.00416742370557,0.436243091928,0.00615560050645,0.0
0.00416741216419,0.00416741216419,0.00416741216419,0.455404314768,0.00940676616836,0.00416741216419,0.00416741216419,0.00416741216419,0.00416741216419,0.00416741216419,0.00416741216419,0.00416741216419,0.00416741216419,0.00459581289645,0.00430734107431,0.00416741216419,0.00416741216419,0.00416741216419,0.00416741216419,0.00416741216419,0.00416741216419,0.00416741216419,0.00416741216419,0.436517955773,0.0105869782007,0.0
0.00416739976711,0.00416739976711,0.00416739976711,0.449031891605,0.0107651691791,0.00416739976711,0.00416739976711,0.00416739976711,0.00416739976711,0.00416739976711,0.00416739976711,0.00416739976711,0.00416739976711,0.00459015673942,0.00439081901062,0.00416739976711,0.00416739976711,0.00416739976711,0.00416739976711,0.00416739976711,0.00416739976711,0.00416739976711,0.00416739976711,0.434220910036,0.017820457855,0.0
0.00416738507747,0.00416738507747,0.00416738507747,0.441251602006,0.0129236511691,0.00416738507747,0.00416738507747,0.00416738507747,0.00416738507747,0.00416738507747,0.00416738507747,0.00416738507747,0.00416738507747,0.00458319000793,0.00450878355952,0.00416738507747,0.00416738507747,0.00416738507747,0.00416738507747,0.00416738507747,0.00416738507747,0.00416738507747,0.00416738507747,0.428833751167,0.028718705619,0.0
0.00416736764881,0.00416736764881,0.00416736764881,0.431848264074,0.0168981711258,0.00416736764881,0.00416736764881,0.00416736764881,0.00416736764881,0.00416736764881,0.00416736764881,0.00416736764881,0.00416736764881,0.00457474638462,0.004695116556,0.00416736764881,0.00416736764881,0.00416736764881,0.00416736764881,0.00416736764881,0.00416736764881,0.00416736764881,0.00416736764881,0.420330551103,0.0424731654297,0.0
0.00416734896124,0.00416734896124,0.00416734896124,0.421717222883,0.0248057723438,0.00416734896124,0.00416734896124,0.00416734896124,0.00416734896124,0.00416734896124,0.00416734896124,0.00416734896124,0.00416734896124,0.00456570137464,0.00499325896116,0.00416734896124,0.00416734896124,0.00416734896124,0.00416734896124,0.00416734896124,0.00416734896124,0.00416734896124,0.00416734896124,0.410027052955,0.0547113612182,0.0
0.00416732925988,0.00416732925988,0.00416732925988,0.411069611071,0.0398319401497,0.00416732925988,0.00416732925988,0.00416732925988,0.00416732925988,0.00416732925988,0.00416732925988,0.00416732925988,0.00416732925988,0.00455631193986,0.00540897891063,0.00416732925988,0.00416732925988,0.00416732925988,0.00416732925988,0.00416732925988,0.00416732925988,0.00416732925988,0.00416732925988,0.398628807582,0.0613250944093,0.0
0.00416730410271,0.00416730410271,0.00416730410271,0.39765539628,0.0663495319439,0.00416730410271,0.00416730410271,0.00416730410271,0.00416730410271,0.00416730410271,0.00416730410271,0.00416730410271,0.00416730410271,0.00454475920633,0.00590568660446,0.00416730410271,0.00416730410271,0.00416730410271,0.00416730410271,0.00416730410271,0.00416730410271,0.00416730410271,0.00416730410271,0.38380844319,0.0625574048241,0.0
0.00416726620407,0.00416726620407,0.00416726620407,0.378854760774,0.109722066429,0.00416726620407,0.00416726620407,0.00416726620407,0.00416726620407,0.00416726620407,0.00416726620407,0.00416726620407,0.00416726620407,0.00453009609531,0.00642597745284,0.00416726620407,0.00416726620407,0.00416726620407,0.00416726620407,0.00416726620407,0.00416726620407,0.00416726620407,0.00416726620407,0.361324695874,0.0599643454975,0.0
0.00416720572616,0.00416720572616,0.00416720572616,0.359786941761,0.169879871155,0.00416720572616,0.00416720572616,0.00416720572616,0.00416720572616,0.00416720572616,0.00416720572616,0.00416720572616,0.00416720572616,0.00452853964078,0.00684810048029,0.00416720572616,0.00416720572616,0.00416720572616,0.00416720572616,0.00416720572616,0.00416720572616,0.00416720572616,0.00416720572616,0.325343122762,0.0544365154035,0.0
0.00416710573143,0.00416710573143,0.00416710573143,0.406436530698,0.192082339866,0.00416710573143,0.00416710573143,0.00416710573143,0.00416710573143,0.00416710573143,0.00416710573143,0.00416710573143,0.00416710573143,0.00469944419509,0.00670908185259,0.00416710573143,0.00416710573143,0.00416710573143,0.00416710573143,0.00416710573143,0.00416710573143,0.00416710573143,0.00416710573143,0.265783106251,0.045114488239,0.0
0.00416699301062,0.00416699301062,0.00416699301062,0.531201362029,0.145313651119,0.00416699301062,0.00416699301062,0.00416699301062,0.00416699301062,0.00416699301062,0.00416699301062,0.00416699301062,0.00416699301062,0.00501256984027,0.00606515869707,0.00416699301062,0.00416699301062,0.00416699301062,0.00416699301062,0.00416699301062,0.00416699301062,0.00416699301062,0.00416699301062,0.198632377727,0.0346020133863,0.0
0.00416689038478,0.00416689038478,0.00416689038478,0.646580123203,0.100935258748,0.00416689038478,0.00416689038478,0.00416689038478,0.00416689038478,0.00416689038478,0.00416689038478,0.00416689038478,0.00416689038478,0.00516759738306,0.00546819221975,0.00416689038478,0.00416689038478,0.00416689038478,0.00416689038478,0.00416689038478,0.00416689038478,0.00416689038478,0.00416689038478,0.137646940655,0.0250309704794,0.0
0.00416681051268,0.00416681051268,0.00416681051268,0.735098612815,0.0663868869956,0.00416681051268,0.00416681051268,0.00416681051268,0.00416681051268,0.00416681051268,0.00416681051268,0.00416681051268,0.00416681051268,0.0051869198433,0.00500352055267,0.00416681051268,0.00416681051268,0.00416681051268,0.00416681051268,0.00416681051268,0.00416681051268,0.00416681051268,0.00416681051268,0.0915726876348,0.0175819724179,0.0
0.0041667584785,0.0041667584785,0.0041667584785,0.787022440204,0.0438796391836,0.0041667584785,0.0041667584785,0.0041667584785,0.0041667584785,0.0041667584785,0.0041667584785,0.0041667584785,0.0041667584785,0.00513170244949,0.00470080098769,0.0041667584785,0.0041667584785,0.0041667584785,0.0041667584785,0.0041667584785,0.0041667584785,0.0041667584785,0.0041667584785,0.0673678230512,0.0127291830326,0.0
0.00416673006822,0.00416673006822,0.00416673006822,0.805416870858,0.0315908479905,0.00416673006822,0.00416673006822,0.00416673006822,0.00416673006822,0.00416673006822,0.00416673006822,0.00416673006822,0.00416673006822,0.00506392888309,0.00453551834277,0.00416673006822,0.00416673006822,0.00416673006822,0.00416673006822,0.00416673006822,0.00416673006822,0.00416673006822,0.00416673006822,0.0641453665975,0.0100795960323,0.0
0.00416671402574,0.00416671402574,0.00416671402574,0.804470071324,0.0246517142832,0.00416671402574,0.00416671402574,0.00416671402574,0.00416671402574,0.00416671402574,0.00416671402574,0.00416671402574,0.00416671402574,0.00500601193105,0.00444218789611,0.00416671402574,0.00416671402574,0.00416671402574,0.00416671402574,0.00416671402574,0.00416671402574,0.00416671402574,0.00416671402574,0.0736789990642,0.00858344901252,0.0
0.00416670361682,0.00416670361682,0.00416670361682,0.790636465576,0.0201493611122,0.00416670361682,0.00416670361682,0.00416670361682,0.00416670361682,0.00416670361682,0.00416670361682,0.00416670361682,0.00416670361682,0.00495453491093,0.00438163183125,0.00416670361682,0.00416670361682,0.00416670361682,0.00416670361682,0.00416670361682,0.00416670361682,0.00416670361682,0.00416670361682,0.0930979414498,0.00761269640066,0.0
0.00416669607441,0.00416669607441,0.00416669607441,0.764352661486,0.0168869111852,0.00416669607441,0.00416669607441,0.00416669607441,0.00416669607441,0.00416669607441,0.00416669607441,0.00416669607441,0.00416669607441,0.00490390088915,0.00433775230483,0.00416669607441,0.00416669607441,0.00416669607441,0.00416669607441,0.00416669607441,0.00416669607441,0.00416669607441,0.00416669607441,0.123442269263,0.00690927945808,0.0
0.00416669015568,0.00416669015568,0.00416669015568,0.723749827345,0.0143267803049,0.00416669015568,0.00416669015568,0.00416669015568,0.00416669015568,0.00416669015568,0.00416669015568,0.00416669015568,0.00416669015568,0.00484949582492,0.00430331888517,0.00416669015568,0.00416669015568,0.00416669015568,0.00416669015568,0.00416669015568,0.00416669015568,0.00416669015568,0.00416669015568,0.167246174663,0.00635729001941,0.0
0.00416668523839,0.00416668523839,0.00416668523839,0.666484463605,0.01219982322,0.00416668523839,0.00416668523839,0.00416668523839,0.00416668523839,0.00416668523839,0.00416668523839,0.00416668523839,0.00416668523839,0.00478776578887,0.00427471170518,0.00416668523839,0.00416668523839,0.00416668523839,0.00416668523839,0.00416668523839,0.00416668523839,0.00416668523839,0.00416668523839,0.22718751163,0.00589870452157,0.0
0.00416668101219,0.00416668101219,0.00416668101219,0.59152564046,0.0103719314494,0.00416668101219,0.00416668101219,0.00416668101219,0.00416668101219,0.00416668101219,0.00416668101219,0.00416668101219,0.00416668101219,0.00471684230828,0.00425013126401,0.00416668101219,0.00416668101219,0.00416668101219,0.00416668101219,0.00416668101219,0.00416668101219,0.00416668101219,0.00416668101219,0.304463617064,0.0055048982217,0.0
0.00416667739066,0.00416667739066,0.00416667739066,0.501967890502,0.00881792004656,0.00416667739066,0.00416667739066,0.00416667739066,0.00416667739066,0.00416667739066,0.00416667739066,0.00416667739066,0.00416667739066,0.0046383645808,0.00422972196757,0.00416667739066,0.00416667739066,0.00416667739066,0.00416667739066,0.00416667739066,0.00416667739066,0.00416667739066,0.00416667739066,0.395975416264,0.00520381621715,0.0
0.00416667647547,0.00416667647547,0.00416667647547,0.472061979919,0.00920369118996,0.00416667647547,0.00416667647547,0.00416667647547,0.00416667647547,0.00416667647547,0.00416667647547,0.00416667647547,0.00416667647547,0.00461306876393,0.00427266864584,0.00416667647547,0.00416667647547,0.00416667647547,0.00416667647547,0.00416667647547,0.00416667647547,0.00416667647547,0.00416667647547,0.42276250676,0.00791923168743,0.0
0.0041666762282,0.0041666762282,0.0041666762282,0.46306884604,0.0102916274433,0.0041666762282,0.0041666762282,0.0041666762282,0.0041666762282,0.0041666762282,0.0041666762282,0.0041666762282,0.0041666762282,0.00460535389489,0.00434288161829,0.0041666762282,0.0041666762282,0.0041666762282,0.0041666762282,0.0041666762282,0.0041666762282,0.0041666762282,0.0041666762282,0.425262358551,0.013262084117,0.0
0.0041666760096,0.0041666760096,0.0041666760096,0.45479090005,0.0119372694245,0.0041666760096,0.0041666760096,0.0041666760096,0.0041666760096,0.0041666760096,0.0041666760096,0.0041666760096,0.0041666760096,0.00459819271848,0.00443702363229,0.0041666760096,0.0041666760096,0.0041666760096,0.0041666760096,0.0041666760096,0.0041666760096,0.0041666760096,0.0041666760096,0.42331878155,0.0217509884427,0.0
0.00416667577848,0.00416667577848,0.00416667577848,0.445731740771,0.014740954163,0.00416667577848,0.00416667577848,0.00416667577848,0.00416667577848,0.00416667577848,0.00416667577848,0.00416667577848,0.00416667577848,0.00459030371598,0.0045772804098,0.00416667577848,0.00416667577848,0.00416667577848,0.00416667577848,0.00416667577848,0.00416667577848,0.00416667577848,0.00416667577848,0.417394196845,0.0337986843041,0.0
0.00416667552872,0.00416667552872,0.00416667552872,0.435771017136,0.0201413860473,0.00416667552872,0.00416667552872,0.00416667552872,0.00416667552872,0.00416667552872,0.00416667552872,0.00416667552872,0.00416667552872,0.00458165866503,0.00480359587294,0.00416667552872,0.00416667552872,0.00416667552872,0.00416667552872,0.00416667552872,0.00416667552872,0.00416667552872,0.00416667552872,0.408264356102,0.047271151131,0.0
0.00416667527375,0.00416667527375,0.00416667527375,0.425619897514,0.0307664028612,0.00416667527375,0.00416667527375,0.00416667527375,0.00416667527375,0.00416667527375,0.00416667527375,0.00416667527375,0.00416667527375,0.0045730006149,0.00514930624941,0.00416667527375,0.00416667527375,0.00416667527375,0.00416667527375,0.00416667527375,0.00416667527375,0.00416667527375,0.00416667527375,0.397547698665,0.0571768638938,0.0
0.00416667498692,0.00416667498692,0.00416667498692,0.414353435632,0.0502532381182,0.00416667498692,0.00416667498692,0.00416667498692,0.00416667498692,0.00416667498692,0.00416667498692,0.00416667498692,0.00416667498692,0.00456367904797,0.00559852050767,0.00416667498692,0.00416667498692,0.00416667498692,0.00416667498692,0.00416667498692,0.00416667498692,0.00416667498692,0.00416667498692,0.384837011347,0.0612272905958,0.0
0.00416667458722,0.00416667458722,0.00416667458722,0.399518627897,0.0833733619197,0.00416667458722,0.00416667458722,0.00416667458722,0.00416667458722,0.00416667458722,0.00416667458722,0.00416667458722,0.00416667458722,0.00455241946805,0.00610306386154,0.00416667458722,0.00416667458722,0.00416667458722,0.00416667458722,0.00416667458722,0.00416667458722,0.00416667458722,0.00416667458722,0.366763816924,0.060521892773,0.0
0.00416667395366,0.00416667395366,0.00416667395366,0.382205085539,0.133229204406,0.00416667395366,0.00416667395366,0.00416667395366,0.00416667395366,0.00416667395366,0.00416667395366,0.00416667395366,0.00416667395366,0.00454631062701,0.00657242905364,0.00416667395366,0.00416667395366,0.00416667395366,0.00416667395366,0.00416667395366,0.00416667395366,0.00416667395366,0.00416667395366,0.337883270193,0.0563968950613,0.0
0.00416667285291,0.00416667285291,0.00416667285291,0.39784761099,0.17558974805,0.00416667285291,0.00416667285291,0.00416667285291,0.00416667285291,0.00416667285291,0.00416667285291,0.00416667285291,0.00416667285291,0.00462809720317,0.00669966207374,0.00416667285291,0.00416667285291,0.00416667285291,0.00416667285291,0.00416667285291,0.00416667285291,0.00416667285291,0.00416667285291,0.287535529301,0.0485325681774,0.0
0.00416667131924,0.00416667131924,0.00416667131924,0.515631558863,0.139310816463,0.00416667131924,0.00416667131924,0.00416667131924,0.00416667131924,0.00416667131924,0.00416667131924,0.00416667131924,0.00416667131924,0.00493437671124,0.00611153472089,0.00416667131924,0.00416667131924,0.00416667131924,0.00416667131924,0.00416667131924,0.00416667131924,0.00416667131924,0.00416667131924,0.217311144567,0.0375338136088,0.0
0.00416666988556,0.00416666988556,0.00416666988556,0.633410038129,0.0976973292514,0.00416666988556,0.00416666988556,0.00416666988556,0.00416666988556,0.00416666988556,0.00416666988556,0.00416666988556,0.00416666988556,0.00511457935649,0.00551244287717,0.00416666988556,0.00416666988556,0.00416666988556,0.00416666988556,0.00416666988556,0.00416666988556,0.00416666988556,0.00416666988556,0.151847043618,0.0272518389417,0.0
0.00416666875146,0.00416666875146,0.00416666875146,0.725120890542,0.0647441072329,0.00416666875146,0.00416666875146,0.00416666875146,0.00416666875146,0.00416666875146,0.00416666875146,0.00416666875146,0.00416666875146,0.00515540849511,0.00503829075329,0.00416666875146,0.00416666875146,0.00416666875146,0.00416666875146,0.00416666875146,0.00416666875146,0.00416666875146,0.00416666875146,0.101656291373,0.0191183053263,0.0
0.00416666800269,0.00416666800269,0.00416666800269,0.779329757686,0.0429873854413,0.00416666800269,0.00416666800269,0.00416666800269,0.00416666800269,0.00416666800269,0.00416666800269,0.00416666800269,0.00416666800269,0.00511333708127,0.00472524214735,0.00416666800269,0.00416666800269,0.00416666800269,0.00416666800269,0.00416666800269,0.00416666800269,0.00416666800269,0.00416666800269,0.0749292442457,0.0137483413475,0.0
0.00416666758932,0.00416666758932,0.00416666758932,0.798349304571,0.0309760207534,0.00416666758932,0.00416666758932,0.00416666758932,0.00416666758932,0.00416666758932,0.00416666758932,0.00416666758932,0.00416666758932,0.00505118925229,0.00455241552249,0.00416666758932,0.00416666758932,0.00416666758932,0.00416666758932,0.00416666758932,0.00416666758932,0.00416666758932,0.00416666758932,0.071120672335,0.0107837133692,0.0
