0.0 0.0,0.0 1.0,0.0 2.0,0.0 3.0,0.0 4.0,1.0 0.0,1.0 1.0,1.0 2.0,1.0 3.0,1.0 4.0,2.0 0.0,2.0 1.0,2.0 2.0,2.0 3.0,2.0 4.0,3.0 0.0,3.0 1.0,3.0 2.0,3.0 3.0,3.0 4.0,4.0 0.0,4.0 1.0,4.0 2.0,4.0 3.0,4.0 4.0,other
0.04,0.04,0.04,0.04,0.04,0.04,0.04,0.04,0.04,0.04,0.04,0.04,0.04,0.04,0.04,0.04,0.04,0.04,0.04,0.04,0.04,0.04,0.04,0.04,0.04,0.0
0.0386217948718,0.0386217948718,0.0386217948718,0.0386217948718,0.0386217948718,0.0386217948718,0.0386217948718,0.0386217948718,0.0386217948718,0.0386217948718,0.0386217948718,0.0386217948718,0.0386217948718,0.0386217948718,0.0386217948718,0.0386217948718,0.0386217948718,0.0386217948718,0.0386217948718,0.0386217948718,0.0386217948725,0.0386218098286,0.0386217948725,0.0386218109935,0.073076891997,0.0
0.0362753901071,0.0362753901071,0.0362753901071,0.0362753901071,0.0362753901071,0.0362753901071,0.0362753901071,0.0362753901071,0.0362753901071,0.0362753901071,0.0362753901071,0.0362753901071,0.0362753901071,0.0362753901071,0.0362753901071,0.0362753901071,0.0362753901071,0.0362753901071,0.0362753901071,0.0362753901071,0.0362753901093,0.0362754272317,0.0362753901081,0.0362754096403,0.129390580768,0.0
0.0325968028225,0.0325968028225,0.0325968028225,0.0325968028225,0.0325968028225,0.0325968028225,0.0325968028225,0.0325968028225,0.0325968028225,0.0325968028225,0.0325968028225,0.0325968028225,0.0325968028225,0.0325968028225,0.0325968028225,0.0325968028225,0.0325968028225,0.0325968028225,0.0325968028225,0.0325968028225,0.03259680283,0.0325968845612,0.0325968028234,0.0325968206327,0.217676632703,0.0
0.0275145437925,0.0275145437925,0.0275145437925,0.0275145437925,0.0275145437934,0.0275145437925,0.0275145437925,0.0275145437925,0.0275145437925,0.0275145437925,0.0275145437925,0.0275145437925,0.0275145437925,0.0275145437925,0.0275145437925,0.0275145437925,0.0275145437925,0.0275145437925,0.0275145437925,0.0275145437925,0.027514543844,0.027514767598,0.0275145437933,0.027514558436,0.339650710477,0.0
0.0215951696188,0.0215951696189,0.0215951696188,0.0215951696188,0.0215951709116,0.0215951696188,0.0215951696188,0.0215951696188,0.0215951696188,0.0215951696188,0.0215951696188,0.0215951696188,0.0215951696188,0.0215951696188,0.0215951696188,0.0215951696188,0.0215951696188,0.0215951696188,0.0215951696188,0.0215951696188,0.0215951704533,0.0215961099232,0.0215951696194,0.0215951805499,0.481714975785,0.0
0.0159320349904,0.0159320371277,0.0159320349807,0.0159320349807,0.0159378803063,0.0159320349807,0.0159320349807,0.0159320349807,0.0159320349807,0.0159320349808,0.0159320349807,0.0159320349807,0.0159320349807,0.0159320349807,0.0159320349807,0.0159320349807,0.0159320349807,0.0159320349807,0.0159320349807,0.0159320349807,0.0159320572198,0.0159374633069,0.0159320349811,0.0159320423599,0.617619855035,0.0
0.0138186444879,0.0138407941925,0.0138182240421,0.0138182240421,0.0215476510116,0.0138182240421,0.0138182240422,0.0138182240421,0.0138182240421,0.013818224049,0.0138182240421,0.0138182240421,0.0138182240421,0.0138182240421,0.0138182240421,0.0138182240421,0.0138182240421,0.0138182240421,0.0138182240421,0.0138182240423,0.0138184574462,0.013834230468,0.0138182240425,0.0138182300956,0.660593959532,0.0
0.0134897248651,0.0135701428972,0.0134873957934,0.0134873957934,0.0390852101126,0.0134873957934,0.0134873957935,0.0134873957934,0.0134873957934,0.0134873958062,0.0134873957934,0.0134873957934,0.0134873957934,0.0134873957934,0.0134873957934,0.0134873957934,0.0134873957934,0.0134873957934,0.0134873957934,0.0134873957938,0.0134876644677,0.0135042243931,0.0134873957937,0.0134874016394,0.650602507329,0.0
0.0130698360084,0.0131883625709,0.0130661374935,0.0130661374935,0.0703513802959,0.0130661374935,0.0130661374936,0.0130661374935,0.0130661374935,0.0130661375112,0.0130661374935,0.0130661374935,0.0130661374935,0.0130661374935,0.0130661374935,0.0130661374935,0.0130661374935,0.0130661374935,0.0130661374935,0.013066137494,0.0130664145172,0.0130828032337,0.0130661374938,0.0130661430752,0.628984585397,0.0
0.0124543303607,0.012585785476,0.0124500577431,0.0124500577431,0.123872256528,0.0124500577431,0.0124500577431,0.0124500577431,0.0124500577431,0.0124500577643,0.0124500577431,0.0124500577431,0.0124500577431,0.0124500577431,0.0124500577431,0.0124500577431,0.0124500577431,0.0124500577431,0.0124500577431,0.0124500577437,0.0124503218039,0.0124657329233,0.0124500577433,0.0124500629384,0.589620470572,0.0
0.0115325006452,0.0116556427336,0.0115284126825,0.0115284126825,0.208811131136,0.0115284126825,0.0115284126826,0.0115284126825,0.0115284126825,0.0115284127052,0.0115284126825,0.0115284126825,0.0115284126825,0.0115284126825,0.0115284126825,0.0115284126825,0.0115284126825,0.0115284126825,0.0115284126825,0.0115284126832,0.0115286482387,0.0115423634879,0.0115284126827,0.0115284172998,0.52588986815,0.0
0.0102590605587,0.0103618149915,0.0102556264087,0.0102556264087,0.32801155545,0.0102556264087,0.0102556264088,0.0102556264087,0.0102556264087,0.0102556264301,0.0102556264087,0.0102556264087,0.0102556264087,0.0102556264087,0.0102556264087,0.0102556264087,0.0102556264087,0.0102556264087,0.0102556264087,0.0102556264095,0.0102558212799,0.0102671659609,0.0102556264089,0.0102556302277,0.435987676152,0.0
0.00875424461517,0.00883167652638,0.0087516539285,0.00875165392861,0.469258288281,0.00875165392849,0.00875165392854,0.00875165392849,0.00875165392849,0.0087516539461,0.00875165392849,0.00875165392849,0.00875165392849,0.00875165392849,0.00875165392849,0.00875165392849,0.00875165392849,0.00875165392849,0.00875165392849,0.00875165392918,0.00875180066706,0.00876034321961,0.00875165392864,0.00875165680418,0.329362219155,0.0
0.0072890479385,0.00734175154427,0.0072872844061,0.00728728443313,0.606827585072,0.00728728440269,0.00728728440272,0.00728728440269,0.00728728440269,0.00728728441549,0.00728728440269,0.00728728440269,0.00728728440269,0.00728728440269,0.00728728440269,0.00728728440269,0.00728728440269,0.00728728440269,0.00728728440269,0.00728728440325,0.00728738427538,0.00729319847716,0.00728728440279,0.00728728635993,0.225502627037,0.0
0.00610986493541,0.00614266484442,0.00610876845636,0.00610877398184,0.717545437057,0.00610876739143,0.00610876739145,0.00610876739143,0.00610876739143,0.00610876739983,0.00610876739143,0.00610876739143,0.00610876739143,0.00610876739143,0.00610876739143,0.00610876739143,0.00610876739143,0.00610876739143,0.00610876739143,0.00610876739185,0.00610882954669,0.00611244798588,0.00610876739149,0.00610876860952,0.141914166311,0.0
0.00529813480749,0.00531723325172,0.00529760194054,0.005297985808,0.793761375749,0.00529749573772,0.00529749573773,0.00529749573772,0.00529749573772,0.00529749574287,0.00529749573772,0.00529749573772,0.00529749573772,0.00529749573772,0.00529749573772,0.00529749573772,0.00529749573772,0.00529749573772,0.00529749573772,0.00529749573802,0.00529753192893,0.0052996388414,0.00529749573778,0.0052974964471,0.0843730694163,0.0
0.00479866888075,0.00480933666683,0.00480082214527,0.00480780131883,0.840646804617,0.0047983119163,0.00479831191631,0.0047983119163,0.0047983119163,0.00479831191935,0.0047983119163,0.0047983119163,0.0047983119163,0.0047983119163,0.0047983119163,0.0047983119163,0.0047983119163,0.0047983119163,0.0047983119163,0.00479831191652,0.00479833213157,0.00479950898604,0.00479831191652,0.00479831231323,0.048967422276,0.0
0.00451480559969,0.0045206819586,0.00453257839729,0.00457496268284,0.867233530137,0.00451460896541,0.00451460896541,0.00451460896541,0.00451460896541,0.00451460896722,0.00451460896541,0.00451460896541,0.00451460896541,0.00451460896541,0.00451460896541,0.00451460896541,0.00451460896541,0.00451460896541,0.00451460896541,0.00451460896557,0.00451462010101,0.00451526837225,0.00451460896612,0.00451460918603,0.0288452001162,0.0
0.00436087900553,0.00436415718372,0.00441871055759,0.00454395766698,0.88152350247,0.00436076931131,0.00436076931132,0.00436076931132,0.00436076931132,0.00436076931244,0.00436076931131,0.00436076931131,0.00436076931131,0.00436076931131,0.00436076931131,0.00436076931131,0.00436076931131,0.00436076931132,0.00436076931132,0.00436076931144,0.0043607755234,0.00436113716717,0.00436076931283,0.00436076943786,0.0179338020037,0.0
0.0042775147247,0.00427938576805,0.00439442969661,0.00463869434534,0.889113815572,0.00427745211591,0.00427745211591,0.00427745211592,0.00427745211593,0.00427745211665,0.00427745211591,0.00427745211591,0.00427745211591,0.00427745211591,0.00427745211591,0.00427745211591,0.00427745211591,0.00427745211591,0.00427745211592,0.00427745211602,0.00427745566151,0.00427766207223,0.00427745211834,0.00427745219277,0.0120243561094,0.0
0.00423119395921,0.00423228313814,0.0044126319025,0.00479013895242,0.89320082019,0.0042311575131,0.0042311575131,0.00423115751311,0.00423115751313,0.00423115751362,0.0042311575131,0.0042311575131,0.0042311575131,0.0042311575131,0.0042311575131,0.0042311575131,0.0042311575131,0.0042311575131,0.00423115751311,0.00423115751319,0.00423115957708,0.00423127973367,0.00423115751636,0.00423115756321,0.00874081477001,0.0
0.0042047455699,0.0042053883172,0.00444622355151,0.00495480082354,0.895433044107,0.00420472406225,0.00420472406225,0.00420472406227,0.00420472406229,0.00420472406265,0.00420472406225,0.00420472406225,0.00420472406225,0.00420472406225,0.00420472406225,0.00420472406225,0.00420472406225,0.00420472406226,0.00420472406227,0.00420472406234,0.00420472528025,0.00420479618716,0.0042047240662,0.00420472409765,0.00686596706512,0.0
0.00418933481448,0.00418971743825,0.00448174403607,0.00510980478989,0.896658692612,0.00418932201108,0.00418932201108,0.00418932201109,0.00418932201112,0.00418932201139,0.00418932201108,0.00418932201108,0.00418932201108,0.00418932201108,0.00418932201108,0.00418932201108,0.00418932201108,0.00418932201108,0.00418932201109,0.00418932201115,0.00418932273614,0.00418936494661,0.00418932201556,0.00418932203826,0.00577354440618,0.0
0.00418023422137,0.00418046323303,0.00451336786331,0.00524495626315,0.897328217259,0.00418022655813,0.00418022655813,0.00418022655814,0.00418022655817,0.0041802265584,0.00418022655813,0.00418022655813,0.00418022655813,0.00418022655813,0.00418022655813,0.00418022655813,0.00418022655813,0.00418022655813,0.00418022655814,0.0041802265582,0.0041802269921,0.00418025225631,0.00418022656301,0.00418022658068,0.00512843039547,0.0
0.00417481430488,0.00417495183187,0.00453920379213,0.00535724674573,0.89768815464,0.00417480970289,0.00417480970289,0.00417480970291,0.00417480970294,0.00417480970313,0.00417480970289,0.00417480970289,0.00417480970289,0.00417480970289,0.00417480970289,0.00417480970289,0.00417480970289,0.0041748097029,0.00417480970291,0.00417480970296,0.0041748099635,0.00417482513526,0.00417480970808,0.00417480972283,0.00474422861212,0.0
0.00417156946761,0.00417165222385,0.00455923662671,0.00544747289031,0.897876080323,0.00417156669836,0.00417156669836,0.00417156669837,0.00417156669841,0.00417156669858,0.00417156669836,0.00417156669836,0.00417156669836,0.00417156669836,0.00417156669836,0.00417156669836,0.00417156669836,0.00417156669836,0.00417156669837,0.00417156669843,0.00417156685518,0.00417157598471,0.00417156670376,0.00417156671683,0.00451421173265,0.0
0.00416962056028,0.00416967042022,0.00457422965423,0.00551821090482,0.897969444327,0.00416961889179,0.00416961889179,0.00416961889181,0.00416961889185,0.00416961889201,0.00416961889179,0.00416961889179,0.00416961889179,0.00416961889179,0.00416961889179,0.00416961889179,0.00416961889179,0.0041696188918,0.00416961889181,0.00416961889186,0.00416961898628,0.00416962448674,0.00416961889735,0.00416961890945,0.00437605947681,0.0
0.00416844770592,0.00416847776885,0.00458516679154,0.00557264400177,0.898011853668,0.00416844669989,0.00416844669989,0.00416844669991,0.00416844669994,0.0041684467001,0.00416844669989,0.00416844669989,0.00416844669989,0.00416844669989,0.00416844669989,0.00416844669989,0.00416844669989,0.00416844669989,0.00416844669991,0.00416844669996,0.00416844675686,0.00416845007334,0.00416844670555,0.00416844671709,0.00429291931244,0.0
0.00416774103273,0.00416775916746,0.00459299188698,0.00561392674416,0.898027685639,0.00416774042583,0.00416774042583,0.00416774042585,0.00416774042588,0.00416774042604,0.00416774042583,0.00416774042583,0.00416774042583,0.00416774042583,0.00416774042583,0.00416774042583,0.00416774042583,0.00416774042584,0.00416774042585,0.0041677404259,0.0041677404602,0.00416774246078,0.00416774043157,0.00416774044279,0.00424282534624,0.0
0.00416731493278,0.00416732587523,0.00459850620826,0.00564487938382,0.898030375179,0.00416731456655,0.00416731456655,0.00416731456657,0.00416731456661,0.00416731456676,0.00416731456655,0.00416731456655,0.00416731456655,0.00416731456655,0.00416731456655,0.00416731456655,0.00416731456655,0.00416731456656,0.00416731456657,0.00416731456662,0.00416731458729,0.00416731579443,0.00416731457234,0.00416731458338,0.00421262038517,0.0
0.00416705789397,0.00416706449777,0.0046023453225,0.00566787553629,0.898027160521,0.00416705767293,0.00416705767293,0.00416705767295,0.00416705767298,0.00416705767313,0.00416705767293,0.00416705767293,0.00416705767293,0.00416705767293,0.00416705767293,0.00416705767293,0.00416705767293,0.00416705767293,0.00416705767294,0.00416705767299,0.00416705768544,0.00416705841395,0.00416705767875,0.00416705768969,0.00419439966637,0.0
0.0041669027965,0.00416690678235,0.00460499190319,0.00568483513449,0.898021807042,0.00416690266305,0.00416690266305,0.00416690266307,0.00416690266311,0.00416690266325,0.00416690266305,0.00416690266305,0.00416690266305,0.00416690266305,0.00416690266305,0.00416690266305,0.00416690266305,0.00416690266306,0.00416690266307,0.00416690266312,0.0041669026706,0.0041669031103,0.0041669026689,0.00416690267978,0.00418340526614,0.0
0.00416680919485,0.00416681160076,0.0046068015746,0.00569726837528,0.898016165663,0.00416680911427,0.00416680911427,0.00416680911429,0.00416680911432,0.00416680911447,0.00416680911427,0.00416680911427,0.00416680911427,0.00416680911427,0.00416680911427,0.00416680911427,0.00416680911427,0.00416680911428,0.00416680911429,0.00416680911434,0.00416680911883,0.00416680938423,0.00416680912013,0.00416680913098,0.00417677012265,0.0
0.00416675270025,0.00416675415258,0.00460803058326,0.00570633905863,0.898011057548,0.00416675265158,0.00416675265158,0.0041667526516,0.00416675265164,0.00416675265178,0.00416675265158,0.00416675265158,0.00416675265158,0.00416675265158,0.00416675265158,0.00416675265158,0.00416675265158,0.00416675265159,0.0041667526516,0.00416675265165,0.00416675265433,0.00416675281454,0.00416675265746,0.00416675266829,0.00417276538827,0.0
0.00416671859999,0.00416671947673,0.00460886045431,0.00571293025019,0.898006770133,0.00416671857058,0.00416671857058,0.0041667185706,0.00416671857064,0.00416671857078,0.00416671857058,0.00416671857058,0.00416671857058,0.00416671857058,0.00416671857058,0.00416671857058,0.00416671857058,0.00416671857059,0.0041667185706,0.00416671857065,0.00416671857224,0.00416671866895,0.00416671857646,0.00416671858729,0.00417034812171,0.0
0.00416669801619,0.00416669854549,0.00460941807247,0.00571770403006,0.898003330285,0.00416669799841,0.00416669799841,0.00416669799843,0.00416669799847,0.00416669799861,0.00416669799841,0.00416669799841,0.00416669799841,0.00416669799841,0.00416669799841,0.00416669799841,0.00416669799841,0.00416669799842,0.00416669799843,0.00416669799848,0.00416669799941,0.00416669805779,0.0041666980043,0.00416669801512,0.00416888899744,0.0
0.00416668559099,0.00416668591055,0.00460979118177,0.00572115215418,0.898000650868,0.00416668558022,0.00416668558022,0.00416668558024,0.00416668558028,0.00416668558042,0.00416668558022,0.00416668558022,0.00416668558022,0.00416668558022,0.00416668558022,0.00416668558022,0.00416668558022,0.00416668558023,0.00416668558024,0.00416668558029,0.00416668558083,0.00416668561607,0.00416668558612,0.00416668559694,0.00416800821129,0.0
0.00416667809052,0.00416667828348,0.00461003992887,0.00572363715555,0.897998606375,0.00416667808399,0.00416667808399,0.00416667808401,0.00416667808405,0.00416667808419,0.00416667808399,0.00416667808399,0.00416667808399,0.00416667808399,0.00416667808399,0.00416667808399,0.00416667808399,0.004166678084,0.00416667808401,0.00416667808406,0.00416667808436,0.00416667810563,0.00416667808989,0.00416667810071,0.00416747652539,0.0
0.00416667356282,0.00416667367936,0.00461020524371,0.00572542470468,0.897997069584,0.00416667355885,0.00416667355885,0.00416667355887,0.00416667355891,0.00416667355906,0.00416667355885,0.00416667355885,0.00416667355885,0.00416667355885,0.00416667355885,0.00416667355885,0.00416667355885,0.00416667355886,0.00416667355887,0.00416667355892,0.00416667355908,0.00416667357192,0.00416667356475,0.00416667357557,0.0041671555706,0.0
0.00416667082964,0.00416667090005,0.00461031480941,0.00572670854753,0.897995927342,0.00416667082722,0.00416667082722,0.00416667082724,0.00416667082727,0.00416667082742,0.00416667082722,0.00416667082722,0.00416667082722,0.00416667082722,0.00416667082722,0.00416667082722,0.00416667082722,0.00416667082723,0.00416667082724,0.00416667082729,0.00416667082735,0.0041666708351,0.00416667083312,0.00416667084394,0.00416696182355,0.0
0.00416666917973,0.00416666922229,0.00461038725262,0.00572762941992,0.897995085645,0.00416666917824,0.00416666917824,0.00416666917826,0.00416666917829,0.00416666917844,0.00416666917824,0.00416666917824,0.00416666917824,0.00416666917824,0.00416666917824,0.00416666917824,0.00416666917824,0.00416666917824,0.00416666917826,0.00416666917831,0.00416666917832,0.004166669183,0.00416666918414,0.00416666919496,0.00416684486609,0.0
0.00416666818374,0.00416666820948,0.00461043505088,0.00572828922054,0.897994469573,0.00416666818281,0.00416666818281,0.00416666818283,0.00416666818286,0.00416666818301,0.00416666818281,0.00416666818281,0.00416666818281,0.00416666818281,0.00416666818281,0.00416666818281,0.00416666818281,0.00416666818282,0.00416666818283,0.00416666818288,0.00416666818286,0.00416666818568,0.00416666818871,0.00416666819953,0.00416677426332,0.0
0.0041666675825,0.00416666759809,0.0046104665307,0.00572876153145,0.897994021033,0.00416666758191,0.00416666758191,0.00416666758193,0.00416666758196,0.00416666758211,0.00416666758191,0.00416666758191,0.00416666758191,0.00416666758191,0.00416666758191,0.00416666758191,0.00416666758191,0.00416666758191,0.00416666758193,0.00416666758198,0.00416666758194,0.00416666758364,0.00416666758781,0.00416666759863,0.00416673164305,0.0
0.00416666721955,0.00416666722902,0.00461048723016,0.00572909936966,0.897993695849,0.00416666721916,0.00416666721916,0.00416666721918,0.00416666721922,0.00416666721937,0.00416666721916,0.00416666721916,0.00416666721916,0.00416666721916,0.00416666721916,0.00416666721916,0.00416666721916,0.00416666721917,0.00416666721918,0.00416666721923,0.00416666721918,0.00416666722021,0.00416666722507,0.00416666723589,0.00416670591475,0.0
0.00416666700045,0.00416666700622,0.00461050082215,0.00572934086463,0.897993460896,0.00416666700019,0.00416666700019,0.00416666700021,0.00416666700024,0.00416666700039,0.00416666700019,0.00416666700019,0.00416666700019,0.00416666700019,0.00416666700019,0.00416666700019,0.00416666700019,0.0041666670002,0.00416666700021,0.00416666700026,0.0041666670002,0.00416666700082,0.00416666700609,0.00416666701691,0.00416669038351,0.0
0.00416666686819,0.00416666687173,0.0046105097364,0.00572951339687,0.897993291604,0.004166666868,0.004166666868,0.00416666686802,0.00416666686806,0.0041666668682,0.004166666868,0.004166666868,0.004166666868,0.004166666868,0.004166666868,0.004166666868,0.004166666868,0.00416666686801,0.00416666686802,0.00416666686807,0.00416666686801,0.00416666686838,0.0041666668739,0.00416666688473,0.00416668100786,0.0
0.00416666678835,0.00416666679054,0.00461051557675,0.00572963660303,0.897993169894,0.00416666678821,0.00416666678821,0.00416666678823,0.00416666678826,0.00416666678841,0.00416666678821,0.00416666678821,0.00416666678821,0.00416666678821,0.00416666678821,0.00416666678821,0.00416666678821,0.00416666678821,0.00416666678822,0.00416666678827,0.00416666678821,0.00416666678844,0.00416666679411,0.00416666680493,0.00416667534811,0.0
0.00416666674015,0.00416666674153,0.00461051939983,0.00572972455099,0.897993082552,0.00416666674004,0.00416666674004,0.00416666674006,0.00416666674009,0.00416666674024,0.00416666674004,0.00416666674004,0.00416666674004,0.00416666674004,0.00416666674004,0.00416666674004,0.00416666674004,0.00416666674004,0.00416666674005,0.0041666667401,0.00416666674004,0.00416666674017,0.00416666674594,0.00416666675676,0.00416667193153,0.0
0.00416666671106,0.00416666671194,0.00461052190059,0.00572978731006,0.897993019966,0.00416666671096,0.00416666671096,0.00416666671098,0.00416666671101,0.00416666671116,0.00416666671096,0.00416666671096,0.00416666671096,0.00416666671096,0.00416666671096,0.00416666671096,0.00416666671096,0.00416666671096,0.00416666671098,0.00416666671103,0.00416666671096,0.00416666671104,0.00416666671686,0.00416666672768,0.00416666986906,0.0
0.00416666669349,0.00416666669408,0.00461052353542,0.00572983208207,0.897992975173,0.0041666666934,0.0041666666934,0.00416666669342,0.00416666669346,0.0041666666936,0.0041666666934,0.0041666666934,0.0041666666934,0.0041666666934,0.0041666666934,0.0041666666934,0.0041666666934,0.00416666669341,0.00416666669342,0.00416666669347,0.0041666666934,0.00416666669345,0.0041666666993,0.00416666671013,0.00416666862402,0.0
0.00416666668289,0.0041666666833,0.00461052460367,0.00572986401471,0.897992943147,0.00416666668281,0.00416666668281,0.00416666668283,0.00416666668286,0.00416666668301,0.00416666668281,0.00416666668281,0.00416666668281,0.00416666668281,0.00416666668281,0.00416666668281,0.00416666668281,0.00416666668281,0.00416666668283,0.00416666668287,0.00416666668281,0.00416666668284,0.00416666668871,0.00416666669953,0.00416666787243,0.0
0.00416666667649,0.00416666667679,0.00461052530146,0.00572988678543,0.897992920266,0.00416666667641,0.00416666667641,0.00416666667643,0.00416666667646,0.00416666667661,0.00416666667641,0.00416666667641,0.00416666667641,0.00416666667641,0.00416666667641,0.00416666667641,0.00416666667641,0.00416666667642,0.00416666667643,0.00416666667648,0.00416666667641,0.00416666667643,0.00416666668231,0.00416666669313,0.00416666741872,0.0
0.00416666667263,0.00416666667286,0.00461052575718,0.00572990302018,0.897992903931,0.00416666667255,0.00416666667255,0.00416666667257,0.0041666666726,0.00416666667275,0.00416666667255,0.00416666667255,0.00416666667255,0.00416666667255,0.00416666667255,0.00416666667255,0.00416666667255,0.00416666667255,0.00416666667257,0.00416666667262,0.00416666667255,0.00416666667256,0.00416666667845,0.00416666668927,0.00416666714484,0.0
0.00416666667029,0.00416666667049,0.00461052605476,0.00572991459335,0.897992892274,0.00416666667022,0.00416666667022,0.00416666667024,0.00416666667027,0.00416666667042,0.00416666667022,0.00416666667022,0.00416666667022,0.00416666667022,0.00416666667022,0.00416666667022,0.00416666667022,0.00416666667022,0.00416666667024,0.00416666667029,0.00416666667022,0.00416666667022,0.00416666667612,0.00416666668694,0.0041666669795,0.0
0.00416666666889,0.00416666666906,0.00461052624909,0.00572992284246,0.89799288396,0.00416666666881,0.00416666666881,0.00416666666883,0.00416666666886,0.00416666666901,0.00416666666881,0.00416666666881,0.00416666666881,0.00416666666881,0.00416666666881,0.00416666666881,0.00416666666881,0.00416666666882,0.00416666666883,0.00416666666888,0.00416666666881,0.00416666666881,0.00416666667471,0.00416666668553,0.0041666668797,0.0
0.00416666666804,0.00416666666819,0.00461052637601,0.00572992872165,0.897992878032,0.00416666666796,0.00416666666796,0.00416666666798,0.00416666666802,0.00416666666816,0.00416666666796,0.00416666666796,0.00416666666796,0.00416666666796,0.00416666666796,0.00416666666796,0.00416666666796,0.00416666666797,0.00416666666798,0.00416666666803,0.00416666666796,0.00416666666796,0.00416666667386,0.00416666668468,0.00416666681945,0.0
0.00416666666752,0.00416666666767,0.00461052645892,0.00572993291141,0.897992873807,0.00416666666745,0.00416666666745,0.00416666666747,0.0041666666675,0.00416666666765,0.00416666666745,0.00416666666745,0.00416666666745,0.00416666666745,0.00416666666745,0.00416666666745,0.00416666666745,0.00416666666745,0.00416666666747,0.00416666666752,0.00416666666745,0.00416666666745,0.00416666667335,0.00416666668417,0.00416666678308,0.0
0.00416666666721,0.00416666666736,0.00461052651311,0.005729935897,0.897992870796,0.00416666666714,0.00416666666714,0.00416666666716,0.00416666666719,0.00416666666734,0.00416666666714,0.00416666666714,0.00416666666714,0.00416666666714,0.00416666666714,0.00416666666714,0.00416666666714,0.00416666666714,0.00416666666716,0.00416666666721,0.00416666666714,0.00416666666714,0.00416666667304,0.00416666668386,0.00416666676112,0.0
0.00416666666703,0.00416666666717,0.00461052654854,0.00572993802437,0.89799286865,0.00416666666695,0.00416666666695,0.00416666666697,0.00416666666701,0.00416666666715,0.00416666666695,0.00416666666695,0.00416666666695,0.00416666666695,0.00416666666695,0.00416666666695,0.00416666666695,0.00416666666696,0.00416666666697,0.00416666666702,0.00416666666695,0.00416666666695,0.00416666667285,0.00416666668367,0.00416666674787,0.0
0.00416666666691,0.00416666666705,0.00461052657171,0.00572993954014,0.897992867121,0.00416666666684,0.00416666666684,0.00416666666686,0.00416666666689,0.00416666666704,0.00416666666684,0.00416666666684,0.00416666666684,0.00416666666684,0.00416666666684,0.00416666666684,0.00416666666684,0.00416666666685,0.00416666666686,0.00416666666691,0.00416666666684,0.00416666666684,0.00416666667274,0.00416666668356,0.00416666673986,0.0
0.00416666666685,0.00416666666698,0.00461052658689,0.0057299406201,0.897992866033,0.00416666666677,0.00416666666677,0.00416666666679,0.00416666666683,0.00416666666697,0.00416666666677,0.00416666666677,0.00416666666677,0.00416666666677,0.00416666666677,0.00416666666677,0.00416666666677,0.00416666666678,0.00416666666679,0.00416666666684,0.00416666666677,0.00416666666677,0.00416666667267,0.00416666668349,0.00416666673504,0.0
0.0041666666668,0.00416666666694,0.00461052659683,0.00572994138951,0.897992865257,0.00416666666673,0.00416666666673,0.00416666666675,0.00416666666678,0.00416666666693,0.00416666666673,0.00416666666673,0.00416666666673,0.00416666666673,0.00416666666673,0.00416666666673,0.00416666666673,0.00416666666674,0.00416666666675,0.0041666666668,0.00416666666673,0.00416666666673,0.00416666667263,0.00416666668345,0.00416666673212,0.0
0.00416666666678,0.00416666666692,0.00461052660335,0.00572994193766,0.897992864705,0.0041666666667,0.0041666666667,0.00416666666672,0.00416666666676,0.00416666666691,0.0041666666667,0.0041666666667,0.0041666666667,0.0041666666667,0.0041666666667,0.0041666666667,0.0041666666667,0.00416666666671,0.00416666666672,0.00416666666677,0.0041666666667,0.0041666666667,0.00416666667261,0.00416666668343,0.00416666673036,0.0
0.00416666666676,0.0041666666669,0.00461052660763,0.00572994232816,0.897992864311,0.00416666666669,0.00416666666669,0.00416666666671,0.00416666666674,0.00416666666689,0.00416666666669,0.00416666666669,0.00416666666669,0.00416666666669,0.00416666666669,0.00416666666669,0.00416666666669,0.0041666666667,0.00416666666671,0.00416666666676,0.00416666666669,0.00416666666669,0.00416666667259,0.00416666668341,0.0041666667293,0.0
0.00416666666676,0.00416666666689,0.00461052661045,0.00572994260636,0.897992864031,0.00416666666668,0.00416666666668,0.0041666666667,0.00416666666674,0.00416666666688,0.00416666666668,0.00416666666668,0.00416666666668,0.00416666666668,0.00416666666668,0.00416666666668,0.00416666666668,0.00416666666669,0.0041666666667,0.00416666666675,0.00416666666668,0.00416666666668,0.00416666667258,0.0041666666834,0.00416666672866,0.0
0.00416666666675,0.00416666666689,0.0046105266123,0.00572994280453,0.897992863831,0.00416666666667,0.00416666666667,0.00416666666669,0.00416666666673,0.00416666666688,0.00416666666667,0.00416666666667,0.00416666666667,0.00416666666667,0.00416666666667,0.00416666666667,0.00416666666667,0.00416666666668,0.00416666666669,0.00416666666674,0.00416666666667,0.00416666666667,0.00416666667258,0.0041666666834,0.00416666672827,0.0
0.00416666666675,0.00416666666688,0.00461052661352,0.00572994294571,0.897992863689,0.00416666666667,0.00416666666667,0.00416666666669,0.00416666666673,0.00416666666687,0.00416666666667,0.00416666666667,0.00416666666667,0.00416666666667,0.00416666666667,0.00416666666667,0.00416666666667,0.00416666666668,0.00416666666669,0.00416666666674,0.00416666666667,0.00416666666667,0.00416666667257,0.00416666668339,0.00416666672803,0.0
0.00416666666674,0.00416666666688,0.00461052661433,0.00572994304628,0.897992863588,0.00416666666667,0.00416666666667,0.00416666666669,0.00416666666672,0.00416666666687,0.00416666666667,0.00416666666667,0.00416666666667,0.00416666666667,0.00416666666667,0.00416666666667,0.00416666666667,0.00416666666668,0.00416666666669,0.00416666666674,0.00416666666667,0.00416666666667,0.00416666667257,0.00416666668339,0.00416666672789,0.0
0.00416666666674,0.00416666666688,0.00461052661486,0.00572994311791,0.897992863516,0.00416666666667,0.00416666666667,0.00416666666669,0.00416666666672,0.00416666666687,0.00416666666667,0.00416666666667,0.00416666666667,0.00416666666667,0.00416666666667,0.00416666666667,0.00416666666667,0.00416666666668,0.00416666666669,0.00416666666674,0.00416666666667,0.00416666666667,0.00416666667257,0.00416666668339,0.00416666672781,0.0
0.00416666666674,0.00416666666688,0.00461052661522,0.00572994316895,0.897992863465,0.00416666666667,0.00416666666667,0.00416666666669,0.00416666666672,0.00416666666687,0.00416666666667,0.00416666666667,0.00416666666667,0.00416666666667,0.00416666666667,0.00416666666667,0.00416666666667,0.00416666666667,0.00416666666669,0.00416666666674,0.00416666666667,0.00416666666667,0.00416666667257,0.00416666668339,0.00416666672776,0.0
0.00416666666674,0.00416666666688,0.00461052661545,0.0057299432053,0.897992863428,0.00416666666667,0.00416666666667,0.00416666666669,0.00416666666672,0.00416666666687,0.00416666666667,0.00416666666667,0.00416666666667,0.00416666666667,0.00416666666667,0.00416666666667,0.00416666666667,0.00416666666667,0.00416666666669,0.00416666666674,0.00416666666667,0.00416666666667,0.00416666667257,0.00416666668339,0.00416666672773,0.0
0.00416666666674,0.00416666666688,0.00461052661561,0.00572994323119,0.897992863402,0.00416666666667,0.00416666666667,0.00416666666669,0.00416666666672,0.00416666666687,0.00416666666667,0.00416666666667,0.00416666666667,0.00416666666667,0.00416666666667,0.00416666666667,0.00416666666667,0.00416666666667,0.00416666666669,0.00416666666674,0.00416666666667,0.00416666666667,0.00416666667257,0.00416666668339,0.00416666672771,0.0
0.00416666666674,0.00416666666688,0.00461052661571,0.00572994324963,0.897992863384,0.00416666666667,0.00416666666667,0.00416666666669,0.00416666666672,0.00416666666687,0.00416666666667,0.00416666666667,0.00416666666667,0.00416666666667,0.00416666666667,0.00416666666667,0.00416666666667,0.00416666666667,0.00416666666669,0.00416666666674,0.00416666666667,0.00416666666667,0.00416666667257,0.00416666668339,0.0041666667277,0.0
0.00416666666674,0.00416666666688,0.00461052661578,0.00572994326277,0.89799286337,0.00416666666667,0.00416666666667,0.00416666666669,0.00416666666672,0.00416666666687,0.00416666666667,0.00416666666667,0.00416666666667,0.00416666666667,0.00416666666667,0.00416666666667,0.00416666666667,0.00416666666667,0.00416666666669,0.00416666666674,0.00416666666667,0.00416666666667,0.00416666667257,0.00416666668339,0.00416666672769,0.0
0.00416666666674,0.00416666666688,0.00461052661583,0.00572994327213,0.897992863361,0.00416666666667,0.00416666666667,0.00416666666669,0.00416666666672,0.00416666666687,0.00416666666667,0.00416666666667,0.00416666666667,0.00416666666667,0.00416666666667,0.00416666666667,0.00416666666667,0.00416666666667,0.00416666666669,0.00416666666674,0.00416666666667,0.00416666666667,0.00416666667257,0.00416666668339,0.00416666672768,0.0
0.00416666666674,0.00416666666688,0.00461052661586,0.0057299432788,0.897992863354,0.00416666666667,0.00416666666667,0.00416666666669,0.00416666666672,0.00416666666687,0.00416666666667,0.00416666666667,0.00416666666667,0.00416666666667,0.00416666666667,0.00416666666667,0.00416666666667,0.00416666666667,0.00416666666669,0.00416666666674,0.00416666666667,0.00416666666667,0.00416666667257,0.00416666668339,0.00416666672768,0.0
0.00416666666674,0.00416666666688,0.00461052661588,0.00572994328355,0.89799286335,0.00416666666667,0.00416666666667,0.00416666666669,0.00416666666672,0.00416666666687,0.00416666666667,0.00416666666667,0.00416666666667,0.00416666666667,0.00416666666667,0.00416666666667,0.00416666666667,0.00416666666667,0.00416666666669,0.00416666666674,0.00416666666667,0.00416666666667,0.00416666667257,0.00416666668339,0.00416666672768,0.0
0.00416666666674,0.00416666666688,0.0046105266159,0.00572994328693,0.897992863346,0.00416666666667,0.00416666666667,0.00416666666669,0.00416666666672,0.00416666666687,0.00416666666667,0.00416666666667,0.00416666666667,0.00416666666667,0.00416666666667,0.00416666666667,0.00416666666667,0.00416666666667,0.00416666666669,0.00416666666674,0.00416666666667,0.00416666666667,0.00416666667257,0.00416666668339,0.00416666672768,0.0
0.00416666666674,0.00416666666688,0.00461052661591,0.00572994328934,0.897992863344,0.00416666666667,0.00416666666667,0.00416666666669,0.00416666666672,0.00416666666687,0.00416666666667,0.00416666666667,0.00416666666667,0.00416666666667,0.00416666666667,0.00416666666667,0.00416666666667,0.00416666666667,0.00416666666669,0.00416666666674,0.00416666666667,0.00416666666667,0.00416666667257,0.00416666668339,0.00416666672768,0.0
0.00416666666674,0.00416666666688,0.00461052661591,0.00572994329105,0.897992863342,0.00416666666667,0.00416666666667,0.00416666666669,0.00416666666672,0.00416666666687,0.00416666666667,0.00416666666667,0.00416666666667,0.00416666666667,0.00416666666667,0.00416666666667,0.00416666666667,0.00416666666667,0.00416666666669,0.00416666666674,0.00416666666667,0.00416666666667,0.00416666667257,0.00416666668339,0.00416666672768,0.0
0.00416666666674,0.00416666666688,0.00461052661592,0.00572994329228,0.897992863341,0.00416666666667,0.00416666666667,0.00416666666669,0.00416666666672,0.00416666666687,0.00416666666667,0.00416666666667,0.00416666666667,0.00416666666667,0.00416666666667,0.00416666666667,0.00416666666667,0.00416666666667,0.00416666666669,0.00416666666674,0.00416666666667,0.00416666666667,0.00416666667257,0.00416666668339,0.00416666672768,0.0
0.00416666666674,0.00416666666688,0.00461052661592,0.00572994329315,0.89799286334,0.00416666666667,0.00416666666667,0.00416666666669,0.00416666666672,0.00416666666687,0.00416666666667,0.00416666666667,0.00416666666667,0.00416666666667,0.00416666666667,0.00416666666667,0.00416666666667,0.00416666666667,0.00416666666669,0.00416666666674,0.00416666666667,0.00416666666667,0.00416666667257,0.00416666668339,0.00416666672768,0.0
0.00416666666674,0.00416666666688,0.00461052661592,0.00572994329377,0.897992863339,0.00416666666667,0.00416666666667,0.00416666666669,0.00416666666672,0.00416666666687,0.00416666666667,0.00416666666667,0.00416666666667,0.00416666666667,0.00416666666667,0.00416666666667,0.00416666666667,0.00416666666667,0.00416666666669,0.00416666666674,0.00416666666667,0.00416666666667,0.00416666667257,0.00416666668339,0.00416666672768,0.0
0.00416666666674,0.00416666666688,0.00461052661592,0.00572994329421,0.897992863339,0.00416666666667,0.00416666666667,0.00416666666669,0.00416666666672,0.00416666666687,0.00416666666667,0.00416666666667,0.00416666666667,0.00416666666667,0.00416666666667,0.00416666666667,0.00416666666667,0.00416666666667,0.00416666666669,0.00416666666674,0.00416666666667,0.00416666666667,0.00416666667257,0.00416666668339,0.00416666672768,0.0
0.00416666666674,0.00416666666688,0.00461052661592,0.00572994329452,0.897992863339,0.00416666666667,0.00416666666667,0.00416666666669,0.00416666666672,0.00416666666687,0.00416666666667,0.00416666666667,0.00416666666667,0.00416666666667,0.00416666666667,0.00416666666667,0.00416666666667,0.00416666666667,0.00416666666669,0.00416666666674,0.00416666666667,0.00416666666667,0.00416666667257,0.00416666668339,0.00416666672768,0.0
0.00416666666674,0.00416666666688,0.00461052661592,0.00572994329475,0.897992863338,0.00416666666667,0.00416666666667,0.00416666666669,0.00416666666672,0.00416666666687,0.00416666666667,0.00416666666667,0.00416666666667,0.00416666666667,0.00416666666667,0.00416666666667,0.00416666666667,0.00416666666667,0.00416666666669,0.00416666666674,0.00416666666667,0.00416666666667,0.00416666667257,0.00416666668339,0.00416666672768,0.0
0.00416666666674,0.00416666666688,0.00461052661593,0.00572994329491,0.897992863338,0.00416666666667,0.00416666666667,0.00416666666669,0.00416666666672,0.00416666666687,0.00416666666667,0.00416666666667,0.00416666666667,0.00416666666667,0.00416666666667,0.00416666666667,0.00416666666667,0.00416666666667,0.00416666666669,0.00416666666674,0.00416666666667,0.00416666666667,0.00416666667257,0.00416666668339,0.00416666672768,0.0
0.00416666666674,0.00416666666688,0.00461052661593,0.00572994329502,0.897992863338,0.00416666666667,0.00416666666667,0.00416666666669,0.00416666666672,0.00416666666687,0.00416666666667,0.00416666666667,0.00416666666667,0.00416666666667,0.00416666666667,0.00416666666667,0.00416666666667,0.00416666666667,0.00416666666669,0.00416666666674,0.00416666666667,0.00416666666667,0.00416666667257,0.00416666668339,0.00416666672768,0.0
0.00416666666674,0.00416666666688,0.00461052661593,0.0057299432951,0.897992863338,0.00416666666667,0.00416666666667,0.00416666666669,0.00416666666672,0.00416666666687,0.00416666666667,0.00416666666667,0.00416666666667,0.00416666666667,0.00416666666667,0.00416666666667,0.00416666666667,0.00416666666667,0.00416666666669,0.00416666666674,0.00416666666667,0.00416666666667,0.00416666667257,0.00416666668339,0.00416666672768,0.0
0.00416666666674,0.00416666666688,0.00461052661593,0.00572994329516,0.897992863338,0.00416666666667,0.00416666666667,0.00416666666669,0.00416666666672,0.00416666666687,0.00416666666667,0.00416666666667,0.00416666666667,0.00416666666667,0.00416666666667,0.00416666666667,0.00416666666667,0.00416666666667,0.00416666666669,0.00416666666674,0.00416666666667,0.00416666666667,0.00416666667257,0.00416666668339,0.00416666672768,0.0
0.00416666666674,0.00416666666688,0.00461052661593,0.0057299432952,0.897992863338,0.00416666666667,0.00416666666667,0.00416666666669,0.00416666666672,0.00416666666687,0.00416666666667,0.00416666666667,0.00416666666667,0.00416666666667,0.00416666666667,0.00416666666667,0.00416666666667,0.00416666666667,0.00416666666669,0.00416666666674,0.00416666666667,0.00416666666667,0.00416666667257,0.00416666668339,0.00416666672768,0.0
0.00416666666674,0.00416666666688,0.00461052661593,0.00572994329523,0.897992863338,0.00416666666667,0.00416666666667,0.00416666666669,0.00416666666672,0.00416666666687,0.00416666666667,0.00416666666667,0.00416666666667,0.00416666666667,0.00416666666667,0.00416666666667,0.00416666666667,0.00416666666667,0.00416666666669,0.00416666666674,0.00416666666667,0.00416666666667,0.00416666667257,0.00416666668339,0.00416666672768,0.0
0.00416666666674,0.00416666666688,0.00461052661593,0.00572994329525,0.897992863338,0.00416666666667,0.00416666666667,0.00416666666669,0.00416666666672,0.00416666666687,0.00416666666667,0.00416666666667,0.00416666666667,0.00416666666667,0.00416666666667,0.00416666666667,0.00416666666667,0.00416666666667,0.00416666666669,0.00416666666674,0.00416666666667,0.00416666666667,0.00416666667257,0.00416666668339,0.00416666672768,0.0
