0.0 1.0,0.0 1.5,0.0 2.0,0.5 1.0,0.5 1.5,0.5 2.0,other
0.015625,0.015625,0.015625,0.015625,0.015625,0.015625,0.90625
0.0176449907357,0.0177758197621,0.0175982285275,0.0160570923905,0.0160527173183,0.0160768042864,0.898794346979
0.0198930368841,0.020184498778,0.019783342987,0.0164847255533,0.0164758956311,0.0165249806042,0.890653519562
0.0223870037621,0.0228725855902,0.0221941678467,0.0169050381457,0.0168917095378,0.0169665993099,0.881782895808
0.0251441738901,0.0258610022876,0.0248431604913,0.0173148485825,0.0172970191015,0.0173983904042,0.872141405243
0.0281806690285,0.0291693118015,0.0277407456845,0.0177106733605,0.0176883880864,0.0178167602216,0.861693451817
0.0315107789747,0.0328148575203,0.0308945703782,0.0180887626484,0.0180621191862,0.0182178258996,0.850411085393
0.0351462119375,0.0368117929166,0.0343087040461,0.0184451559581,0.0184143090054,0.0185974706697,0.838276355467
0.0390952930517,0.0411700348141,0.0379828233269,0.0187757599059,0.0187409247551,0.0189514222091,0.825283741937
0.0433621506637,0.0458941919406,0.0419114339333,0.0190764487142,0.0190379032884,0.0192753549234,0.811442516536
0.047945942996,0.0509825386185,0.0460831955286,0.0193431861816,0.0193012712102,0.0195650150617,0.796778850404
0.052840188615,0.0564261190116,0.0504804239716,0.0195721654424,0.019527282429,0.0198163650758,0.781337455455
0.058032270298,0.0622080767562,0.0550788470385,0.0197599601422,0.019712566874,0.0200257408207,0.76518253807
0.0635031808155,0.0683033043656,0.0598476817433,0.0199036780305,0.0198542815222,0.0201900124164,0.748397861106
0.0692275688208,0.0746784935399,0.0647500820348,0.0200011058648,0.0199502528165,0.0203067373178,0.731085759605
0.0751741226606,0.0812926401489,0.06974397516,0.0200508334327,0.0199990984949,0.0203742928993,0.713365037204
0.0813063006279,0.0880980175854,0.074783266003,0.02005234486,0.0200003172097,0.0203919760973,0.695367777617
0.0875833811937,0.0950415838382,0.0798193464164,0.0200060673949,0.0199543363116,0.0203600596359,0.677235225209
0.0939617712139,0.102066738159,0.0848028078784,0.0199133714707,0.019862511723,0.0202797979994,0.659113001556
0.10039648002,0.109115301115,0.0896852280238,0.019776520597,0.0197270784927,0.0201533811988,0.641146010553
0.10684264823,0.116129565066,0.0944208904362,0.0195985747994,0.0195510557006,0.019983839746,0.623473426021
0.113257015706,0.12305425583,0.0989683051594,0.0193832560477,0.0193381140154,0.0197749092198,0.606224144022
0.119599223978,0.129838261686,0.10329142325,0.0191347875961,0.0190924176241,0.0195308665361,0.58951301933
0.125832872313,0.136436019249,0.107360477286,0.0188577208814,0.0188184539458,0.0192563519697,0.573438104355
0.131926278424,0.142808490466,0.111152423647,0.0185567634572,0.0185208643673,0.0189561909386,0.5580789887
0.13785292879,0.148923712394,0.114651003973,0.0182366196198,0.0182042874544,0.0186352278,0.543496219968
0.14359163407,0.154756943888,0.117846476254,0.0179018524471,0.0178732232051,0.0182981809381,0.529731689198
0.1491264283,0.160290465238,0.120735087094,0.0175567725518,0.0175319235542,0.0179495249219,0.516809798341
0.154446264622,0.165513105815,0.123318365253,0.0172053555468,0.0171843110952,0.0175934020795,0.504739195588
0.159544565482,0.170419581218,0.125602314345,0.0168511874551,0.0168339252691,0.0172335629388,0.493514863292
0.164418683089,0.175009717746,0.127596572697,0.016497435304,0.0164838933112,0.0168733328667,0.483120364987
0.169069318932,0.179287631525,0.129313594249,0.0161468389444,0.0161369220716,0.0165156009413,0.473530093337
0.173499941438,0.183260915631,0.13076788908,0.0158017196529,0.0157953063474,0.0161628265376,0.464711401313
0.17771623057,0.186939873828,0.131975347741,0.0154640011245,0.0154609494119,0.0158170591118,0.456626538213
0.181725568513,0.190336825953,0.132952661466,0.015135238871,0.0151353918301,0.015479967062,0.449234346305
0.185536587428,0.193465498532,0.133716840989,0.014816654647,0.0148198452354,0.01515287214,0.442491701028
0.18915877886,0.196340505371,0.134284830032,0.0145091731905,0.0145152284062,0.0148367865717,0.436354697568
0.192602164659,0.198976916484,0.134673205388,0.0142134592207,0.014222203614,0.0145324507109,0.430779599923
0.195877026178,0.201389909521,0.134897953175,0.0139299532179,0.0139412117938,0.0142403696534,0.425723576461
0.198993686561,0.203594495412,0.134974310041,0.0136589049989,0.0136725055627,0.0139608477485,0.421145249676
0.201962339967,0.205605308815,0.13491665822,0.0134004044962,0.0134161795029,0.0136940203545,0.417005088644
0.204792921299,0.207436453744,0.134738464095,0.0131544094447,0.0131721974152,0.0134398825004,0.413265671502
0.207495010149,0.209101395166,0.134452251044,0.0129207699023,0.0129404164676,0.0131983143464,0.409891842925
0.210077763112,0.21061288813,0.13406959861,0.0126992496791,0.0127206083105,0.0129691035003,0.406850788658
0.212549869227,0.211982936942,0.13360116126,0.012489544851,0.0125124773287,0.0127519643512,0.404112046041
0.214919523932,0.21322277794,0.133056701233,0.0122912995897,0.0123156762574,0.0125465546487,0.401647466398
0.217194417613,0.21434288039,0.132445131034,0.0121041195726,0.0121298194191,0.0123524895862,0.399431142386
0.21938173541,0.215352960968,0.131774562039,0.0119275832399,0.0119544938432,0.012169353661,0.397439310838
0.221488165553,0.216262008142,0.131052356528,0.0117612511641,0.0117892685286,0.0119967105766,0.395650239507
0.223519913952,0.217078313439,0.130285181041,0.0116046737781,0.0116337020906,0.01183411144,0.394044104259
0.225482723245,0.21780950726,0.12947905956,0.0114573976919,0.0114873490168,0.0116811014875,0.392602861738
0.227381894854,0.218462597369,0.128639425397,0.0113189708003,0.0113497647329,0.0115372255498,0.391310121297
0.229222312895,0.219044008652,0.127771171022,0.0111889463666,0.0112205096572,0.0114020324441,0.390151018963
0.231008469064,0.21955962306,0.126878695342,0.0110668862406,0.0110991524019,0.011275078458,0.389112095434
0.232744487829,0.220014818932,0.125965948108,0.01095236335,0.0109852722567,0.0111559300696,0.388181179454
0.234434151402,0.220414509141,0.125036471313,0.0108449635856,0.0108784610736,0.0110441660281,0.387347277456
0.236080924119,0.220763177653,0.124093437532,0.0107442871828,0.0107783246535,0.0109393789023,0.386600469958
0.237687975971,0.221064914238,0.123139685238,0.0106499496873,0.0106844837206,0.0108411761869,0.385931814958
0.23925820509,0.221323447182,0.122177751211,0.0105615825782,0.0105965745589,0.0107491810462,0.385333258334
0.240794259073,0.221542173918,0.121209900136,0.0104788336137,0.0105142493719,0.0106630327598,0.384797551127
0.242298555089,0.221724189566,0.120238151585,0.0104013669498,0.0104371764181,0.0105823869258,0.384318173466
0.243773298722,0.221872313399,0.119264304525,0.0103288630784,0.0103650399663,0.0105069154692,0.38388926484
0.245220501565,0.221989113315,0.118289959544,0.010261018621,0.010297540107,0.0104363064937,0.383505560355
0.246641997587,0.222076928372,0.117316538956,0.0101975460097,0.0102343924515,0.0103702640105,0.383162332613
0.248039458301,0.222137889502,0.116345304975,0.0101381730811,0.0101753277437,0.0103085075707,0.382855338827
0.249414406793,0.222173938494,0.1153773761,0.0100826426046,0.0101200914056,0.0102507718248,0.382580772778
0.250768230659,0.222186845371,0.11441374189,0.0100307117623,0.0100684430349,0.0101968060282,0.382335221254
0.252102193917,0.222178224252,0.113455276256,0.00998215159674,0.0100201558688,0.0101463735068,0.382115624602
0.253417447952,0.222149547824,0.112502749419,0.00993674643623,0.00997501622471,0.0100992510976,0.381919241047
0.254715041555,0.222102160515,0.111556838661,0.00989429330912,0.00993282293031,0.0100552285736,0.381743614455
0.255995930129,0.222037290491,0.110618137972,0.00985460135427,0.00989338674767,0.0100141080609,0.381586545245
0.257260984103,0.221956060542,0.109687166717,0.00981749123405,0.00985652979988,0.00997570345646,0.381446064148
0.258510996632,0.221859497978,0.10876437741,0.00978279455499,0.00982208500437,0.00993983985064,0.381320408569
0.259746690625,0.221748543609,0.107850162687,0.0097503533,0.00978989551698,0.00990635295947,0.381208001303
0.260968725157,0.221624059871,0.106944861561,0.00972001927518,0.00975981418989,0.00987508856985,0.381107431377
0.262177701319,0.22148683821,0.106048765023,0.0096916535735,0.00973170304572,0.0098459020004,0.381017436828
0.263374167549,0.221337605754,0.10516212107,0.0096651260571,0.00970543276946,0.00981865757967,0.380936889221
0.264558624479,0.221177031356,0.104285139206,0.00964031485929,0.00968088221948,0.00979322814328,0.380864779737
0.265731529356,0.221005731068,0.103417994474,0.00961710590698,0.00965793795837,0.00976949455087,0.380800206686
0.266893300058,0.220824273082,0.10256083108,0.00959539246415,0.00963649380412,0.00974734522336,0.380742364289
0.268044318748,0.220633182206,0.101713765622,0.00957507469621,0.00961645040166,0.00972667570085,0.380690532625
0.269184935192,0.220432943909,0.100876890004,0.00955605925535,0.00959771481488,0.00970738822117,0.380644068603
0.270315469782,0.220224007972,0.100050274032,0.00953825888662,0.00958020013883,0.00968939131892,0.38060239787
0.271436216268,0.220006791792,0.0992339677481,0.0095215920542,0.00956382513163,0.00967259944462,0.380565007561
0.272547444254,0.219781683367,0.0984280035236,0.0095059825875,0.00954851386582,0.00965693260362,0.380531439799
0.273649401453,0.219549043989,0.0976323979325,0.00949135934641,0.00953419539838,0.00964231601411,0.380501285867
0.274742315737,0.21930921068,0.096847153434,0.00947765590504,0.00952080345891,0.00962867978378,0.380474181001
0.275826397002,0.219062498392,0.096072259881,0.00946481025336,0.00950827615532,0.00961595860431,0.380449799712
0.276901838846,0.218809201994,0.0953076958745,0.00945276451586,0.00949655569621,0.0096040914631,0.38042785161
0.277968820112,0.218549598063,0.0945534299783,0.00944146468661,0.00948558812938,0.00959302137152,0.380408077659
0.279027506264,0.218283946509,0.0938094218105,0.00943086037997,0.00947532309563,0.0095826951089,0.380390246832
0.280078050655,0.218012492036,0.0930756230236,0.00942090459612,0.00946571359718,0.00957306298163,0.380374153111
0.28112059566,0.217735465465,0.0923519781851,0.00941155350074,0.00945671577999,0.00956407859648,0.380359612812
0.282155273719,0.217453084932,0.0916384255694,0.00940276621821,0.00944828872934,0.00955569864769,0.380346462184
0.283182208264,0.217165556963,0.0909348978692,0.00939450463739,0.0094403942778,0.00954788271681,0.380334555272
0.284201514578,0.216873077452,0.0902413228365,0.00938673322954,0.00943299682518,0.00954059308498,0.380323761994
0.285213300555,0.216575832545,0.0895576238586,0.00937941887761,0.00942606316957,0.0095337945566,0.380313966438
0.286217667405,0.216273999434,0.0888837204773,0.00937253071624,0.00941956234909,0.00952745429409,0.380305065324
0.287214710281,0.215967747079,0.0882195288567,0.00936603998192,0.00941346549351,0.00952154166294,0.380296966644
0.288204518852,0.215657236863,0.087564962204,0.00935991987268,0.00940774568532,0.00951602808651,0.380289588436
0.289187177821,0.215342623178,0.0869199311502,0.00935414541686,0.00940237782972,0.00951088691006,0.380282857695
0.29016276739,0.215024053961,0.0862843440924,0.00934869335017,0.00939733853288,0.00950609327337,0.3802767094
0.291131363693,0.214701671177,0.0856581075033,0.0093435420009,0.00939260598809,0.00950162399156,0.380271085646
0.292093039169,0.21437561126,0.0850411262108,0.00933867118248,0.00938815986928,0.0094974574436,0.380265934865
0.293047862919,0.214046005505,0.0844333036504,0.00933406209305,0.00938398123144,0.00949357346792,0.380261211133
0.293995901015,0.213712980432,0.0838345420929,0.00932969722173,0.00938005241761,0.00948995326486,0.380256873557
0.294937216786,0.213376658108,0.0832447428513,0.00932556026092,0.0093763569719,0.00948657930549,0.380252885716
0.295871871076,0.213037156451,0.082663806467,0.00932163602451,0.00937287955825,0.00948343524629,0.380249215177
0.296799922476,0.212694589488,0.0820916328789,0.00931791037146,0.0093696058846,0.00948050584947,0.380245833052
0.297721427533,0.212349067609,0.0815281215761,0.00931437013444,0.00936652263202,0.0094777769086,0.380242713607
0.298636440943,0.212000697785,0.0809731717368,0.00931100305331,0.00936361738856,0.00947523517898,0.380239833914
0.299545015721,0.21164958377,0.0804266823531,0.00930779771296,0.00936087858756,0.00947286831276,0.380237173543
0.300447203355,0.211295826286,0.0798885523454,0.00930474348535,0.00935829545002,0.0094706647983,0.38023471428
0.301343053949,0.210939523192,0.0793586806647,0.00930183047552,0.00935585793085,0.00946861390353,0.380232439885
0.302232616346,0.210580769635,0.0788369663868,0.00929904947112,0.00935355666873,0.00946670562314,0.380230335869
0.303115938245,0.210219658192,0.078323308796,0.00929639189543,0.00935138293934,0.00946493062926,0.380228389303
0.303993066302,0.209856278997,0.0778176074627,0.00929384976352,0.00934932861174,0.00946328022546,0.380226588637
0.304864046225,0.209490719856,0.0773197623124,0.00929141564143,0.00934738610773,0.0094617463038,0.380224923553
0.305728922855,0.209123066359,0.076829673689,0.00928908260809,0.00934554836387,0.00946032130477,0.38022338482
0.306587740241,0.208753401974,0.0763472424118,0.00928684421984,0.00934380879621,0.00945899817999,0.380221964177
0.307440541711,0.208381808141,0.0758723698271,0.00928469447735,0.00934216126729,0.00945777035732,0.38022065422
0.30828736993,0.208008364351,0.0754049578551,0.00928262779489,0.00934060005545,0.0094566317084,0.380219448306
0.309128266956,0.207633148227,0.0749449090322,0.00928063897156,0.00933911982624,0.00945557651837,0.380218340468
0.30996327429,0.207256235593,0.0744921265491,0.00927872316463,0.00933771560574,0.00945459945759,0.380217325341
0.310792432916,0.206877700539,0.0740465142852,0.00927687586464,0.00933638275573,0.00945369555537,0.380216398085
0.311615783345,0.206497615482,0.07360797684,0.00927509287221,0.00933511695057,0.00945286017538,0.380215554335
0.312433365651,0.206116051223,0.0731764195603,0.00927337027648,0.00933391415562,0.00945208899282,0.380214790141
0.313245219497,0.205733076999,0.0727517485662,0.00927170443503,0.00933277060719,0.00945137797309,0.380214101922
0.31405138417,0.20534876053,0.0723338707727,0.00927009195516,0.00933168279386,0.00945072335192,0.380213486427
0.3148518986,0.204963168066,0.07192269391,0.00926852967648,0.00933064743903,0.00945012161688,0.380212940692
0.315646801389,0.204576364431,0.0715181265416,0.00926701465474,0.00932966148476,0.00944956949014,0.380212462009
0.316436130826,0.204188413059,0.0711200780794,0.00926554414672,0.00932872207666,0.00944906391238,0.380212047901
0.317219924905,0.203799376035,0.0707284587981,0.0092641155962,0.00932782654984,0.00944860202784,0.380211696088
0.317998221345,0.203409314129,0.0703431798472,0.00926272662092,0.00932697241583,0.00944818117037,0.380211404472
0.3187710576,0.203018286827,0.0699641532615,0.00926137500041,0.00932615735041,0.00944779885049,0.38021117111
0.319538470872,0.202626352366,0.0695912919701,0.0092600586647,0.00932537918226,0.0094474527432,0.380210994202
0.320300498123,0.202233567761,0.0692245098045,0.00925877568379,0.00932463588247,0.00944714067682,0.380210872069
0.321057176082,0.201839988835,0.0688637215045,0.00925752425789,0.00932392555464,0.00944686062243,0.380210803143
0.321808541258,0.201445670244,0.068508842724,0.0092563027083,0.0093232464258,0.0094466106841,0.380210785956
0.322554629941,0.201050665503,0.0681597900352,0.00925510946892,0.00932259683789,0.00944638908986,0.380210819124
0.323295478215,0.200655027013,0.0678164809312,0.00925394307845,0.00932197523987,0.00944619418314,0.380210901339
0.324031121957,0.20025880608,0.0674788338294,0.009252802173,0.00932138018031,0.00944602441493,0.380211031366
0.324761596845,0.199862052941,0.0671467680721,0.0092516854793,0.00932081030058,0.00944587833642,0.380211208026
0.325486938364,0.199464816783,0.0668202039276,0.00925059180838,0.00932026432849,0.00944575459218,0.380211430197
0.326207181804,0.199067145764,0.0664990625897,0.00924952004968,0.0093197410723,0.00944565191378,0.380211696806
0.326922362268,0.198669087037,0.0661832661778,0.00924846916555,0.00931923941525,0.00944556911382,0.380212006822
0.32763251467,0.198270686763,0.0658727377347,0.00924743818618,0.00931875831041,0.00944550508051,0.380212359255
0.328337673741,0.197871990133,0.0655674012251,0.00924642620487,0.00931829677591,0.00944545877241,0.380212753148
0.329037874026,0.197473041386,0.0652671815328,0.00924543237362,0.0093178538905,0.00944542921376,0.380213187577
0.329733149891,0.197073883826,0.0649720044582,0.00924445589903,0.00931742878941,0.00944541548995,0.380213661646
0.330423535519,0.196674559839,0.0646817967143,0.00924349603852,0.00931702066048,0.00944541674338,0.380214174486
0.33110906491,0.196275110909,0.0643964859232,0.00924255209677,0.00931662874063,0.00944543216966,0.380214725251
0.331789771888,0.195875577636,0.0641160006114,0.00924162342243,0.00931625231252,0.00944546101394,0.380215313116
0.332465690094,0.19547599975,0.0638402702057,0.00924070940511,0.00931589070142,0.00944550256763,0.380215937277
0.33313685299,0.195076416125,0.0635692250275,0.00923980947247,0.00931554327236,0.00944555616524,0.380216596948
0.333803293859,0.194676864797,0.0633027962881,0.00923892308765,0.00931520942745,0.00944562118151,0.38021729136
0.334465045801,0.194277382978,0.0630409160826,0.00923804974674,0.00931488860338,0.00944569702869,0.38021801976
0.335122141739,0.193878007067,0.0627835173844,0.00923718897659,0.0093145802691,0.00944578315406,0.38021878141
0.335774614413,0.193478772669,0.0625305340387,0.0092363403326,0.00931428392366,0.00944587903755,0.380219575585
0.336422496383,0.193079714605,0.0622819007562,0.00923550339681,0.00931399909423,0.00944598418961,0.380220401575
0.337065820028,0.192680866926,0.0620375531068,0.00923467777604,0.0093137253342,0.00944609814914,0.380221258681
0.337704617542,0.192282262927,0.0617974275124,0.00923386310021,0.00931346222144,0.00944622048163,0.380222146215
0.33833892094,0.191883935162,0.0615614612402,0.00923305902072,0.00931320935672,0.0094463507774,0.380223063504
0.338968762051,0.191485915451,0.0613295923955,0.00923226520902,0.00931296636218,0.00944648864996,0.380224009881
0.339594172523,0.191088234898,0.0611017599142,0.00923148135523,0.00931273287993,0.00944663373448,0.380224984695
0.340215183819,0.190690923901,0.060877903556,0.00923070716685,0.00931250857076,0.00944678568639,0.380225987301
0.340831827215,0.190294012163,0.0606579638962,0.0092299423676,0.00931229311292,0.00944694418006,0.380227017065
0.341444133806,0.189897528707,0.0604418823183,0.00922918669633,0.00931208620099,0.00944710890754,0.380228073364
0.342052134497,0.189501501884,0.0602296010064,0.00922843990597,0.00931188754485,0.00944727957746,0.380229155584
0.342655860011,0.189105959388,0.0600210629374,0.00922770176262,0.00931169686867,0.00944745591392,0.380230263119
0.34325534088,0.188710928264,0.0598162118726,0.00922697204462,0.00931151391003,0.00944763765553,0.380231395373
0.343850607454,0.188316434921,0.0596149923503,0.00922625054178,0.00931133841906,0.00944782455448,0.380232551759
0.344441689891,0.187922505144,0.0594173496777,0.00922553705459,0.00931117015765,0.00944801637565,0.3802337317
0.345028618165,0.1875291641,0.0592232299224,0.00922483139353,0.00931100889874,0.00944821289586,0.380234934624
0.34561142206,0.187136436357,0.0590325799047,0.00922413337838,0.00931085442561,0.00944841390308,0.380236159972
0.346190131171,0.186744345885,0.0588453471894,0.00922344283765,0.00931070653123,0.00944861919573,0.38023740719
0.346764774908,0.186352916072,0.0586614800774,0.00922275960798,0.00931056501771,0.00944882858206,0.380238675735
0.347335382489,0.185962169736,0.0584809275977,0.00922208353362,0.00931042969573,0.00944904187953,0.380239965069
0.347901982944,0.185572129127,0.0583036394991,0.00922141446594,0.00931030038402,0.00944925891425,0.380241274666
0.348464605115,0.185182815944,0.058129566242,0.00922075226299,0.00931017690887,0.00944947952045,0.380242604006
0.349023277656,0.184794251345,0.0579586589902,0.00922009678902,0.00931005910371,0.00944970353999,0.380243952576
0.34957802903,0.184406455949,0.0577908696027,0.00921944791417,0.00930994680867,0.0094499308219,0.380245319873
0.350128887512,0.184019449855,0.0576261506254,0.00921880551401,0.00930983987023,0.00945016122197,0.380246705401
0.350675881189,0.183633252644,0.057464455283,0.00921816946927,0.00930973814078,0.00945039460234,0.380248108672
0.351219037958,0.183247883391,0.0573057374708,0.00921753966547,0.00930964147838,0.00945063083111,0.380249529205
0.351758385529,0.182863360676,0.0571499517465,0.00921691599267,0.00930954974637,0.00945086978204,0.380250966527
0.352293951423,0.182479702588,0.0569970533222,0.00921629834516,0.00930946281312,0.00945111133419,0.380252420174
0.352825762974,0.182096926739,0.0568469980562,0.0092156866212,0.00930938055173,0.00945135537162,0.380253889686
0.353353847327,0.181715050268,0.056699742445,0.00921508072283,0.00930930283977,0.00945160178314,0.380255374614
0.35387823144,0.181334089853,0.056555243615,0.00921448055558,0.00930922955907,0.00945185046201,0.380256874515
0.354398942085,0.180954061717,0.0564134593151,0.00921388602831,0.0093091605955,0.0094521013057,0.380258388953
0.354916005846,0.180574981638,0.0562743479082,0.00921329705301,0.00930909583869,0.00945235421571,0.3802599175
0.355429449123,0.180196864956,0.0561378683636,0.00921271354459,0.00930903518193,0.00945260909727,0.380261459733
0.355939298128,0.179819726581,0.0560039802491,0.00921213542077,0.00930897852192,0.00945286585921,0.380263015239
0.356445578891,0.179443581001,0.0558726437232,0.00921156260186,0.00930892575864,0.00945312441374,0.380264583611
0.356948317253,0.179068442291,0.0557438195272,0.00921099501066,0.00930887679516,0.0094533846763,0.380266164446
0.357447538875,0.178694324119,0.0556174689778,0.00921043257231,0.00930883153751,0.00945364656535,0.380267757353
0.357943269233,0.178321239753,0.0554935539592,0.00920987521416,0.00930878989453,0.00945391000226,0.380269361944
0.358435533621,0.17794920207,0.0553720369159,0.00920932286566,0.00930875177775,0.00945417491116,0.380270977839
0.35892435715,0.177578223563,0.0552528808448,0.00920877545823,0.00930871710124,0.00945444121878,0.380272604663
0.359409764751,0.177208316349,0.0551360492879,0.0092082329252,0.00930868578153,0.00945470885435,0.380274242051
0.359891781172,0.176839492173,0.0550215063248,0.00920769520166,0.00930865773749,0.00945497774947,0.380275889641
0.360370430985,0.176471762418,0.0549092165658,0.00920716222441,0.00930863289021,0.009455247838,0.380277547078
0.360845738579,0.176105138111,0.0547991451441,0.00920663393186,0.00930861116294,0.00945551905596,0.380279214016
0.361317728167,0.175739629927,0.0546912577091,0.00920611026397,0.00930859248094,0.00945579134142,0.380280890111
0.361786423784,0.175375248201,0.0545855204187,0.00920559116215,0.00930857677147,0.00945606463442,0.380282575028
0.362251849288,0.175012002932,0.0544818999329,0.0092050765692,0.00930856396367,0.00945633887689,0.380284268437
0.362714028362,0.174649903786,0.0543803634065,0.00920456642925,0.00930855398848,0.00945661401255,0.380285970015
0.363172984514,0.174288960107,0.054280878482,0.00920406068773,0.00930854677859,0.00945688998685,0.380287679444
0.363628741077,0.173929180923,0.0541834132831,0.00920355929125,0.00930854226835,0.00945716674689,0.380289396411
0.364081321212,0.173570574948,0.0540879364079,0.0092030621876,0.00930854039373,0.00945744424134,0.38029112061
0.364530747907,0.173213150592,0.053994416922,0.00920256932567,0.00930854109227,0.0094577224204,0.38029285174
0.36497704398,0.172856915967,0.0539028243518,0.00920208065544,0.00930854430297,0.00945800123574,0.380294589507
0.365420232078,0.172501878889,0.0538131286786,0.00920159612788,0.0093085499663,0.00945828064041,0.38029633362
0.365860334679,0.172148046887,0.0537253003311,0.00920111569498,0.00930855802413,0.00945856058884,0.380298083795
0.366297374092,0.171795427209,0.05363931018,0.00920063930965,0.00930856841964,0.00945884103674,0.380299839753
0.366731372459,0.171444026824,0.053555129531,0.00920016692571,0.00930858109736,0.00945912194105,0.380301601221
0.367162351757,0.171093852433,0.0534727301188,0.00919969849786,0.00930859600304,0.00945940325997,0.38030336793
0.367590333796,0.170744910469,0.0533920841008,0.00919923398166,0.00930861308368,0.0094596849528,0.380305139616
0.368015340223,0.170397207103,0.0533131640512,0.00919877333344,0.00930863228744,0.00945996698002,0.380306916022
0.368437392521,0.170050748255,0.0532359429547,0.00919831651036,0.00930865356363,0.00946024930316,0.380308696893
0.368856512011,0.16970553959,0.0531603942008,0.00919786347032,0.00930867686268,0.0094605318848,0.380310481981
0.369272719853,0.169361586531,0.0530864915775,0.00919741417194,0.00930870213608,0.00946081468854,0.380312271042
0.369686037048,0.169018894259,0.0530142092659,0.00919696857456,0.00930872933639,0.00946109767896,0.380314063837
0.370096484436,0.16867746772,0.0529435218344,0.00919652663822,0.00930875841717,0.00946138082159,0.380315860132
0.370504082701,0.16833731163,0.0528744042327,0.00919608832361,0.00930878933297,0.00946166408287,0.380317659697
0.370908852369,0.167998430477,0.0528068317866,0.00919565359206,0.0093088220393,0.00946194743013,0.380319462306
0.37131081381,0.16766082853,0.0527407801921,0.00919522240553,0.00930885649261,0.00946223083159,0.380321267739
0.37170998724,0.167324509838,0.0526762255102,0.00919479472661,0.00930889265026,0.00946251425627,0.380323075779
0.372106392721,0.166989478241,0.0526131441615,0.00919437051844,0.00930893047049,0.00946279767402,0.380324886213
0.372500050164,0.166655737368,0.0525515129206,0.00919394974477,0.00930896991241,0.00946308105549,0.380326698835
0.372890979327,0.166323290645,0.0524913089113,0.00919353236989,0.00930901093596,0.00946336437208,0.380328513439
0.373279199816,0.165992141299,0.0524325096009,0.00919311835864,0.00930905350192,0.00946364759594,0.380330329827
0.373664731092,0.165662292361,0.0523750927957,0.00919270767639,0.00930909757185,0.00946393069996,0.380332147802
0.374047592465,0.165333746672,0.0523190366352,0.00919230028902,0.0093091431081,0.0094642136577,0.380333967174
0.374427803097,0.165006506882,0.052264319588,0.00919189616292,0.00930919007379,0.00946449644345,0.380335787753
0.374805382007,0.164680575461,0.0522109204461,0.00919149526497,0.00930923843276,0.00946477903214,0.380337609356
0.375180348067,0.164355954698,0.0521588183205,0.00919109756252,0.0093092881496,0.00946506139935,0.380339431803
0.375552720006,0.164032646707,0.0521079926363,0.0091907030234,0.00930933918961,0.00946534352131,0.380341254917
0.375922516409,0.163710653428,0.0520584231281,0.0091903116159,0.00930939151876,0.00946562537485,0.380343078525
0.376289755722,0.163389976634,0.0520100898352,0.00918992330874,0.00930944510371,0.00946590693741,0.380344902459
0.376654456247,0.163070617934,0.051962973097,0.00918953807109,0.00930949991181,0.00946618818703,0.380346726551
0.37701663615,0.162752578774,0.0519170535489,0.00918915587254,0.00930955591101,0.00946646910229,0.380348550641
0.377376313455,0.162435860443,0.0518723121171,0.00918877668311,0.00930961306993,0.00946674966237,0.380350374569
0.377733506051,0.162120464075,0.0518287300151,0.00918840047321,0.0093096713578,0.00946702984695,0.38035219818
0.378088231692,0.161806390654,0.0517862887385,0.00918802721368,0.00930973074446,0.00946730963628,0.380354021321
0.378440507992,0.161493641015,0.0517449700613,0.00918765687572,0.00930979120033,0.00946758901112,0.380355843844
0.378790352436,0.161182215849,0.0517047560318,0.00918728943094,0.00930985269643,0.00946786795271,0.380357665603
0.379137782373,0.160872115705,0.0516656289678,0.00918692485131,0.00930991520434,0.00946814644283,0.380359486455
0.379482815021,0.160563340996,0.0516275714533,0.00918656310918,0.00930997869621,0.00946842446371,0.380361306261
0.379825467466,0.160255891997,0.0515905663339,0.00918620417726,0.00931004314473,0.00946870199807,0.380363124884
0.380165756665,0.159949768851,0.051554596713,0.00918584802861,0.00931010852311,0.00946897902908,0.38036494219
0.380503699446,0.159644971574,0.0515196459481,0.00918549463665,0.0093101748051,0.00946925554038,0.380366758049
0.380839312509,0.159341500053,0.0514856976468,0.00918514397514,0.00931024196498,0.00946953151602,0.380368572334
0.381172612427,0.159039354054,0.0514527356628,0.00918479601817,0.00931030997749,0.00946980694053,0.38037038492
0.381503615647,0.158738533221,0.0514207440925,0.00918445074016,0.00931037881792,0.00947008179881,0.380372195683
0.381832338491,0.158439037078,0.0513897072712,0.00918410811586,0.009310448462,0.00947035607621,0.380374004506
0.382158797158,0.158140865038,0.0513596097693,0.00918376812034,0.00931051888594,0.00947062975847,0.38037581127
0.382483007724,0.157844016397,0.051330436389,0.00918343072898,0.00931059006645,0.00947090283172,0.380377615863
0.382804986142,0.157548490344,0.0513021721607,0.00918309591747,0.00931066198065,0.0094711752825,0.380379418173
0.383124748246,0.157254285959,0.0512748023394,0.00918276366179,0.00931073460614,0.0094714470977,0.380381218091
0.383442309748,0.156961402217,0.0512483124014,0.00918243393823,0.00931080792095,0.00947171826459,0.38038301551
0.383757686244,0.156669837991,0.0512226880408,0.00918210672338,0.00931088190353,0.00947198877081,0.380384810326
0.38407089321,0.156379592054,0.0511979151665,0.00918178199409,0.00931095653277,0.00947225860435,0.380386602438
0.384381946005,0.15609066308,0.0511739798985,0.00918145972751,0.00931103178797,0.00947252775354,0.380388391748
0.384690859874,0.155803049648,0.0511508685651,0.00918113990108,0.00931110764882,0.00947279620706,0.380390178157
0.384997649944,0.155516750244,0.0511285676995,0.00918082249249,0.00931118409542,0.00947306395392,0.380391961571
0.38530233123,0.155231763264,0.0511070640366,0.00918050747971,0.00931126110828,0.00947333098346,0.380393741899
0.385604918634,0.154948087012,0.0510863445103,0.00918019484098,0.00931133866826,0.00947359728532,0.380395519049
0.385905426944,0.15466571971,0.0510663962499,0.00917988455478,0.00931141675662,0.00947386284946,0.380397292935
0.38620387084,0.154384659491,0.0510472065777,0.00917957659987,0.00931149535498,0.00947412766618,0.38039906347
0.386500264888,0.154104904409,0.0510287630058,0.00917927095524,0.00931157444533,0.00947439172602,0.380400830571
0.386794623547,0.153826452434,0.0510110532332,0.00917896760015,0.00931165401001,0.00947465501985,0.380402594156
0.387086961166,0.153549301461,0.0509940651429,0.00917866651409,0.00931173403171,0.00947491753883,0.380404354145
0.387377291988,0.153273449306,0.0509777867993,0.0091783676768,0.00931181449347,0.00947517927437,0.380406110461
0.387665630148,0.152998893713,0.0509622064452,0.00917807106825,0.00931189537865,0.0094754402182,0.380407863029
0.387951989675,0.15272563235,0.0509473124993,0.00917777666863,0.00931197667095,0.00947570036227,0.380409611774
0.388236384494,0.152453662816,0.0509330935535,0.00917748445839,0.00931205835441,0.00947595969884,0.380411356624
0.388518828426,0.152182982642,0.0509195383701,0.00917719441818,0.00931214041336,0.00947621822039,0.380413097511
0.388799335186,0.151913589289,0.0509066358793,0.00917690652889,0.00931222283247,0.00947647591967,0.380414834364
0.389077918391,0.151645480156,0.0508943751768,0.00917662077161,0.00931230559669,0.00947673278969,0.380416567119
0.389354591553,0.151378652574,0.0508827455209,0.00917633712767,0.00931238869129,0.00947698882368,0.380418295709
0.389629368085,0.151113103815,0.0508717363306,0.0091760555786,0.00931247210182,0.00947724401512,0.380420020074
0.389902261299,0.150848831091,0.0508613371825,0.00917577610612,0.00931255581414,0.00947749835771,0.38042174015
0.39017328441,0.150585831551,0.050851537809,0.0091754986922,0.00931263981439,0.0094777518454,0.380423455879
0.390442450531,0.150324102291,0.0508423280956,0.00917522331898,0.00931272408896,0.00947800447234,0.380425167202
0.390709772683,0.150063640349,0.0508336980785,0.00917494996881,0.00931280862457,0.00947825623291,0.380426874063
0.390975263785,0.14980444271,0.0508256379428,0.00917467862424,0.00931289340815,0.00947850712171,0.380428576408
0.391238936663,0.149546506306,0.0508181380196,0.00917440926801,0.00931297842694,0.00947875713354,0.380430274182
0.391500804049,0.149289828016,0.0508111887843,0.00917414188305,0.00931306366842,0.0094790062634,0.380431967335
0.391760878578,0.149034404672,0.0508047808541,0.00917387645249,0.00931314912032,0.0094792545065,0.380433655816
0.392019172793,0.148780233056,0.050798904986,0.00917361295964,0.00931323477064,0.00947950185825,0.380435339576
0.392275699145,0.148527309903,0.0507935520747,0.00917335138798,0.0093133206076,0.00947974831424,0.380437018568
0.392530469991,0.148275631902,0.0507887131504,0.0091730917212,0.00931340661968,0.00947999387026,0.380438692745
0.3927834976,0.148025195699,0.0507843793768,0.00917283394314,0.00931349279559,0.00948023852227,0.380440362063
0.393034794147,0.147775997895,0.0507805420493,0.00917257803783,0.00931357912428,0.00948048226643,0.38044202648
0.39328437172,0.147528035052,0.0507771925925,0.00917232398948,0.00931366559492,0.00948072509907,0.380443685952
0.393532242318,0.147281303688,0.0507743225588,0.00917207178245,0.0093137521969,0.00948096701669,0.380445340439
0.393778417849,0.147035800285,0.0507719236263,0.00917182140129,0.00931383891985,0.00948120801595,0.380446989902
0.394022910137,0.146791521285,0.0507699875965,0.0091715728307,0.0093139257536,0.00948144809369,0.380448634303
0.394265730918,0.146548463094,0.050768506393,0.00917132605556,0.00931401268819,0.00948168724691,0.380450273604
0.394506891841,0.146306622081,0.0507674720596,0.00917108106089,0.00931409971388,0.00948192547276,0.380451907771
0.394746404471,0.146065994581,0.0507668767579,0.00917083783189,0.00931418682112,0.00948216276857,0.380453536769
0.394984280287,0.145826576897,0.0507667127665,0.00917059635391,0.00931427400057,0.00948239913179,0.380455160564
0.395220530685,0.145588365297,0.0507669724781,0.00917035661244,0.0093143612431,0.00948263456003,0.380456779124
0.395455166979,0.14535135602,0.0507676483989,0.00917011859315,0.00931444853974,0.00948286905107,0.380458392418
0.395688200398,0.145115545274,0.0507687331461,0.00916988228184,0.00931453588175,0.0094831026028,0.380460000416
0.39591964209,0.144880929236,0.0507702194466,0.00916964766446,0.00931462326054,0.00948333521326,0.380461603089
0.396149503121,0.144647504058,0.0507721001352,0.00916941472712,0.00931471066773,0.00948356688063,0.38046320041
0.39637779448,0.144415265861,0.0507743681532,0.00916918345607,0.0093147980951,0.00948379760323,0.380464792352
0.396604527071,0.144184210743,0.0507770165464,0.00916895383768,0.00931488553463,0.00948402737949,0.380466378888
0.396829711722,0.143954334775,0.0507800384641,0.0091687258585,0.00931497297846,0.009484256208,0.380467959994
0.397053359182,0.143725634003,0.0507834271569,0.00916849950519,0.00931506041888,0.00948448408744,0.380469535647
0.39727548012,0.143498104452,0.0507871759758,0.00916827476455,0.00931514784838,0.00948471101664,0.380471105823
0.397496085131,0.143271742121,0.0507912783704,0.00916805162352,0.00931523525961,0.00948493699454,0.3804726705
0.39771518473,0.14304654299,0.0507957278873,0.00916783006918,0.00931532264536,0.00948516202018,0.380474229658
0.397932789358,0.142822503017,0.0508005181689,0.00916761008873,0.00931540999859,0.00948538609275,0.380475783276
0.398148909379,0.142599618139,0.0508056429519,0.00916739166951,0.00931549731242,0.00948560921152,0.380477331336
0.398363555084,0.142377884277,0.0508110960658,0.00916717479897,0.00931558458011,0.00948583137589,0.380478873819
0.398576736687,0.142157297329,0.0508168714317,0.00916695946471,0.00931567179509,0.00948605258536,0.380480410707
0.398788464331,0.141937853179,0.0508229630608,0.00916674565444,0.00931575895092,0.00948627283952,0.380481941984
0.398998748085,0.141719547693,0.050829365053,0.00916653335599,0.00931584604131,0.00948649213809,0.380483467634
0.399207597944,0.14150237672,0.0508360715958,0.00916632255732,0.00931593306011,0.00948671048088,0.380484987642
0.399415023833,0.141286336094,0.0508430769627,0.00916611324651,0.0093160200013,0.00948692786778,0.380486501995
0.399621035605,0.141071421636,0.0508503755123,0.00916590541175,0.00931610685901,0.0094871442988,0.380488010677
0.399825643041,0.140857629152,0.0508579616868,0.00916569904135,0.00931619362751,0.00948735977403,0.380489513678
0.400028855853,0.140644954433,0.0508658300107,0.00916549412375,0.00931628030118,0.00948757429365,0.380491010984
0.400230683685,0.14043339326,0.0508739750897,0.00916529064748,0.00931636687455,0.00948778785795,0.380492502586
0.400431136107,0.140222941401,0.0508823916096,0.00916508860119,0.00931645334225,0.00948800046728,0.380493988471
0.400630222626,0.140013594613,0.0508910743348,0.00916488797365,0.00931653969907,0.00948821212208,0.380495468631
0.400827952676,0.139805348643,0.0509000181076,0.00916468875373,0.00931662593989,0.00948842282289,0.380496943057
0.401024335628,0.139598199226,0.0509092178465,0.00916449093041,0.00931671205973,0.00948863257032,0.380498411739
0.401219380782,0.13939214209,0.0509186685455,0.00916429449278,0.00931679805373,0.00948884136505,0.380499874671
0.401413097374,0.139187172953,0.050928365273,0.00916409943003,0.00931688391711,0.00948904920786,0.380501331845
0.401605494573,0.138983287525,0.0509383031704,0.00916390573145,0.00931696964526,0.00948925609959,0.380502783255
0.401796581484,0.138780481509,0.0509484774512,0.00916371338645,0.00931705523362,0.00948946204115,0.380504228895
0.401986367145,0.1385787506,0.0509588833999,0.00916352238452,0.0093171406778,0.00948966703353,0.380505668759
0.402174860532,0.138378090488,0.050969516371,0.00916333271527,0.00931722597347,0.0094898710778,0.380507102843
0.402362070554,0.138178496854,0.0509803717881,0.00916314436839,0.00931731111642,0.00949007417508,0.380508531144
0.40254800606,0.137979965379,0.0509914451425,0.00916295733368,0.00931739610256,0.00949027632656,0.380509953656
0.402732675833,0.137782491733,0.0510027319928,0.00916277160104,0.00931748092788,0.00949047753351,0.380511370379
0.402916088597,0.137586071586,0.0510142279631,0.00916258716044,0.00931756558848,0.00949067779725,0.380512781308
0.40309825301,0.137390700602,0.051025928743,0.00916240400197,0.00931765008054,0.00949087711917,0.380514186443
0.403279177672,0.137196374443,0.0510378300858,0.0091622221158,0.00931773440037,0.00949107550072,0.380515585782
0.403458871121,0.137003088767,0.0510499278082,0.00916204149221,0.00931781854434,0.00949127294339,0.380516979324
0.403637341833,0.13681083923,0.0510622177888,0.00916186212154,0.00931790250894,0.00949146944875,0.380518367069
0.403814598226,0.136619621485,0.0510746959678,0.00916168399425,0.00931798629072,0.00949166501843,0.380519749017
0.403990648657,0.136429431186,0.0510873583457,0.00916150710086,0.00931806988635,0.0094918596541,0.38052112517
0.404165501426,0.136240263983,0.0511002009824,0.009161331432,0.00931815329257,0.00949205335749,0.380522495527
0.404339164771,0.136052115526,0.0511132199966,0.00916115697837,0.00931823650621,0.00949224613037,0.380523860091
0.404511646875,0.135864981467,0.0511264115648,0.00916098373078,0.00931831952418,0.00949243797458,0.380525218864
0.404682955861,0.135678857455,0.0511397719205,0.00916081168008,0.00931840234347,0.009492628892,0.380526571848
0.404853099795,0.135493739142,0.0511532973533,0.00916064081725,0.00931848496117,0.00949281888456,0.380527919046
0.405022086689,0.135309622179,0.0511669842081,0.00916047113333,0.00931856737443,0.00949300795422,0.380529260462
0.405189924493,0.135126502219,0.0511808288844,0.00916030261943,0.00931864958048,0.00949319610302,0.3805305961
0.405356621107,0.134944374918,0.0511948278354,0.00916013526677,0.00931873157664,0.00949338333302,0.380531925963
0.405522184372,0.134763235931,0.0512089775672,0.00915996906662,0.00931881336028,0.00949356964632,0.380533250057
0.405686622073,0.134583080919,0.0512232746384,0.00915980401035,0.00931889492887,0.00949375504508,0.380534568386
0.405849941942,0.134403905543,0.0512377156587,0.00915964008939,0.00931897627994,0.00949393953148,0.380535880955
0.406012151658,0.134225705468,0.0512522972888,0.00915947729526,0.0093190574111,0.00949412310776,0.380537187772
0.406173258843,0.134048476362,0.051267016239,0.00915931561954,0.00931913832,0.00949430577618,0.38053848884
