-10.0 -10.0,-10.0 0.0,-10.0 10.0,0.0 -10.0,0.0 0.0,0.0 10.0,10.0 -10.0,10.0 0.0,10.0 10.0,other
0.111111111111,0.111111111111,0.111111111111,0.111111111111,0.111111111111,0.111111111111,0.111111111111,0.111111111111,0.111111111111,0.0
0.125402901235,0.117793542517,0.100199693828,0.128017676416,0.128289041413,0.100295452346,0.100000875983,0.100000804623,0.100000011639,0.0
0.139620087767,0.123918056052,0.0893342748299,0.145176981205,0.145814413298,0.089545507712,0.0888639516132,0.0888638693906,0.088862858133,0.0
0.153348835029,0.129390377376,0.0788461285561,0.162051797061,0.163153135611,0.0791946012262,0.078005427139,0.0780053511203,0.0780043468812,0.0
0.166210785386,0.134156029767,0.0690443198604,0.178130563944,0.179787986826,0.0695515810487,0.0677065939348,0.0677065277152,0.067705611519,0.0
0.177902073093,0.13820092223,0.0601798645388,0.192987120548,0.195277830798,0.0608641653109,0.058196313848,0.0581962573038,0.0581954523299,0.0
0.188221444612,0.141547969042,0.0524172764226,0.206325811448,0.209304253053,0.0532908232526,0.0496310705275,0.0496310226444,0.0496303289972,0.0
0.197081775773,0.144250396267,0.0458210271403,0.218001934568,0.221695485076,0.0468889002491,0.0420870509936,0.0420870106151,0.0420864193172,0.0
0.204502133057,0.146382254364,0.0403617094943,0.228013248051,0.232422352912,0.041622991553,0.0355652932045,0.0355652592245,0.0355647581392,0.0
0.210583145234,0.148027437652,0.0359396495663,0.236467396075,0.241569595183,0.0373901052655,0.0300077172197,0.0300076886381,0.0300072651666,0.0
0.215474244536,0.149269473983,0.032416552011,0.243538157914,0.249294278173,0.0340515812488,0.0253187059681,0.0253186819097,0.0253183242563,0.0
0.219342861237,0.150184166899,0.0296442634174,0.249424703352,0.255785285342,0.0314611464405,0.0213859720561,0.0213859517729,0.0213856494824,0.0
0.222352083076,0.150835833222,0.0274842469217,0.254322454777,0.261233098512,0.0294833839803,0.0180963965618,0.0180963794249,0.0180961235251,0.0
0.224648106169,0.15127652791,0.0258171711844,0.258406958701,0.265812102224,0.0280025082225,0.0153456238926,0.0153456093796,0.015345392316,0.0
0.226355414283,0.151547080573,0.0245453274682,0.261827780802,0.269673010345,0.0269243046024,0.013042430363,0.0130424180422,0.0130422335204,0.0
0.227576714298,0.15167889584,0.0235910994899,0.264708434797,0.272941673598,0.0261743994717,0.0111096535579,0.0111096430737,0.0111094858744,0.0
0.228395191745,0.151695856233,0.0228938542248,0.26714918424,0.275721129269,0.0256951179899,0.00948327279317,0.00948326385209,0.00948312965259,0.0
0.22887754909,0.151616011657,0.0224065899392,0.269230773794,0.278094875758,0.0254421786944,0.00811071704362,0.00811070940325,0.00811059461939,0.0
0.229077024385,0.151452955763,0.0220929393723,0.271018101203,0.280130292577,0.0253817707208,0.00694900913622,0.00694900259557,0.00694890424813,0.0
0.229036049974,0.151216896095,0.0219247123291,0.272563424424,0.281881725223,0.025488172767,0.00596303826642,0.00596303265822,0.00596294826294,0.0
0.228788457311,0.150915465232,0.0218799695539,0.273909001509,0.283393079466,0.0257418959823,0.00512407103321,0.00512406621773,0.00512399369579,0.0
0.22836124715,0.150554327694,0.0219415487916,0.275089196023,0.28469992355,0.0261282695903,0.00440851929199,0.00440851515206,0.00440845275774,0.0
0.227775986483,0.150137631616,0.0220959501712,0.276132128598,0.285831157964,0.0266363774463,0.00379694286153,0.00379693929855,0.00379688556078,0.0
0.227049901684,0.149668344688,0.0223324970787,0.277060962359,0.286810328252,0.0272582637763,0.00327325154153,0.00327324847224,0.00327320214741,0.0
0.226196731402,0.149148504563,0.0226427043082,0.277894900886,0.287656652682,0.0279883420506,0.00282406978866,0.00282406714251,0.00282402717614,0.0
0.225227392253,0.148579406223,0.0230198007472,0.278649963625,0.288385826009,0.0288229561657,0.00243823134934,0.00243822906643,0.00243819456197,0.0
0.224150499689,0.147961742794,0.0234583668788,0.279339590014,0.289010648815,0.0297600558352,0.00210637657414,0.00210637460343,0.00210634479675,0.0
0.222972777055,0.147295711868,0.0239540575954,0.279975111952,0.289541521289,0.0307989580241,0.001820630461,0.00182062875895,0.00182060299734,0.0
0.22169937821,0.146581096095,0.0245033885278,0.280566124819,0.289986831483,0.0319401737766,0.00157434410155,0.00157434263091,0.00157432035577,0.0
0.220334143133,0.145817324478,0.0251035698004,0.28112077998,0.290353261075,0.0331852853505,0.00136188599763,0.00136188472649,0.00136186545891,0.0
0.218879801313,0.145003519061,0.0257523753063,0.281646016105,0.290646026212,0.0345368626849,0.00117847272894,0.00117847162991,0.0011784549587,0.0
0.217338134261,0.14413853051,0.0264480386426,0.282147742403,0.290869066854,0.0359984112442,0.00102003080498,0.00102002985455,0.00102001542616,0.0
0.215710105811,0.143220965156,0.0271891690677,0.282630983704,0.291025194818,0.0375743455177,0.000883083353165,0.000883082531083,0.000883070041217,0.0
0.213995966908,0.142249205463,0.0279746824568,0.283099994865,0.291116208342,0.0392699841173,0.000764656694747,0.000764655983591,0.000764645170037,0.0
0.212195340064,0.141221425392,0.0288037434079,0.283558350182,0.291142979076,0.0410915636642,0.000662202936103,0.00066220232085,0.000662192957473,0.0
0.210307287555,0.140135601799,0.0296757155035,0.284009012052,0.291105516052,0.0430462696195,0.000573535530566,0.000573534998258,0.000573526889882,0.0
0.208330366543,0.138989522777,0.0305901173546,0.284454382057,0.291003010044,0.0451422829562,0.00049677540427,0.000496774943721,0.000496767921777,0.0
0.206262673694,0.137780793638,0.0315465824925,0.2848963368,0.290833860886,0.047388842168,0.000430305733345,0.000430305334894,0.000430299253705,0.0
0.20410188137,0.13650684117,0.032544821492,0.285336250115,0.290595689678,0.0497963206004,0.000372733843564,0.000372733498863,0.000372728232474,0.0
0.201845267101,0.135164916649,0.0335845849153,0.285775002738,0.290285337243,0.0523763195013,0.000322859003262,0.000322858705092,0.000322854144551,0.0
0.199489737807,0.133752098108,0.0346656258051,0.286212980042,0.289898849809,0.0551417775465,0.00027964511552,0.00027964485764,0.000279640908665,0.0
0.197031850039,0.132265292296,0.0357876605242,0.286650058039,0.289431452552,0.0581070979122,0.00024219750126,0.000242197278267,0.000242193859249,0.0
0.194467827397,0.13070123679,0.0369503267608,0.287085577457,0.288877511351,0.0612882942529,0.000209743112202,0.000209742919425,0.0002097399597,0.0
0.191793576231,0.129056502753,0.0381531374991,0.28751830539,0.288230482936,0.0647031571949,0.000181613630282,0.000181613463673,0.000181610902045,0.0
0.189004700715,0.127327498853,0.0393954296931,0.287946383631,0.287482853423,0.0683714431762,0.000157231004485,0.000157230860543,0.000157228644001,0.0
0.186096518432,0.125510476999,0.0406763062983,0.288367262479,0.286626065162,0.0723150876384,0.000136095052374,0.000136094928065,0.000136093010686,0.0
0.183064077706,0.123601540573,0.0419945701957,0.288777618472,0.2856504318,0.0765584446802,0.000117772815437,0.000117772708136,0.000117771050132,0.0
0.179902178062,0.121596656056,0.0433486484099,0.289173254091,0.284545041478,0.0811285552975,0.000101889407999,0.00010188931543,0.000101887882326,0.0
0.176605395408,0.119491669053,0.0447365048761,0.289548977157,0.283297648284,0.0860554461963,8.81201408835e-05,8.81200610762e-05,8.81188230032e-05,0.0
0.173168113799,0.117282325985,0.0461555398613,0.289898457208,0.281894552331,0.0913724608171,7.61837353119e-05,7.61836665594e-05,7.61825976403e-05,0.0
0.169584565995,0.11496430294,0.0476024740143,0.290214055816,0.28032046931,0.0971166235532,6.58364708606e-05,6.5836411684e-05,6.58354895057e-05,0.0
0.165848885477,0.112533243526,0.049073214933,0.290486627437,0.278558391078,0.10332903704,5.68671349713e-05,5.68670840893e-05,5.6866289246e-05,0.0
0.161955173074,0.109984807901,0.0505627041311,0.290705287143,0.276589439874,0.110055310665,4.90926612595e-05,4.90926175616e-05,4.90919332625e-05,0.0
0.157897582019,0.107314735651,0.0520647424216,0.290857141477,0.274392720185,0.117346015828,4.23543604688e-05,4.23543229923e-05,4.23537347239e-05,0.0
0.153670425978,0.104518925636,0.0535717920882,0.290926978835,0.271945174378,0.125257159669,3.65146618992e-05,3.65146298092e-05,3.65141250471e-05,0.0
0.149268315421,0.101593536528,0.0550747549064,0.290896916355,0.269221450904,0.133850663487,3.1454294957e-05,3.14542675282e-05,3.14538354945e-05,0.0
0.144686328658,0.0985351123646,0.0565627262575,0.290746001529,0.266193797674,0.143194824381,2.70698504918e-05,2.7069827093e-05,2.70694585546e-05,0.0
0.139920224786,0.0953407380431,0.0580227274657,0.290449768966,0.262831998065,0.153364728018,2.32716701018e-05,2.32716501814e-05,2.32713372894e-05,0.0
0.134966706748,0.0920082302576,0.059439421358,0.289979756418,0.259103373417,0.164442566043,1.99820188369e-05,1.9982001909e-05,1.99817380827e-05,0.0
0.129823743394,0.0885363697529,0.0607948202419,0.289302989885,0.254972883919,0.176517792548,1.71335029185e-05,1.71334885491e-05,1.71332684091e-05,0.0
0.124490959729,0.0849251808233,0.0620680014435,0.288381456166,0.250403369701,0.189687029243,1.46676993736e-05,1.46676871649e-05,1.46675065333e-05,0.0
0.118970104013,0.0811762634135,0.0632348536756,0.287171593638,0.245355985641,0.204053597877,1.25339689975e-05,1.25339585682e-05,1.25338145626e-05,0.0
0.113265598481,0.0772931816369,0.0642678882459,0.285623849235,0.239790896442,0.219726520802,1.06884279122e-05,1.06884188693e-05,1.06883101447e-05,0.0
0.107385176506,0.073281909463,0.065136162674,0.283682372846,0.233668311726,0.236818787705,9.09305627909e-06,9.09304817368e-06,9.09297541062e-06,0.0
0.101340601937,0.0691513291223,0.0658053804454,0.281284950074,0.226949951938,0.255444641755,7.71492553199e-06,7.71491778379e-06,7.71488460837e-06,0.0
0.0951484551439,0.0649137696754,0.0662382483332,0.278363310451,0.219601040983,0.275715598832,6.52552789569e-06,6.52551965767e-06,6.52553434688e-06,0.0
0.0888309539112,0.0605855616097,0.0663951894962,0.274843988527,0.211592914768,0.297734891047,5.50019403905e-06,5.50018394492e-06,5.50026260756e-06,0.0
0.0824167555115,0.0561875681762,0.0662355220361,0.270649955209,0.202906308909,0.321590037254,4.61758659015e-06,4.61757226899e-06,4.61774487478e-06,0.0
0.0759416608725,0.0517456368571,0.0657192123177,0.265703268236,0.193535336422,0.347343307241,3.85925910594e-06,3.85923622723e-06,3.85955826561e-06,0.0
0.0694491190172,0.0472908993859,0.0648092926054,0.259929005629,0.183492086169,0.37501996888,3.20927226632e-06,3.20923262383e-06,3.20980811767e-06,0.0
0.0629904254484,0.0428598469468,0.0634749896627,0.253260745977,0.172811684062,0.404594345434,2.65386213828e-06,2.65378974942e-06,2.65481752466e-06,0.0
0.0566245548746,0.0384941412136,0.0616955575328,0.245647887962,0.161557630918,0.435973682424,2.18116034907e-06,2.18102344445e-06,2.18289145208e-06,0.0
0.0504177300384,0.0342402347615,0.0594648016456,0.237065321527,0.149827441547,0.46897912461,1.78097448804e-06,1.78070905798e-06,1.78418792022e-06,0.0
0.0444432090913,0.0301491364702,0.056796479734,0.227526816291,0.137759433555,0.503320585316,1.44465057239e-06,1.44412698707e-06,1.45076546816e-06,0.0
0.0387824751273,0.026277135118,0.0537314799483,0.217105897763,0.125543525522,0.538555980525,1.1650553472e-06,1.16401284068e-06,1.17692946201e-06,0.0
0.0335297667047,0.022688800912,0.0503491792896,0.205972848913,0.113442062839,0.574014509962,9.36709882644e-07,9.34636833636e-07,9.60032396994e-07,0.0
0.0288004904084,0.0194626133599,0.0467861937239,0.194459658654,0.101825711983,0.608663022251,7.55975973943e-07,7.51922627931e-07,8.01720945687e-07,0.0
0.0247330112817,0.016692038245,0.0432564700548,0.183137616739,0.0912007396552,0.640978181334,6.20717921945e-07,6.13098398701e-07,7.08873961895e-07,0.0
0.0214487738339,0.014458298317,0.0400301620561,0.172777315593,0.0821192934364,0.669164421137,5.28264817819e-07,5.1486047374e-07,6.92502041417e-07,0.0
0.0189575623411,0.0127662349266,0.0373161265374,0.164004120144,0.0748811968364,0.692073070763,4.72253712176e-07,4.50600382011e-07,7.65597398243e-07,0.0
0.0171228905988,0.0115215303552,0.0351476073592,0.156930418344,0.0693319383687,0.709943813831,4.429758838e-07,4.10808003262e-07,9.47359807639e-07,0.0
0.0157574147487,0.0105959941181,0.0334299031958,0.151274591364,0.0650699414118,0.723870060918,4.31515246996e-07,3.86842783631e-07,1.27588505048e-06,0.0
0.014709606003,0.00988629472716,0.0320470192412,0.146681422868,0.0617179471479,0.734955081553,4.31930420749e-07,3.72884734449e-07,1.82364394562e-06,0.0
0.0138782815241,0.00932355694934,0.0309073867315,0.142866427407,0.0590054912675,0.744015331837,4.40779206453e-07,3.65462144179e-07,2.71804181532e-06,0.0
0.0131989354528,0.00886392190029,0.029946800741,0.139628141973,0.0567525689552,0.751604636486,4.56151000402e-07,3.62538130466e-07,4.17580221361e-06,0.0
0.0126299891094,0.00847914239229,0.0291211637169,0.136827133228,0.0548396577235,0.758095511368,4.77007515625e-07,3.62887398564e-07,6.56256716791e-06,0.0
0.0121438382154,0.00815047665043,0.0283998020199,0.134365804472,0.0531856202318,0.763743094333,5.02815395133e-07,3.65746335603e-07,1.04955156749e-05,0.0
0.0117215368122,0.00786506783388,0.0277608791312,0.132174306466,0.051733775975,0.768726510227,5.3334895733e-07,3.70622829889e-07,1.70195836132e-05,0.0
0.0113496610464,0.00761381020578,0.0271884475688,0.130201388891,0.050443371401,0.773174464771,5.68583160038e-07,3.77190989044e-07,2.79103421026e-05,0.0
0.0110184187626,0.00739006384146,0.026670561007,0.128408495409,0.0492842977322,0.777180973799,6.0863444501e-07,3.85230860695e-07,4.61955829937e-05,0.0
0.0107204737735,0.00718885569607,0.0261980401402,0.126765873946,0.048233732769,0.780814920001,6.53727951589e-07,3.94592653153e-07,7.70553536096e-05,0.0
0.0104501875447,0.00700636456501,0.0257636356877,0.125249912388,0.0472739290724,0.784125483685,7.04180220692e-07,4.05174791052e-07,0.000129377702077,0.0
0.0102031081411,0.00683957414862,0.0253614262881,0.12384118955,0.046390685432,0.787144388146,7.60392082124e-07,4.1691011376e-07,0.000218450992389,0.0
0.00997560402234,0.00668602459342,0.0249863410042,0.122522881892,0.0455722097286,0.789885061579,8.22849724762e-07,4.29757113049e-07,0.000370624573944,0.0
0.00976457510011,0.00654361661155,0.0246337188576,0.121279222743,0.0448081664202,0.792337996203,8.92134559561e-07,4.43694536066e-07,0.000631368235628,0.0
0.00956718874605,0.00641043271413,0.024298818104,0.120093689268,0.044088730792,0.79446055077,9.68945598026e-07,4.58718583278e-07,0.00107916194177,0.0
0.00938059051493,0.00628454155297,0.0239761677966,0.118946494975,0.043403458154,0.796157960697,1.05414322598e-06,4.74842728071e-07,0.00184925732361,0.0
0.00920153166888,0.00616374618989,0.0236586143048,0.117810794566,0.0427397272295,0.797250206765,1.14883341252e-06,4.92101390421e-07,0.00317373834124,0.0
0.0090258439553,0.00604522914658,0.0233358657022,0.116646815046,0.0420804558602,0.797416839435,1.25453341923e-06,5.10561465356e-07,0.00544718575985,0.0
0.00884769693783,0.00592504990405,0.022992327735,0.115393164369,0.0414008076236,0.796110589768,1.37351142566e-06,5.30353249475e-07,0.00932845979736,0.0
0.00865866294738,0.00579750964459,0.0226042381565,0.113955721982,0.0406640308248,0.792437389146,1.50951959524e-06,5.51753790463e-07,0.0158803860246,0.0
0.00844698510515,0.00565464382769,0.0221370773761,0.112199337416,0.0398183163714,0.785035961319,1.66946467842e-06,5.7541564494e-07,0.0267054337047,0.0
0.00819853124031,0.00548682689412,0.0215472005843,0.109961705102,0.0388016701346,0.77210396692,1.86735873981e-06,6.02985741715e-07,0.0438976287797,0.0
0.00790310625207,0.00528693562753,0.0207979086094,0.107136785022,0.0375719863137,0.751969394186,2.13346284119e-06,6.38638972385e-07,0.0693311118871,0.0
0.0075703020287,0.00506088281602,0.0199030105758,0.103878446707,0.0361812523371,0.724764339322,2.53215811136e-06,6.92004785552e-07,0.10263854205,0.0
0.00724380831313,0.00483726371481,0.0189721447788,0.100769915863,0.0348396835824,0.694362326338,3.1817431222e-06,7.80420003567e-07,0.138970895247,0.0
0.00697527200384,0.00465029818329,0.0181506851649,0.0984619063435,0.0337877761997,0.666450666923,4.24936915662e-06,9.24441153659e-07,0.171518221371,0.0
0.00677815810623,0.00450922830294,0.0174912331354,0.0970952411035,0.0330821936998,0.6435666424,5.9392442674e-06,1.14153684383e-06,0.197470222471,0.0
0.00663767324429,0.0044045559133,0.0169665250989,0.0964647023054,0.0326495604853,0.625146510411,8.53364955224e-06,1.45050783554e-06,0.217720488385,0.0
0.0065371951434,0.00432542047576,0.0165378505692,0.0963587260162,0.0324112854042,0.609993386569,1.24601877156e-05,1.87832153229e-06,0.233821797313,0.0
0.00646520996122,0.00426423611619,0.0161765449756,0.0966381150314,0.0323143661678,0.597164364206,1.83676617417e-05,2.46390640354e-06,0.246956331974,0.0
0.00641439899506,0.00421613192835,0.0158634967163,0.0972195437359,0.0323261461217,0.586014429509,2.72313839324e-05,3.26175754882e-06,0.257915359852,0.0
0.00638011017206,0.00417796201495,0.0155859052955,0.0980546746002,0.0324268278462,0.576105313429,4.05088836282e-05,4.34693711001e-06,0.267224350821,0.0
0.00635934520917,0.00414764316731,0.0153349082644,0.0991171360012,0.0326046686365,0.567130697849,6.03693818953e-05,5.82204946956e-06,0.275239409441,0.0
0.00635016614364,0.00412376287682,0.0151041120001,0.100395310779,0.0328532495835,0.558868058501,9.00290236535e-05,7.82672298072e-06,0.282207484369,0.0
0.00635135372543,0.00410534944464,0.0148886929829,0.101888567345,0.0331699847334,0.551148581627,0.000134236171784,1.05502695664e-05,0.2883026837,0.0
0.00636221242399,0.00409173512458,0.0146848291513,0.103605571473,0.0335553713141,0.543837856805,0.000199966438787,1.42483250255e-05,0.293648208944,0.0
0.0063824650224,0.00408247391075,0.0144893179934,0.105564027936,0.034012729227,0.536822758795,0.000297404311229,1.92643169818e-05,0.298329558487,0.0
0.0064122084289,0.00407729341944,0.0142992965937,0.107791645857,0.0345483306309,0.530001725214,0.000441303036888,2.60564313406e-05,0.302402140388,0.0
0.00645192010265,0.00407607056083,0.014112009987,0.110328458367,0.035171929109,0.52327662325,0.0006528158877,3.52300725635e-05,0.305894942664,0.0
0.00650251829385,0.00407882736832,0.0139245887493,0.113230990955,0.0358978055021,0.516544862788,0.000961854004064,4.75740613011e-05,0.308810978278,0.0
0.00656549460396,0.00408574911972,0.0137338005739,0.116579309912,0.036746597044,0.509690523177,0.00140989070509,6.40948087021e-05,0.311124540055,0.0
0.00664316034506,0.00409723402886,0.0135357354033,0.120488920011,0.0377484308552,0.502573064121,0.00205277372622,8.60340647541e-05,0.312774647445,0.0
0.00673908835392,0.0041139950963,0.0133253678233,0.125131241346,0.0389483557526,0.495011622764,0.00296226039278,0.000114837769038,0.313653230702,0.0
0.00685890526845,0.00413725405412,0.0130959082096,0.130769783755,0.0404159711681,0.486761757132,0.00422312004693,0.000152006729467,0.313585293636,0.0
0.00701171722158,0.00416909800084,0.0128377959393,0.137825517325,0.0422628438371,0.477479443567,0.00591877109293,0.000198688107429,0.312296124909,0.0
0.00721262542927,0.00421309920961,0.0125371037137,0.146995418724,0.0446740403723,0.466664180477,0.00809129140924,0.000254742606491,0.309357498059,0.0
0.00748673758537,0.00427522312596,0.0121731220548,0.159455751613,0.0479618825584,0.453573166506,0.0106528739791,0.000316892459378,0.304104350118,0.0
0.00787323645907,0.0043643716402,0.0117157187365,0.177128778722,0.0526351331925,0.437128335855,0.0132375878799,0.000375881599985,0.295540955915,0.0
0.00841924970651,0.00448929296544,0.0111275877203,0.202644553371,0.059382848677,0.416000837122,0.0151102413351,0.000415244761563,0.282410144341,0.0
0.00913926962089,0.00464596068376,0.010385955687,0.237856702591,0.0686701222858,0.389399694327,0.0155579171798,0.00042027718037,0.263924100444,0.0
0.00996348105727,0.00480671662505,0.00951901552415,0.281178429029,0.0800407750173,0.358399868742,0.0147158644486,0.000395219671527,0.240980629885,0.0
0.0107837902932,0.00494039200352,0.00859511462145,0.328380688383,0.0923728648116,0.32556287994,0.0132922695688,0.000356510581001,0.215715489797,0.0
0.0115283472835,0.00503269992851,0.00767954495654,0.375660675596,0.104701279047,0.293359751031,0.0117297824916,0.000314525561693,0.189993394104,0.0
0.0121606305929,0.00508153652297,0.00682303225301,0.420268390544,0.116348593385,0.26373111815,0.0101978690081,0.000273436650813,0.165115392894,0.0
0.0126626435512,0.00508985145626,0.00606273809726,0.460245643173,0.126826271717,0.238109852612,0.00877076653585,0.000235169764041,0.141997063093,0.0
0.0130284528216,0.00506259256498,0.00542069315999,0.494400499179,0.135815942914,0.217364139292,0.00748753248483,0.00020076221801,0.121219385365,0.0
0.0132613909239,0.00500525133712,0.00490323405488,0.522296719597,0.143170291799,0.201790284603,0.00636450800433,0.00017065065119,0.103037669029,0.0
0.0133710059404,0.00492292553514,0.0045038688446,0.544104044454,0.148886503056,0.191234977439,0.00540053181557,0.000144803680207,0.0874313392343,0.0
0.0133696303564,0.00481975263834,0.00420838954982,0.560353333456,0.153055136617,0.185294453889,0.00458285181613,0.00012287934017,0.0741935723368,0.0
0.0132695351767,0.00469871240982,0.00399980176494,0.571702199132,0.155806651713,0.18349940908,0.00389305886539,0.000104384020189,0.0630262478378,0.0
0.0130812669085,0.00456171407589,0.00386156258807,0.578776851488,0.157272441646,0.185433659377,0.00331156036029,8.87923843913e-05,0.0536121511718,0.0
0.0128130977922,0.00440983150329,0.00377901484921,0.582095629726,0.157564148444,0.19078572883,0.00282016480419,7.56166661684e-05,0.0456567673844,0.0
0.0124711997964,0.00424357693099,0.00373961112465,0.582049046648,0.156766941189,0.199356075205,0.00240317330439,6.44359331457e-05,0.038905939868,0.0
0.0120601768261,0.00406315888922,0.00373255029472,0.578909545841,0.154940984803,0.211042001305,0.00204757933468,5.49014430852e-05,0.0331491012628,0.0
0.0115837304753,0.00386871039009,0.00374823327429,0.572853518254,0.152126943826,0.225813626138,0.00174284566462,4.67306626167e-05,0.0282156613148,0.0
0.0110453519398,0.00366049125371,0.00377774859424,0.56398700171,0.148353272724,0.243686875427,0.00148053492844,3.96973616695e-05,0.023969026061,0.0
0.0104489940158,0.00343907085091,0.0038124856294,0.552371880203,0.143644290243,0.26469530489,0.00125392827045,3.36213881718e-05,0.0203004245098,0.0
0.00979969461633,0.00320549229753,0.00384392301568,0.538051876726,0.138028605386,0.288860963582,0.00105768498807,2.83595419206e-05,0.0171233998466,0.0
0.00910411522957,0.00296141084519,0.00386361996793,0.52107831099,0.13154756599,0.316164447436,0.000887556110877,2.37978944017e-05,0.0143691755366,0.0
0.00837093902005,0.00270919065712,0.00386342487294,0.501535265631,0.124263225202,0.346515124344,0.000740148092768,1.98454517301e-05,0.0119828367288,0.0
0.00761105654825,0.00245193795668,0.00383589413638,0.479562965776,0.116265018878,0.379723780929,0.000612727748045,1.64289220878e-05,0.00992018910581,0.0
0.00683746576127,0.00219344804563,0.00377487883971,0.455377248857,0.107674082422,0.415481151201,0.000503060199626,1.34883648897e-05,0.00814517630901,0.0
0.00606484163735,0.0019380529918,0.00367619174016,0.429282557253,0.0986441305673,0.4533461616,0.000409275120291,1.09735900216e-05,0.00662781549994,0.0
0.00530880400251,0.00169038002713,0.00353823098132,0.401676869712,0.0893583845293,0.492745980576,0.000329761804195,8.84130921093e-06,0.00534274705887,0.0
0.00458504184239,0.00145507145017,0.00336244556929,0.373051036066,0.0800235752929,0.532983961643,0.000263100300252,7.05320577422e-06,0.00426871463096,0.0
0.00390864443799,0.00123657654045,0.00315363574973,0.343994820241,0.0708650904469,0.573237997341,0.000208043355983,5.57526471509e-06,0.00338961662205,0.0
0.0032941914491,0.0010391876136,0.00292033945158,0.315239698632,0.0621317408396,0.612508870462,0.000163566023185,4.37874430439e-06,0.00269802678431,0.0
0.00275695538148,0.000867425501305,0.00267581454352,0.28777794655,0.0541186234589,0.64946961713,0.000128963795565,3.44231150346e-06,0.00220121132763,0.0
0.0023134053365,0.000726192315669,0.00243920702131,0.262994351439,0.0471844869131,0.682310880407,0.000103816501534,2.7510153758e-06,0.00192490905129,0.0
0.00197441899778,0.000618614711004,0.00223219289993,0.24236942401,0.0416487416863,0.709162763451,8.74217200063e-05,2.28278809495e-06,0.00190413973651,0.0
0.00173153848079,0.000541733767096,0.00206678325065,0.226448199947,0.0375320402096,0.729429001841,7.80250902762e-05,1.99040795538e-06,0.0021706870061,0.0
0.00155935744907,0.000487330596972,0.00193925746673,0.214469005602,0.0345272696704,0.744165710264,7.33143978497e-05,1.81390060702e-06,0.00277694065162,0.0
0.00143311668148,0.000447491201764,0.00183940969107,0.205276114614,0.0322750438888,0.75481188219,7.15209785408e-05,1.70729549728e-06,0.00384371345861,0.0
0.0013361289047,0.000416906469674,0.00175829197404,0.197959256542,0.0305152078564,0.762339301271,7.16283190005e-05,1.64344393788e-06,0.0056016352186,0.0
0.0012581480739,0.000392324112302,0.00168948488504,0.191904502584,0.0290811536492,0.767158444735,7.31170021084e-05,1.60741377242e-06,0.00844121754467,0.0
0.00119270310146,0.000371692060273,0.00162829650843,0.186691431565,0.0278641244035,0.769187975551,7.57606206053e-05,1.59103343696e-06,0.0129864251564,0.0
0.00113537203525,0.000353607147373,0.001570913958,0.182007418377,0.0267874713121,0.767880001437,7.9539515874e-05,1.59009940844e-06,0.0201840861188,0.0
0.00108286533356,0.000337021440624,0.00151387537892,0.177603731393,0.025792856549,0.762226071391,8.46518240926e-05,1.60343175416e-06,0.0313573232581,0.0
0.00103273313064,0.00032114423513,0.00145401749013,0.173306320784,0.0248377326501,0.750888383108,9.16360394456e-05,1.63348163106e-06,0.048066399081,0.0
0.000983754111985,0.000305555107438,0.00138925039653,0.169112348884,0.0239072876446,0.732747701351,0.000101665116302,1.68883022904e-06,0.0714507485584,0.0
0.000936970085814,0.000290517847302,0.0013203866623,0.165370560368,0.0230403615711,0.708135144654,0.000117039178722,1.78835856833e-06,0.100787231274,0.0
0.000896081292449,0.000277106778398,0.00125244207259,0.162828388811,0.022337776209,0.679990032503,0.000141561395872,1.96255159561e-06,0.132274648385,0.0
0.000864859264931,0.000266429624463,0.00119160449834,0.162189381923,0.021898083808,0.652551091024,0.0001801118023,2.24402806327e-06,0.160856194027,0.0
0.000843927761274,0.000258645357983,0.00114006409755,0.163636103353,0.0217426582151,0.628185730824,0.000237931984776,2.65605132475e-06,0.183952282355,0.0
0.000831686771597,0.00025322512431,0.00109618912553,0.167056642026,0.0218435656322,0.606900559357,0.00032089639907,3.21540691994e-06,0.201694020157,0.0
0.000826549236985,0.000249613478525,0.00105738456496,0.172442689123,0.0221806665766,0.587799959703,0.000435824895227,3.93755555183e-06,0.215003374866,0.0
0.000827737911922,0.000247453685425,0.00102128737657,0.180055514447,0.0227639098442,0.56988662815,0.000589505981574,4.83194707819e-06,0.224603130656,0.0
0.000835366231016,0.000246585306699,0.000985757218674,0.190523908361,0.0236416842188,0.552179058486,0.000785513925539,5.88640923014e-06,0.230796239843,0.0
0.000850484317643,0.000247011904049,0.000948530894401,0.205013451423,0.0249139422583,0.533593347802,0.00101714252541,7.03688183396e-06,0.233409051993,0.0
0.00087514528428,0.000248860243747,0.000906813743281,0.225485657989,0.0267519996716,0.512764036949,0.00125488185066,8.11945042555e-06,0.231704484819,0.0
0.00091185832876,0.000252224687548,0.000857169952775,0.254743999552,0.029394133738,0.48800766924,0.00143474360284,8.83539857125e-06,0.2243893655,0.0
0.0009605995808,0.000256664085889,0.000797009320695,0.294998607772,0.0329996009303,0.458102984461,0.0014820108736,8.87236643752e-06,0.21039365061,0.0
0.0010141106938,0.00026067166939,0.000728279936865,0.344270113924,0.0373230929873,0.424219008452,0.00139440425767,8.25970716761e-06,0.190782058372,0.0
0.00106135345588,0.000262561068128,0.000657387287733,0.39644231518,0.0417693284224,0.389915919185,0.00124414739038,7.34996026728e-06,0.16863963805,0.0
0.00109565277082,0.000261652249167,0.000590278282411,0.446045762303,0.0458528003814,0.358577005895,0.00108282604865,6.39327070434e-06,0.146487628799,0.0
0.0011148273882,0.00025801878285,0.000530703674636,0.489729080217,0.0493008403967,0.33244047724,0.00092946809915,5.48710378537e-06,0.125691097098,0.0
0.00111891465019,0.00025200762065,0.000480518139973,0.525706423445,0.0519783352317,0.312733166288,0.000790836672572,4.66853653723e-06,0.106935129415,0.0
0.00110902339223,0.000244021155944,0.000440018405833,0.553348501774,0.0538431062408,0.299860280837,0.000669168672566,3.95025073835e-06,0.0904819292705,0.0
0.00108672294351,0.000234424373582,0.000408390205634,0.572819698604,0.0549146759721,0.293661583603,0.000564335838364,3.33138311839e-06,0.0763068370769,0.0
0.00105365213287,0.000223510431587,0.000384221560848,0.5847045596,0.0552451994433,0.293694723548,0.000474918057987,2.80352511584e-06,0.0642164117,0.0
0.00101131682205,0.0002115020918,0.000365911111098,0.589716121828,0.0548974970347,0.29945037401,0.000398959853386,2.35512584693e-06,0.0539459621237,0.0
0.000961043367177,0.000198571951471,0.000351902529791,0.58853123641,0.053933168558,0.310463878623,0.000334452005284,1.97432194309e-06,0.045223772233,0.0
0.000904026657828,0.000184868268642,0.000340779931957,0.581732551971,0.0524091391512,0.326343224777,0.000279577545293,1.65038638378e-06,0.03780418131,0.0
0.000841415847523,0.000170538780744,0.00033128909968,0.569815794161,0.0503793456696,0.346747858939,0.000232800725477,1.37425270369e-06,0.0314795825246,0.0
0.000774399749286,0.000155749067343,0.000322335169505,0.553228236178,0.0478987355191,0.371345572375,0.000192870923959,1.13853763493e-06,0.0260809624795,0.0
0.000704269482184,0.000140693919417,0.000312984659359,0.532416778984,0.0450276473121,0.399764571204,0.000158788500845,9.37339223177e-07,0.0214733285991,0.0
0.000632445364144,0.000125600837369,0.000302481909705,0.507872728073,0.0418352928574,0.431551438848,0.000129758011577,7.65960132245e-07,0.0175494881379,0.0
0.000560462059312,0.000110725359254,0.000290278201079,0.480165157497,0.038401487723,0.466142195519,0.000105141152587,6.20628817964e-07,0.01422393186,0.0
0.000489914967617,9.63392194853e-05,0.000276064850412,0.449958660206,0.0348162455198,0.502850003427,8.44157066814e-05,4.98254818703e-07,0.0114278578486,0.0
0.000422384515161,8.27147434202e-05,0.000259800284584,0.418017828455,0.031177641824,0.540865749874,6.71448775381e-05,3.96242538932e-07,0.00910633918352,0.0
0.000359373494098,7.01123031942e-05,0.000241728496162,0.385213551468,0.0275896736998,0.579253258777,5.2961498692e-05,3.12387307194e-07,0.00721902787587,0.0
0.000302308351116,5.87805409346e-05,0.000222404600847,0.3525658482,0.0241634623821,0.616899391955,4.15706198905e-05,2.4487150961e-07,0.00574598847907,0.0
0.000252626988241,4.8973308581e-05,0.000202757116574,0.321361298713,0.0210244544033,0.65237893085,3.27631173358e-05,1.92321654859e-07,0.00469800318107,0.0
0.000211773941334,4.09479200063e-05,0.000184137967178,0.293254807033,0.0183151494719,0.683845353282,2.63935815942e-05,1.53682970332e-07,0.00412128312008,0.0
0.000180565675481,3.48407546394e-05,0.000168022492893,0.269885344191,0.0161524386681,0.709478450554,2.22388420447e-05,1.27477779831e-07,0.00407797134432,0.0
0.00015809399636,3.04557143875e-05,0.000155147302288,0.251795445757,0.014536677734,0.728678855323,1.98355470205e-05,1.10967741226e-07,0.00462537765782,0.0
0.000142047047769,2.73303443325e-05,0.000145152451991,0.238128317615,0.0133495263055,0.742325431535,1.86109429585e-05,1.00869567688e-07,0.00586348288854,0.0
0.000130196955188,2.50250280943e-05,0.000137240518649,0.227606063823,0.012454146596,0.751607971202,1.81319988116e-05,9.46848578919e-08,0.00802112919246,0.0
0.000121019835862,2.32406358999e-05,0.000130708232716,0.219205224682,0.011749846718,0.757228986184,1.81513004782e-05,9.09275268831e-08,0.0115227314835,0.0
0.0001135609431,2.17901686154e-05,0.00012503358832,0.212222168662,0.0111707906037,0.759276615078,1.85495825222e-05,8.87848371016e-08,0.0170514025883,0.0
0.000107207196714,2.05535087034e-05,0.000119819564655,0.206175368536,0.0106734778765,0.757277508477,1.92924465336e-05,8.7840283309e-08,0.0256066845542,0.0
0.000101546572045,1.9449522305e-05,0.000114744022803,0.200739999457,0.0102284656415,0.750294342507,2.04212472842e-05,8.7950355594e-08,0.0384809430799,0.0
9.63171920612e-05,1.84256256591e-05,0.000109557243543,0.19576416415,0.0098184190193,0.737208688073,2.20792284335e-05,8.92486650125e-08,0.0569622602189,0.0
9.14345655626e-05,1.74623640001e-05,0.000104149162393,0.191385358205,0.00944263128713,0.717457005508,2.45772933322e-05,9.2258814232e-08,0.0814772893554,0.0
8.70497236423e-05,1.65841046523e-05,9.86611881685e-05,0.188168930796,0.00912366503801,0.69220714042,2.84784335139e-05,9.8024411428e-08,0.110269392272,0.0
8.34803629073e-05,1.58463624305e-05,9.3468376061e-05,0.186965338747,0.00890015692807,0.664732926818,3.45965971127e-05,1.07948866715e-07,0.13917407786,0.0
8.09346399198e-05,1.5284393201e-05,8.8880412569e-05,0.188381867745,0.00879879457502,0.638421274205,4.38261937093e-05,1.23188726717e-07,0.164169014647,0.0
7.93709671994e-05,1.4886338446e-05,8.49089290597e-05,0.192595475002,0.00882200637874,0.614602018441,5.69876189233e-05,1.44264925803e-07,0.183744202059,0.0
7.8653506635e-05,1.46207370317e-05,8.13742736106e-05,0.199759398672,0.00896650339744,0.592877194035,7.47571638258e-05,1.71137530402e-07,0.198147327077,0.0
7.87008196241e-05,1.44624535188e-05,7.80542745334e-05,0.210394199129,0.00924117973328,0.572203638237,9.7363565372e-05,2.02990866829e-07,0.207892198797,0.0
7.95308817357e-05,1.43986908843e-05,7.47203333754e-05,0.225641707289,0.0096759528698,0.551312387989,0.000123768384907,2.37353132931e-07,0.213077296208,0.0
8.12596380202e-05,1.44259785491e-05,7.11173765638e-05,0.247513064834,0.0103277727366,0.528688860619,0.000150226707223,2.68641722069e-07,0.213153003468,0.0
8.40292198764e-05,1.45386605628e-05,6.69591603416e-05,0.278826990147,0.0112745453111,0.502602214255,0.000169137786948,2.87345561033e-07,0.206961298114,0.0
8.77233079149e-05,1.46991449998e-05,6.20554505379e-05,0.32145951126,0.0125542873756,0.471977116364,0.000172328987341,2.84423495459e-07,0.193671993686,0.0
9.16033981949e-05,1.48144805674e-05,5.65926090739e-05,0.372575727226,0.0140504889782,0.438285393878,0.000160511866544,2.62071376527e-07,0.174764605492,0.0
9.47049087071e-05,1.47932956502e-05,5.10809184481e-05,0.425326554166,0.0155352553608,0.405253462109,0.000142180679748,2.31492325521e-07,0.153581737069,0.0
9.65075588524e-05,1.46049144631e-05,4.59648667706e-05,0.474003175216,0.0168371767708,0.376235674479,0.000123001290068,2.00136390907e-07,0.132643694768,0.0
9.68890902109e-05,1.42595069135e-05,4.15005847964e-05,0.515341323894,0.0178683726254,0.353314349088,0.000105023496901,1.70857021158e-07,0.113218110856,0.0
9.59137954494e-05,1.37807082086e-05,3.7786608049e-05,0.547818961366,0.0185931415194,0.337483874135,8.89346356108e-05,1.44675810423e-07,0.0958674625565,0.0
9.37252961432e-05,1.31935561025e-05,3.48030358354e-05,0.571099097362,0.0190082646132,0.328929769127,7.49073434291e-05,1.21854346398e-07,0.0807461178115,0.0
9.04917520995e-05,1.25198883385e-05,3.24557274855e-05,0.585564931709,0.0191294746511,0.327345417373,6.28613644601e-05,1.0225773257e-07,0.0677617452773,0.0
8.63770675967e-05,1.17772982903e-05,3.0617214392e-05,0.59192750078,0.0189810948679,0.332213502119,5.25955667495e-05,8.5557613816e-08,0.0566964495281,0.0
8.15308397415e-05,1.09799580341e-05,2.91545547301e-05,0.590970014459,0.018589699305,0.342982176994,4.38710020486e-05,7.13649055432e-08,0.0472925015229,0.0
7.60901751837e-05,1.01401509457e-05,2.7943638379e-05,0.583431662539,0.0179815689689,0.359134197658,3.64575351368e-05,5.93050876485e-08,0.0393018800296,0.0
7.01865973408e-05,9.26978325916e-06,2.68748151697e-05,0.569987874204,0.0171826646989,0.380184628857,3.01543930305e-05,4.90514758189e-08,0.0325082976004,0.0
6.39531943055e-05,8.38150906523e-06,2.58547929438e-05,0.551280355368,0.0162197726592,0.405644117472,2.47952706523e-05,4.03334693748e-08,0.0267327294,0.0
5.75291996737e-05,7.48931845716e-06,2.48078167977e-05,0.527963452774,0.0151218335392,0.434973806522,2.02457970481e-05,3.29323920571e-08,0.0218308021002,0.0
5.10607017521e-05,6.60855194682e-06,2.36772742547e-05,0.500746365301,0.0139208301813,0.467547919163,1.63980017063e-05,2.66724397134e-08,0.017687114152,0.0
4.46974131055e-05,5.75540150956e-06,2.24276438356e-05,0.470420396381,0.0126519214249,0.502632218416,1.31642932936e-05,2.14107868456e-08,0.014209397615,0.0
3.8586811807e-05,4.94609679975e-06,2.10461916931e-05,0.437870071035,0.0113528653943,0.539377478829,1.0472389507e-05,1.70291322066e-08,0.011324516223,0.0
3.2868642475e-05,4.1961657152e-06,1.95441367527e-05,0.404081027657,0.0100632701303,0.576812573239,8.26221529964e-06,1.34282369081e-08,0.00897824438431,0.0
2.76741939532e-05,3.520323697e-06,1.79582392269e-05,0.370177683907,0.00882479182671,0.613801089269,6.48544881608e-06,1.05264522278e-08,0.00714078626568,0.0
2.31327954381e-05,2.93327874037e-06,1.63548745117e-05,0.33752993592,0.0076832813094,0.648921596246,5.10689199026e-06,8.2610425513e-09,0.00581765042199,0.0
1.9372606647e-05,2.44977644103e-06,1.48336964213e-05,0.307858556098,0.00668994383598,0.680354984951,4.10164343061e-06,6.5836639808e-09,0.00505575080838,0.0
1.64726161469e-05,2.07842855609e-06,1.35077861162e-05,0.282912957752,0.00588854705083,0.70623908432,3.43629264686e-06,5.43313924767e-09,0.00492391032049,0.0
1.43683181141e-05,1.80979289832e-06,1.24402346469e-05,0.263426081621,0.00528456646264,0.725771357978,3.04415798825e-06,4.70013845372e-09,0.00548632673475,0.0
1.28627146364e-05,1.61798055016e-06,1.16086022693e-05,0.248658780858,0.004839541966,0.739625454354,2.83937015566e-06,4.24862743178e-09,0.00684728990581,0.0
1.17531064447e-05,1.47678931075e-06,1.09501695035e-05,0.237308834838,0.00450438506668,0.748912038354,2.75406655183e-06,3.97061447713e-09,0.0092478036396,0.0
1.08963824171e-05,1.36783129915e-06,1.04068115678e-05,0.228281325689,0.0042415200785,0.754311719583,2.74851276912e-06,3.80033422118e-09,0.0131400113105,0.0
1.02019646476e-05,1.27949679268e-06,9.93470398914e-06,0.220813745849,0.00402607259919,0.755889457971,2.80346764031e-06,3.70161803532e-09,0.0192465002461,0.0
9.61192212509e-06,1.20435646989e-06,9.50063437796e-06,0.214391146961,0.00384170232006,0.753144574236,2.91360061264e-06,3.65613583983e-09,0.0285993423137,0.0
9.08817512844e-06,1.13749580328e-06,9.07834907968e-06,0.208686583064,0.00367769913452,0.745145339036,3.0861524054e-06,3.6580556709e-09,0.0424679849347,0.0
8.60810308935e-06,1.07591993232e-06,8.64894366796e-06,0.203590453045,0.00352844525025,0.73089230061,3.3451381601e-06,3.71424762297e-09,0.0619671192747,0.0
8.16701568885e-06,1.01882271111e-06,8.20669154593e-06,0.199336284474,0.00339509908571,0.710144332696,3.74102670188e-06,3.84863759656e-09,0.0871031463381,0.0
7.7812376165e-06,9.67951654872e-07,7.76627607093e-06,0.196597273908,0.00328712812281,0.68450239948,4.36046257944e-06,4.10517838379e-09,0.115592318456,0.0
7.47729577677e-06,9.26295755626e-07,7.35642444176e-06,0.196239788282,0.00321787563315,0.657322016845,5.31932639809e-06,4.53650675341e-09,0.143199235361,0.0
7.26788522658e-06,8.95151979928e-07,6.99536006016e-06,0.198813868315,0.00319496109926,0.631516017673,6.73392996646e-06,5.17860630715e-09,0.166453255408,0.0
7.1463901124e-06,8.73400833926e-07,6.678884291e-06,0.204537162148,0.0032189196372,0.607938831036,8.69811307193e-06,6.03885290647e-09,0.184281684352,0.0
7.10204581642e-06,8.59251047351e-07,6.39076435558e-06,0.213760157035,0.00329051351274,0.585987151037,1.12601599872e-05,7.09547275051e-09,0.196936559098,0.0
7.1307368065e-06,8.51425319683e-07,6.11193254244e-06,0.227358097006,0.00341648720829,0.56449789351,1.43508035012e-05,8.27906065138e-09,0.204699069099,0.0
7.23751689917e-06,8.49310828377e-07,5.82175477746e-06,0.247017377573,0.0036125640329,0.54202499863,1.76325761116e-05,9.42830077849e-09,0.207313509177,0.0
7.43313819351e-06,8.5250517544e-07,5.4970688081e-06,0.275349109183,0.00390349706328,0.516864523692,2.0321132341e-05,1.02450312765e-08,0.203848755972,0.0
