-10.0 -10.0,-10.0 0.0,-10.0 10.0,0.0 -10.0,0.0 0.0,0.0 10.0,10.0 -10.0,10.0 0.0,10.0 10.0,other
0.111111111111,0.111111111111,0.111111111111,0.111111111111,0.111111111111,0.111111111111,0.111111111111,0.111111111111,0.111111111111,0.0
0.127225241871,0.131207933168,0.100681021772,0.120348468764,0.119985473088,0.100551458451,0.100000173916,0.100000223523,0.100000005446,0.0
0.143506753569,0.152123700615,0.0903193049901,0.129043788508,0.128301778731,0.0900601238778,0.0888815717192,0.0888816394636,0.0888813385258,0.0
0.159476189905,0.173194306552,0.0803274119863,0.137002348084,0.13588228888,0.0799431361694,0.0780581644581,0.0780582350574,0.0780579189082,0.0
0.174694561841,0.193762170509,0.0709691799959,0.144087559038,0.142606927065,0.0704695881564,0.0678033933599,0.0678034599113,0.0678031601235,0.0
0.188813004951,0.213259419014,0.0624399393382,0.150230400496,0.148420681284,0.0618399387976,0.0583322556491,0.0583323154132,0.0583320450566,0.0
0.201602399908,0.231267284276,0.0548504483384,0.15542732561,0.153330105929,0.0541689684721,0.04978453335,0.0497845856021,0.0497843485141,0.0
0.212958118544,0.247539700001,0.0482284143284,0.15972841356,0.157390964144,0.0474865364415,0.0422226558354,0.0422227007965,0.0422224963489,0.0
0.222883248454,0.261992100455,0.0425342922463,0.163219985409,0.160691184873,0.0417531470236,0.0356420464618,0.0356420847671,0.0356419103098,0.0
0.231459363563,0.274666885295,0.0376841235896,0.166006604384,0.163333766073,0.0368831156296,0.0299887414938,0.0299887739248,0.0299886260474,0.0
0.238814932015,0.285690520074,0.0335720330046,0.168196240934,0.16542303613,0.0327677183149,0.0251785298835,0.0251785572336,0.0251784324107,0.0
0.245098559523,0.295234183458,0.0300877100353,0.169890293283,0.167055672745,0.0292933548189,0.0211134284028,0.0211134514134,0.0211133463204,0.0
0.250460084252,0.303483990255,0.0271275031144,0.17117829071,0.168316159284,0.0263531587082,0.0176936211199,0.0176936404533,0.0176935521034,0.0
0.25503930376,0.310621736092,0.0245999867354,0.172136109933,0.169275486727,0.0238528629815,0.0148248518407,0.0148248680733,0.0148247938574,0.0
0.258960558259,0.316814318833,0.0224277005091,0.172826354654,0.169991798138,0.02171265713,0.012422215849,0.0124222294746,0.0124221671527,0.0
0.2623311387,0.322209195179,0.0205466719823,0.173299812974,0.170511957288,0.019866712769,0.0104115135216,0.0104115249587,0.0104114726279,0.0
0.265241865781,0.326933524165,0.0189048911541,0.173597284122,0.170873392542,0.0182616028129,0.00872915472205,0.00872916432361,0.00872912037766,0.0
0.267768712289,0.331095295527,0.0174604501886,0.173751383075,0.171105868062,0.0168543655238,0.0073213153739,0.00732132343629,0.00732128652465,0.0
0.269974789612,0.334785356376,0.0161797249606,0.173788144152,0.171233031253,0.0156106107238,0.00614278679667,0.00614279356838,0.0061427625579,0.0
0.271912332155,0.338079707547,0.0150357645644,0.173728367023,0.171273696079,0.0145028434157,0.00515576796547,0.00515577365459,0.00515574759556,0.0
0.273624506988,0.341041739806,0.0140069386812,0.173588710026,0.171242875611,0.0135090573258,0.00432872796783,0.00432873274865,0.00432871084535,0.0
0.275146985531,0.343724258581,0.0130758358018,0.17338256141,0.171152598339,0.0126115908601,0.0036353932852,0.00363539730365,0.00363537888939,0.0
0.276509270747,0.346171245016,0.012228381844,0.173120726244,0.171012547303,0.0117962132963,0.00305387475918,0.00305387813752,0.00305386265355,0.0
0.277735799564,0.348419352074,0.0114531424045,0.172811965124,0.17083055817,0.0110514024999,0.00256592916791,0.0025659320086,0.00256591898645,0.0
0.278846849908,0.350499157895,0.0107407735002,0.172463415876,0.170613006862,0.0103677772305,0.00215634163474,0.0021563440237,0.00215633307042,0.0
0.279859283165,0.352436207233,0.0100835903081,0.172080923817,0.170365111452,0.0097376520807,0.00181241237965,0.00181241438898,0.00181240517479,0.0
0.280787150528,0.354251872906,0.00947522875156,0.171669300894,0.170091167814,0.00915468873678,0.00152353158073,0.00152353327092,0.00152352551896,0.0
0.281642187913,0.355964066796,0.00891037976045,0.171232529583,0.169794734093,0.00861362250902,0.00128082767479,0.00128082909664,0.00128082257436,0.0
0.28243422019,0.35758782631,0.00838458028209,0.170773923864,0.169478775633,0.00811004755208,0.00107687642158,0.00107687761777,0.00107687212979,0.0
0.283171491763,0.35913579824,0.00789404859325,0.170296256751,0.169145779254,0.00764024783443,0.000905460056162,0.000905461062565,0.000905456444651,0.0
0.283860937398,0.360618638327,0.00743555421857,0.169801861714,0.168797843722,0.00720106380155,0.000761367670474,0.000761368517226,0.000761364631318,0.0
0.284508404514,0.362045341626,0.00700631492287,0.169292713623,0.168436751628,0.00678978693228,0.000640229533429,0.000640230245873,0.00064022697587,0.0
0.285118836018,0.363423516034,0.00660391492365,0.168770493587,0.16806402673,0.00640407613574,0.000538379374895,0.000538379974343,0.000538377222593,0.0
0.285696420973,0.364759609096,0.00622623977006,0.16823664108,0.167680979867,0.00604189128668,0.000452739745053,0.00045274024943,0.000452737933788,0.0
0.286244719006,0.366059096347,0.00587142433985,0.167692395974,0.167288745847,0.00570144023926,0.000380726449027,0.000380726873412,0.000380724924765,0.0
0.286766763228,0.367326637944,0.00553781118315,0.167138832562,0.166888313205,0.005381136464,0.000320168779724,0.0003201691368,0.000320167496998,0.0
0.287265145516,0.368566209107,0.0052239170445,0.166576887181,0.166480548278,0.00507956507505,0.000269242859265,0.000269243159705,0.000269241779814,0.0
0.287742087315,0.369781208882,0.00492840586217,0.166007380698,0.166066214771,0.00479545549762,0.000226415876734,0.000226416129518,0.000226414968359,0.0
0.288199498493,0.370974550962,0.00465006690783,0.16543103689,0.165645989702,0.00452765940079,0.00019039939835,0.000190399611034,0.000190398633952,0.0
0.288639026358,0.372148739598,0.00438779701351,0.164848497504,0.165220476448,0.00427513281322,0.000160110242878,0.000160110421819,0.000160109599649,0.0
0.289062096522,0.373305933128,0.00414058605522,0.164260334634,0.164790215462,0.00403692156822,0.000134637674002,0.000134637824551,0.000134637132747,0.0
0.289469947027,0.374447997199,0.00390750503646,0.163667060933,0.164355693109,0.00381214940346,0.000113215873653,0.000113216000312,0.000113215418215,0.0
0.289863656887,0.375576549406,0.00368769625199,0.163069138064,0.163917348981,0.00360000818169,9.52008347927e-05,9.52009413507e-05,9.52004515747e-05,0.0
0.290244169975,0.376692996763,0.00348036511969,0.162466983715,0.163475581983,0.00339974980943,8.00509560336e-05,8.00510456785e-05,8.0050633591e-05,0.0
0.290612315059,0.377798567195,0.00328477335361,0.161860977443,0.163030755409,0.00321067951798,6.73107394003e-05,6.73108148148e-05,6.7310468101e-05,0.0
0.290968822621,0.378894336031,0.00310023321826,0.161251465569,0.162583201212,0.00303215024009,5.6597091076e-05,5.65971545177e-05,5.65968628135e-05,0.0
0.291314338997,0.379981248314,0.00292610265725,0.160638765281,0.162133223598,0.00286355787021,4.75878068101e-05,4.75878601785e-05,4.75876147619e-05,0.0
0.291649438288,0.381060137607,0.00276178113159,0.1600231681,0.161681102074,0.00270433723955,4.00118917456e-05,4.00119366392e-05,4.00117301701e-05,0.0
0.291974632397,0.38213174187,0.00260670603617,0.159404942812,0.161227094049,0.00255395867134,3.36414211759e-05,3.36414589396e-05,3.36412852409e-05,0.0
0.292290379508,0.383196716866,0.00246034958943,0.158784337961,0.16077143706,0.00241192500875,2.82846961103e-05,2.82847278757e-05,2.82845817495e-05,0.0
0.292597091268,0.384255647518,0.00232221611214,0.158161583987,0.160314350693,0.00227776902998,2.3780487128e-05,2.37805138473e-05,2.37803909195e-05,0.0
0.292895138863,0.385309057509,0.00219183962807,0.15753689505,0.159856038247,0.00215105118153,1.99931931327e-05,1.99932156071e-05,1.9993112197e-05,0.0
0.293184858184,0.386357417448,0.00206878173242,0.156910470617,0.159396688184,0.00203135757489,1.68087693776e-05,1.6808788281e-05,1.68087012915e-05,0.0
0.293466554222,0.387401151788,0.00195262968456,0.156282496833,0.158936475404,0.00191829820235,1.41313023992e-05,1.41313182988e-05,1.41312451239e-05,0.0
0.293740504815,0.388440644729,0.00184299468986,0.155653147713,0.158475562364,0.00181150533645,1.18801290189e-05,1.18801423917e-05,1.18800808388e-05,0.0
0.294006963855,0.389476245238,0.00173951034242,0.155022586194,0.158014100076,0.00171063208448,9.98741295664e-06,9.98742420399e-06,9.98737242823e-06,0.0
0.29426616403,0.390508271344,0.00164183120544,0.154390965055,0.157552228996,0.00161535107468,8.39610636248e-06,8.39611582203e-06,8.39607227117e-06,0.0
0.294518319185,0.391537013813,0.00154963151056,0.153758427739,0.157090079812,0.00152535325561,7.05823513303e-06,7.05824308881e-06,7.05820645694e-06,0.0
0.294763626355,0.392562739294,0.00146260396067,0.153125109076,0.156627774169,0.00144034679311,5.93345659682e-06,5.93346328777e-06,5.93343247618e-06,0.0
0.295002267523,0.393585693032,0.00138045862365,0.152491135936,0.15616542531,0.00136005605248,4.9878463202e-06,4.98785194731e-06,4.98782603168e-06,0.0
0.295234411141,0.394606101198,0.00130292190645,0.151856627811,0.155703138667,0.00128422065558,4.19287765412e-06,4.19288238646e-06,4.19286058918e-06,0.0
0.29546021346,0.395624172912,0.0012297356008,0.151221697346,0.155241012398,0.00121259460419,3.52456341801e-06,3.5245673978e-06,3.52454906468e-06,0.0
0.295679819679,0.396640101983,0.0011606559933,0.150586450811,0.154779137878,0.00114494546269,2.96273397499e-06,2.96273732185e-06,2.9627219026e-06,0.0
0.295893364968,0.397654068436,0.00109545303354,0.149950988537,0.154317600149,0.00108105359407,2.49043003941e-06,2.49043285396e-06,2.49041988562e-06,0.0
0.29610097535,0.398666239829,0.00103390955516,0.149315405314,0.153856478337,0.00102071144417,2.09339199524e-06,2.09339436211e-06,2.09338345527e-06,0.0
0.296302768493,0.399676772419,0.00097582054521,0.148679790752,0.153395846034,0.00096372286996,1.7596303963e-06,1.75963238667e-06,1.75962321375e-06,0.0
0.296498854406,0.400685812172,0.000920992457916,0.148044229612,0.152935771655,0.000909902508221,1.47906475215e-06,1.47906642588e-06,1.47905871133e-06,0.0
0.296689336054,0.40169349566,0.000869242569446,0.147408802115,0.152476318764,0.000859075181302,1.24321975089e-06,1.24322115833e-06,1.24321467039e-06,0.0
0.296874309917,0.402699950857,0.000820398370654,0.146773584225,0.152017546386,0.000811075337335,1.04496979239e-06,1.04497097591e-06,1.0449655196e-06,0.0
0.29705386648,0.403705297834,0.000774296995131,0.146138647911,0.151559509287,0.000765746522367,8.78324154421e-07,8.78325149623e-07,8.78320560966e-07,0.0
0.297228090683,0.404709649388,0.000730784680164,0.145504061389,0.15110225824,0.000722940882261,7.3824633341e-07,7.38247170251e-07,7.38243311321e-07,0.0
0.297397062321,0.405713111599,0.000689716258467,0.144869889347,0.150645840277,0.000682518692427,6.20502127341e-07,6.20502831012e-07,6.20499585799e-07,0.0
0.297560856407,0.406715784331,0.000650954678702,0.144236193158,0.150190298918,0.000644347913605,5.21531891027e-07,5.21532482713e-07,5.21529753644e-07,0.0
0.297719543506,0.407717761682,0.000614370553039,0.143603031073,0.149735674386,0.000608303772116,4.38343120135e-07,4.38343617653e-07,4.3834132266e-07,0.0
0.297873190035,0.408719132393,0.000579841730094,0.142970458403,0.149282003816,0.000574268363122,3.68420130981e-07,3.68420549312e-07,3.68418619375e-07,0.0
0.298021858542,0.409719980213,0.000547252891749,0.142338527695,0.148829321439,0.000542130275539,3.09648116916e-07,3.09648468661e-07,3.09646845727e-07,0.0
0.298165607956,0.410720384239,0.000516495172454,0.141707288884,0.148377658765,0.000511784237375,2.60249294314e-07,2.60249590069e-07,2.60248225316e-07,0.0
0.298304493821,0.411720419218,0.000487465799724,0.141076789447,0.147927044747,0.000483130780327,2.18729214709e-07,2.18729463384e-07,2.18728315751e-07,0.0
0.298438568516,0.41272015583,0.000460067754601,0.140447074543,0.14747750594,0.000456075922577,1.83831625458e-07,1.83831834544e-07,1.83830869499e-07,0.0
0.298567881446,0.413719660941,0.00043420945097,0.139818187141,0.14702906665,0.000430530868777,1.54500518515e-07,1.54500694315e-07,1.54499882815e-07,0.0
0.298692479233,0.414718997846,0.000409804432667,0.139190168149,0.146581749069,0.000406411726277,1.29848223279e-07,1.2984837109e-07,1.29847688712e-07,0.0
0.298812405884,0.41571822648,0.000386771087373,0.13856305652,0.146135573407,0.000383639236723,1.09128581416e-07,1.09128705693e-07,1.09128131896e-07,0.0
0.298927702952,0.416717403623,0.000365032376381,0.13793688937,0.145690558014,0.000362138522194,9.17143946419e-08,9.17144991301e-08,9.17140166419e-08,0.0
0.299038409683,0.417716583088,0.000344515579332,0.137311702074,0.145246719495,0.000341838845081,7.70784651454e-08,7.70785529957e-08,7.70781472892e-08,0.0
0.299144563156,0.418715815893,0.000325152053117,0.136687528365,0.14480407282,0.000322673380987,6.47776566025e-08,6.47777304635e-08,6.47773893229e-08,0.0
0.299246198411,0.419715150423,0.000306877004148,0.136064400419,0.144362631421,0.000304579003941,5.44394947542e-08,5.4439556853e-08,5.44392700054e-08,0.0
0.299343348572,0.420714632579,0.000289629273262,0.135442348946,0.143922407293,0.00028749608326,4.5750903098e-08,4.57509553074e-08,4.57507141139e-08,0.0
0.299436044961,0.421714305923,0.000273351132571,0.134821403266,0.14348341108,0.000271368291457,3.84487336144e-08,3.84487775088e-08,3.84485747048e-08,0.0
0.299524317203,0.422714211803,0.000257988093593,0.134201591382,0.143045652161,0.000256142422573,3.23118065933e-08,3.23118434969e-08,3.23116729735e-08,0.0
0.299608193326,0.423714389482,0.000243488726043,0.133582940055,0.142609138728,0.000241768220405,2.71542191527e-08,2.71542501784e-08,2.71541067986e-08,0.0
0.299687699856,0.424714876251,0.000229804486704,0.132965474866,0.142173877865,0.000228198216079,2.28197203183e-08,2.28197464023e-08,2.28196258463e-08,0.0
0.299762861908,0.425715707536,0.000216889557814,0.13234922028,0.141739875612,0.000215387574476,1.91769827291e-08,1.91770046582e-08,1.91769032937e-08,0.0
0.299833703264,0.426716917001,0.000204700694455,0.131734199707,0.141307137038,0.000203293949034,1.61156280914e-08,1.61156465274e-08,1.61155612998e-08,0.0
0.299900246455,0.427718536643,0.000193197080432,0.131120435553,0.140875666296,0.000191877344482,1.35428862679e-08,1.3542901767e-08,1.35428301079e-08,0.0
0.299962512834,0.428720596883,0.000182340192195,0.130507949273,0.140445466688,0.000181099987062,1.13807870174e-08,1.13808000475e-08,1.13807397972e-08,0.0
0.300020522647,0.429723126649,0.000172093670337,0.129896761423,0.140016540717,0.000170926201865,9.56379949111e-09,9.56381044537e-09,9.56375978784e-09,0.0
0.300074295097,0.430726153455,0.000162423198274,0.129286891703,0.139588890139,0.000161322296863,8.0368481159e-09,8.03685732497e-09,8.0368147332e-09,0.0
0.300123848406,0.43172970348,0.00015329638768,0.128678359002,0.139162516011,0.000152256453308,6.75364486697e-09,6.75365260883e-09,6.75361679883e-09,0.0
0.300169199874,0.432733801633,0.000144682670338,0.128071181436,0.138737418738,0.000143698622129,5.67528749315e-09,5.67529400152e-09,5.67526389366e-09,0.0
0.300210365934,0.433738471626,0.000136553196017,0.127465376393,0.138313598118,0.00013562042602,4.76908129523e-09,4.76908676659e-09,4.76906145307e-09,0.0
0.300247362205,0.434743736031,0.000128880736067,0.126860960561,0.137891053377,0.000127995066899,4.00754881533e-09,4.00755341489e-09,4.00753213241e-09,0.0
0.300280203542,0.435749616344,0.000121639592404,0.126257949969,0.137469783212,0.000120797238456,3.36759747621e-09,3.36760134286e-09,3.36758344962e-09,0.0
0.300308904077,0.436756133038,0.000114805511581,0.125656360014,0.137049785827,0.000114003043504,2.82981998472e-09,2.82982323522e-09,2.82980819158e-09,0.0
0.300333477271,0.437763305618,0.000108355603677,0.125056205496,0.136631058962,0.000107589915879,2.3779063286e-09,2.37790906111e-09,2.37789641335e-09,0.0
0.30035393595,0.43877115267,0.00010226826572,0.124457500644,0.136213599929,0.000101536546644,1.9981495708e-09,1.99815186786e-09,1.99814123447e-09,0.0
0.300370292345,0.43977969191,9.65231093997e-05,0.123860259142,0.135797405642,9.58228143514e-05,1.67903048251e-09,1.67903241349e-09,1.6790234737e-09,0.0
0.300382558131,0.440788940224,9.11008928352e-05,0.123264494157,0.135382472642,9.04297191545e-05,1.41086844099e-09,1.41087006423e-09,1.41086254835e-09,0.0
0.300390744462,0.441798913717,8.59834561612e-05,0.122670218362,0.134968797126,8.53393205491e-05,1.18552802345e-09,1.18552938798e-09,1.18552306926e-09,0.0
0.300394861999,0.442809627747,8.11536607277e-05,0.122077443958,0.134556374968,8.05346785534e-05,9.9617241307e-10,9.96173560123e-10,9.96168247901e-10,0.0
0.300394920951,0.443821096964,7.65953317092e-05,0.121486182694,0.134145201749,7.59997981345e-05,8.3705615018e-10,8.37057114407e-10,8.37052648391e-10,0.0
0.300390931094,0.444833335351,7.2293203933e-05,0.120896445892,0.133735272773,7.17195767041e-05,7.03350952263e-10,7.033517628e-10,7.03348008218e-10,0.0
0.300382901808,0.445846356247,6.82328707462e-05,0.120308244458,0.133326583088,6.7679754517e-05,5.90999327476e-10,5.91000008816e-10,5.90996852356e-10,0.0
0.300370842097,0.446860172391,6.44007357531e-05,0.119721588909,0.13291912751,6.38668678113e-05,4.96591547646e-10,4.96592120379e-10,4.96589466775e-10,0.0
0.300354760617,0.447874795941,6.07839672614e-05,0.119136489383,0.132512900636,6.02682045414e-05,4.17262253984e-10,4.1726273542e-10,4.17260504575e-10,0.0
0.300334665701,0.44889023851,5.73704552857e-05,0.118552955657,0.132107896862,5.68717625605e-05,3.50603563159e-10,3.50603967847e-10,3.50602092421e-10,0.0
0.300310565378,0.449906511191,5.41487709661e-05,0.117970997162,0.131704110404,5.36662101182e-05,2.94592041024e-10,2.94592381198e-10,2.94590804576e-10,0.0
0.300282467397,0.450923624579,5.11081282652e-05,0.117390622999,0.131301535306,5.06408485464e-05,2.47527331272e-10,2.47527617215e-10,2.47526291797e-10,0.0
0.300250379245,0.4519415888,4.82383478177e-05,0.116811841949,0.130900165457,4.77855770127e-05,2.07980579258e-10,2.07980819614e-10,2.07979705383e-10,0.0
0.300214308168,0.45296041353,4.55298228102e-05,0.116234662488,0.130499994608,4.50908592274e-05,1.74751087946e-10,1.74751289982e-10,1.74750353294e-10,0.0
0.300174261188,0.453980108017,4.29734867792e-05,0.115659092799,0.130101016377,4.25476919964e-05,1.46829892293e-10,1.46830062117e-10,1.46829274686e-10,0.0
0.300130245119,0.455000681104,4.05607832177e-05,0.11508514078,0.129703224269,4.01475755191e-05,1.23369147981e-10,1.23369290727e-10,1.23368628775e-10,0.0
0.300082266585,0.456022141244,3.82836368914e-05,0.114512814059,0.129306611679,3.78824853339e-05,1.03656406569e-10,1.03656526555e-10,1.03655970089e-10,0.0
0.300030332034,0.45704449652,3.61344267665e-05,0.113942120002,0.12891117191,3.57448458213e-05,8.70929972062e-11,8.70930980605e-11,8.70926302741e-11,0.0
0.299974447754,0.458067754662,3.41059604596e-05,0.113373065723,0.128516898176,3.37275051778e-05,7.31758594711e-11,7.31759442435e-11,7.31755510067e-11,0.0
0.299914619881,0.459091923065,3.21914501244e-05,0.112805658091,0.128123783616,3.18237117805e-05,6.14822765061e-11,6.14823477606e-11,6.14820171947e-11,0.0
0.299850854422,0.4601170088,3.03844896942e-05,0.112239903741,0.127731821301,3.00270918643e-05,5.1657045515e-11,5.16571054069e-11,5.16568275256e-11,0.0
0.299783157257,0.461143018631,2.86790334043e-05,0.111675809082,0.127341004239,2.833162844e-05,4.3401696563e-11,4.34017469039e-11,4.34015133119e-11,0.0
0.299711534156,0.462169959028,2.70693755221e-05,0.111113380302,0.126951325388,2.6731641384e-05,3.64654327156e-11,3.64654750284e-11,3.64652786679e-11,0.0
0.299635990791,0.46319783618,2.55501312173e-05,0.110552623379,0.126562777659,2.5221768636e-05,3.06375167338e-11,3.06375522986e-11,3.06373872364e-11,0.0
0.299556532741,0.464226656008,2.41162185087e-05,0.109993544083,0.126175353924,2.37969484414e-05,2.57408733986e-11,2.57409032914e-11,2.57407645396e-11,0.0
0.299473165506,0.465256424172,2.27628412255e-05,0.109436147989,0.125789047024,2.24524025828e-05,2.16267133965e-11,2.16267385217e-11,2.16266218872e-11,0.0
0.299385894518,0.46628714609,2.1485472928e-05,0.108880440475,0.12540384977,2.11836205435e-05,1.81700156748e-11,1.81700367926e-11,1.81699387506e-11,0.0
0.299294725143,0.467318826937,2.02798417323e-05,0.108326426736,0.125019754953,1.99863445539e-05,1.52657312075e-11,1.52657489571e-11,1.52656665442e-11,0.0
0.299199662696,0.468351471665,1.91419159894e-05,0.107774111782,0.124636755347,1.88565554692e-05,1.2825592991e-11,1.28256079095e-11,1.28255386346e-11,0.0
0.299100712446,0.469385085005,1.80678907692e-05,0.107223500451,0.124254843716,1.77904594344e-05,1.07754354752e-11,1.0775448014e-11,1.07753897831e-11,0.0
0.298997879622,0.470419671479,1.70541751057e-05,0.106674597407,0.123874012814,1.6784475292e-05,9.05294208878e-12,9.05295262754e-12,9.0529036802e-12,0.0
0.298891169424,0.471455235408,1.60973799597e-05,0.106127407147,0.123494255395,1.5835222691e-05,7.60575250212e-12,7.60576135977e-12,7.60572021622e-12,0.0
0.298780587027,0.472491780915,1.51943068583e-05,0.105581934009,0.123115564213,1.4939510859e-05,6.38987218357e-12,6.38987962824e-12,6.38984504451e-12,0.0
0.298666137586,0.473529311938,1.43419371744e-05,0.10503818217,0.122737932025,1.40943279997e-05,5.36833597819e-12,5.36834223523e-12,5.36831316562e-12,0.0
0.298547826247,0.474567832233,1.35374220089e-05,0.104496155655,0.122361351598,1.32968312823e-05,4.51008514294e-12,4.51009040179e-12,4.51006596725e-12,0.0
0.298425658147,0.475607345381,1.27780726427e-05,0.103955858341,0.121985815709,1.25443373881e-05,3.78902375033e-12,3.78902817021e-12,3.78900763182e-12,0.0
0.298299638424,0.476647854796,1.20613515254e-05,0.103417293954,0.121611317152,1.18343135852e-05,3.18322581509e-12,3.18322952982e-12,3.18321226642e-12,0.0
0.298169772217,0.477689363724,1.13848637715e-05,0.102880466082,0.121237848735,1.11643693009e-05,2.67426907224e-12,2.67427219431e-12,2.67425768378e-12,0.0
0.298036064678,0.478731875258,1.07463491352e-05,0.102345378172,0.120865403288,1.05322481644e-05,2.24667517912e-12,2.24667780306e-12,2.24666560649e-12,0.0
0.29789852097,0.479775392333,1.01436744364e-05,0.101812033534,0.120493973662,9.93582049354e-06,1.88743934342e-12,1.8874415487e-12,1.88743129714e-12,0.0
0.297757146274,0.480819917739,9.57482641346e-06,0.101280435347,0.120123552733,9.37307620078e-06,1.58563509413e-12,1.58563694754e-12,1.58562833088e-12,0.0
0.297611945795,0.481865454117,9.03790497756e-06,0.100750586657,0.119754133404,8.84211809568e-06,1.33208219311e-12,1.33208375079e-12,1.33207650833e-12,0.0
0.297462924761,0.48291200397,8.53111684711e-06,0.100222490386,0.119385708607,8.34115556108e-06,1.11906760154e-12,1.11906891066e-12,1.11906282328e-12,0.0
0.297310088433,0.483959569665,8.05276954017e-06,0.099696149329,0.119018271302,7.86849858255e-06,9.40111026694e-13,9.40112126916e-13,9.40107010434e-13,0.0
0.297153442104,0.485008153431,7.60126570497e-06,0.0991715661592,0.118651814486,7.42255211147e-06,7.89767927607e-13,7.89768852259e-13,7.89764551844e-13,0.0
0.296992991102,0.486057757371,7.17509776946e-06,0.0986487434304,0.118286331186,7.00181074299e-06,6.63463995692e-13,6.63464772788e-13,6.634611583e-13,0.0
0.296828740799,0.487108383458,6.77284289195e-06,0.0981276835792,0.117921814466,6.60485369142e-06,5.57356082249e-13,5.57356735331e-13,5.57353697382e-13,0.0
0.296660696605,0.488160033543,6.39315819585e-06,0.0976083889267,0.117558257426,6.23034004652e-06,4.68215347747e-13,4.68215896604e-13,4.68213343247e-13,0.0
0.29648886398,0.489212709352,6.03477627255e-06,0.0970908616813,0.117195653205,5.87700429493e-06,3.93329082759e-13,3.93329544021e-13,3.9332739797e-13,0.0
0.296313248431,0.490266412493,5.69650093738e-06,0.0965751039404,0.116833994981,5.54365209206e-06,3.30418217434e-13,3.30418605079e-13,3.30416801372e-13,0.0
0.296133855516,0.491321144458,5.37720322435e-06,0.0960611176925,0.116473275973,5.22915627043e-06,2.77568012976e-13,2.77568338751e-13,2.77566822786e-13,0.0
0.295950690847,0.492376906621,5.07581760622e-06,0.0955489048193,0.116113489441,4.93245307126e-06,2.33169828948e-13,2.33170102726e-13,2.33168828608e-13,0.0
0.295763760093,0.493433700246,4.79133842731e-06,0.0950384670973,0.115754628686,4.65253858689e-06,1.95872196722e-13,1.95872426802e-13,1.95871355954e-13,0.0
0.295573068979,0.494491526484,4.52281653694e-06,0.0945298061997,0.115396687055,4.38846540226e-06,1.64539712099e-13,1.64539905455e-13,1.64539005453e-13,0.0
0.295378623293,0.495550386375,4.26935611239e-06,0.0940229236983,0.115039657937,4.13933942436e-06,1.38218497665e-13,1.38218660157e-13,1.38217903749e-13,0.0
0.295180428885,0.496610280853,4.03011166047e-06,0.0935178210648,0.114683534768,3.90431688913e-06,1.16107185092e-13,1.16107321645e-13,1.16106685925e-13,0.0
0.294978491669,0.497671210745,3.80428518787e-06,0.0930144996727,0.114328311027,3.68260153588e-06,9.75325352926e-14,9.75326500479e-14,9.7532115762e-14,0.0
0.294772817625,0.49873317677,3.5911235307e-06,0.0925129607988,0.113973980241,3.47344194001e-06,8.19289552927e-14,8.1929051729e-14,8.19286026957e-14,0.0
0.294563412803,0.499796179545,3.38991583419e-06,0.0920132056247,0.113620535983,3.276128995e-06,6.88212890822e-14,6.88213701233e-14,6.88209927417e-14,0.0
0.29435028332,0.500860219583,3.19999117428e-06,0.0915152352384,0.113267971874,3.0899935355e-06,5.78103592275e-14,5.78104273309e-14,5.78101101695e-14,0.0
0.294133435368,0.501925297293,3.02071631286e-06,0.0910190506355,0.112916281583,2.91440409354e-06,4.85608196222e-14,4.85608768529e-14,4.85606103038e-14,0.0
0.293912875209,0.502991412986,2.85149357946e-06,0.0905246527206,0.112565458826,2.74876478047e-06,4.07909500028e-14,4.07909980964e-14,4.07907740843e-14,0.0
0.293688609182,0.504058566868,2.6917588719e-06,0.0900320423088,0.112215497369,2.59251328757e-06,3.42640818837e-14,3.42641222988e-14,3.42639340366e-14,0.0
0.2934606437,0.505126759048,2.54097976955e-06,0.0895412201272,0.111866391026,2.44511899874e-06,2.87813951579e-14,2.87814291201e-14,2.87812709035e-14,0.0
0.293228985255,0.506195989533,2.39865375268e-06,0.0890521868157,0.111518133661,2.30608120897e-06,2.41758662793e-14,2.41758948189e-14,2.41757618535e-14,0.0
0.292993640416,0.507266258233,2.26430652185e-06,0.0885649429284,0.111170719189,2.1749274427e-06,2.03071839581e-14,2.03072079407e-14,2.03070961973e-14,0.0
0.292754615833,0.508337564958,2.13749041199e-06,0.0880794889351,0.110824141571,2.05121186648e-06,1.70574777141e-14,1.70574978673e-14,1.70574039592e-14,0.0
0.292511918237,0.50940990942,2.01778289558e-06,0.0875958252223,0.110478394823,1.93451379059e-06,1.43277293523e-14,1.43277462873e-14,1.43276673684e-14,0.0
0.292265554442,0.510483291234,1.90478516998e-06,0.0871139520941,0.110133473009,1.82443625482e-06,1.20347581914e-14,1.20347724222e-14,1.20347061003e-14,0.0
0.292015531342,0.511557709917,1.79812082428e-06,0.0866338697738,0.109789370242,1.7206046935e-06,1.01086883261e-14,1.01087002844e-14,1.01086445492e-14,0.0
0.29176185592,0.512633164886,1.69743458106e-06,0.0861555784047,0.109446080689,1.62266567542e-06,8.49082086045e-15,8.49083090905e-15,8.49078407086e-15,0.0
0.291504535241,0.513709655465,1.60239110894e-06,0.0856790780512,0.109103598566,1.53028571456e-06,7.13184637126e-15,7.1318548151e-15,7.13181545397e-15,0.0
0.291243576458,0.514787180877,1.51267390188e-06,0.0852043687001,0.10876191814,1.44315014747e-06,5.99034320687e-15,5.99035030219e-15,5.99031722471e-15,0.0
0.290978986811,0.51586574025,1.42798422151e-06,0.0847314502614,0.108421033731,1.3609620737e-06,5.03151592183e-15,5.03152188397e-15,5.03149408719e-15,0.0
0.290710773629,0.516945332614,1.34804009887e-06,0.0842603225693,0.108080939707,1.28344135578e-06,4.22613545377e-15,4.22614046368e-15,4.22611710469e-15,0.0
0.290438944328,0.518025956901,1.27257539241e-06,0.0837909853833,0.107741630489,1.21032367524e-06,3.54964878604e-15,3.54965299577e-15,3.54963336621e-15,0.0
0.290163506416,0.519107611946,1.20133889876e-06,0.0833234383893,0.10740310055,1.14135964171e-06,2.98143099634e-15,2.98143453368e-15,2.98141803821e-15,0.0
0.289884467491,0.520190296488,1.13409351368e-06,0.0828576812004,0.107065344414,1.07631395212e-06,2.50415692414e-15,2.50415989648e-15,2.5041460348e-15,0.0
0.289601835242,0.521274009165,1.07061544004e-06,0.0823937133578,0.106728356655,1.01496459701e-06,2.10327332936e-15,2.10327582692e-15,2.10326417857e-15,0.0
0.289315617452,0.522358748521,1.0106934404e-06,0.0819315343319,0.1063921319,9.57102111503e-07,1.76655547294e-15,1.76655757154e-15,1.76654778318e-15,0.0
0.289025821995,0.523444512999,9.54128131568e-07,0.0814711435233,0.106056664826,9.02528868413e-07,1.48373461922e-15,1.48373638259e-15,1.48372815726e-15,0.0
0.288732456841,0.524531300944,9.00731318835e-07,0.0810125402632,0.105721950162,8.51058410999e-07,1.24618511845e-15,1.24618660014e-15,1.2461796883e-15,0.0
0.288435530053,0.525619110603,8.50325367598e-07,0.0805557238151,0.105387982689,8.0251482328e-07,1.04666154126e-15,1.04666278624e-15,1.04665697818e-15,0.0
0.288135049789,0.526707940124,8.0274261033e-07,0.0801006933748,0.105054757238,7.56732135742e-07,8.79077860285e-16,8.79078906377e-16,8.79074025858e-16,0.0
0.287831024302,0.527797787555,7.57824786875e-07,0.0796474480721,0.104722268692,7.13553764459e-07,7.38321954518e-16,7.38322833486e-16,7.38318732409e-16,0.0
0.287523461945,0.528888650845,7.15422516181e-07,0.079195986971,0.104390511984,6.72831981765e-07,6.20099786731e-16,6.20100525272e-16,6.20097079177e-16,0.0
0.287212371164,0.529980527842,6.75394797743e-07,0.0787463090707,0.104059482102,6.34427416694e-07,5.20804508167e-16,5.20805128712e-16,5.2080223301e-16,0.0
0.286897760503,0.531073416294,6.37608541045e-07,0.078298413307,0.103729174079,5.98208583525e-07,4.37406503406e-16,4.37407024805e-16,4.37404591606e-16,0.0
0.286579638608,0.532167313847,6.01938121452e-07,0.0778522985522,0.103399583004,5.64051436864e-07,3.67361026032e-16,3.67361464122e-16,3.67359419569e-16,0.0
0.286258014219,0.533262218047,5.68264961057e-07,0.0774079636165,0.103070704014,5.31838951747e-07,3.08530611323e-16,3.08530979414e-16,3.08529261439e-16,0.0
0.285932896178,0.534358126338,5.36477133072e-07,0.0769654072489,0.102742532298,5.01460727394e-07,2.59119902239e-16,2.59120211514e-16,2.59118767963e-16,0.0
0.285604293425,0.53545503606,5.06468988456e-07,0.0765246281375,0.102415063096,4.72812613256e-07,2.17620902996e-16,2.17621162851e-16,2.17619949896e-16,0.0
0.285272215002,0.536552944452,4.78140803516e-07,0.0760856249107,0.102088291698,4.45796356128e-07,1.82766992119e-16,1.8276721045e-16,1.82766191262e-16,0.0
0.284936670051,0.537651848648,4.51398447298e-07,0.0756483961377,0.101762213445,4.20319267119e-07,1.53494293683e-16,1.53494477124e-16,1.53493620754e-16,0.0
0.284597667816,0.53875174568,4.26153067677e-07,0.0752129403297,0.101436823728,3.96293907394e-07,1.28909229565e-16,1.28909383691e-16,1.28908664134e-16,0.0
0.28425521764,0.539852632474,4.02320795074e-07,0.0747792559401,0.101112117987,3.73637791605e-07,1.08261263854e-16,1.08261393349e-16,1.08260788751e-16,0.0
0.283909328972,0.540954505851,3.79822462808e-07,0.0743473413656,0.100788091716,3.52273108037e-07,9.09200087037e-17,9.09201175035e-17,9.09196095017e-17,0.0
0.283560011361,0.542057362528,3.58583343174e-07,0.0739171949469,0.100464740454,3.3212645452e-07,7.63559938473e-17,7.63560852587e-17,7.63556584229e-17,0.0
0.28320727446,0.543161199114,3.38532898326e-07,0.0734888149693,0.100142059795,3.13128589226e-07,6.4124513564e-17,6.41245903655e-17,6.41242317297e-17,0.0
0.282851128026,0.544266012113,3.19604545165e-07,0.0730621996637,0.0998200453789,2.95214195508e-07,5.38520587084e-17,5.38521232348e-17,5.38518219039e-17,0.0
0.282491581918,0.545371797921,3.01735433422e-07,0.0726373472071,0.0994986928976,2.78321659999e-07,4.52249201611e-17,4.52249743739e-17,4.52247211932e-17,0.0
0.282128646101,0.546478552825,2.84866236213e-07,0.0722142557234,0.0991779980915,2.62392863222e-07,3.79796162429e-17,3.79796617904e-17,3.79794490671e-17,0.0
0.281762330644,0.547586273007,2.68940952345e-07,0.0717929232839,0.098857956751,2.47372982007e-07,3.1894852224e-17,3.1894890491e-17,3.18947117614e-17,0.0
0.281392645722,0.548694954537,2.53906719733e-07,0.0713733479085,0.0985385647155,2.33210303048e-07,2.67847667561e-17,2.67847989061e-17,2.6784648739e-17,0.0
0.281019601615,0.549804593376,2.39713639286e-07,0.0709555275659,0.0982198178738,2.19856046986e-07,2.24932592815e-17,2.24932862922e-17,2.24931601238e-17,0.0
0.280643208707,0.550915185376,2.26314608689e-07,0.0705394601744,0.0979017121637,2.07264202405e-07,1.88892254268e-17,1.88892481196e-17,1.88891421154e-17,0.0
0.280263477491,0.552026726278,2.13665165511e-07,0.070125143603,0.0975842435718,1.95391369205e-07,1.58625550682e-17,1.58625741333e-17,1.58624850712e-17,0.0
0.279880418564,0.553139211711,2.01723339127e-07,0.0697125756713,0.0972674081338,1.84196610808e-07,1.33207710074e-17,1.33207870245e-17,1.33207121972e-17,0.0
0.279494042632,0.554252637192,1.90449510947e-07,0.0693017541511,0.0969512019337,1.7364131471e-07,1.11862057283e-17,1.11862191848e-17,1.11861563176e-17,0.0
0.279104360507,0.555366998127,1.79806282496e-07,0.0688926767661,0.0966356211043,1.63689060901e-07,9.39363011486e-18,9.39364141991e-18,9.39358860154e-18,0.0
0.278711383109,0.556482289807,1.69758350899e-07,0.0684853411934,0.0963206618266,1.5430549772e-07,7.88826178638e-18,7.88827128394e-18,7.88822690844e-18,0.0
0.278315121464,0.557598507411,1.60272391355e-07,0.0680797450638,0.0960063203299,1.45458224712e-07,6.62409229056e-18,6.62410026959e-18,6.62406298765e-18,0.0
0.277915586709,0.558715646003,1.51316946206e-07,0.0676758859622,0.0956925928917,1.37116682114e-07,5.5624821129e-18,5.56248881613e-18,5.56245749404e-18,0.0
0.277512790087,0.559833700533,1.42862320232e-07,0.0672737614287,0.0953794758373,1.29252046568e-07,4.67098063291e-18,4.67098626431e-18,4.6709599495e-18,0.0
0.277106742951,0.560952665833,1.34880481827e-07,0.0668733689589,0.0950669655399,1.21837132739e-07,3.9223350179e-18,3.92233974883e-18,3.92231764097e-18,0.0
0.276697456761,0.562072536622,1.27344969717e-07,0.0664747060049,0.0947550584204,1.14846300488e-07,3.29365780832e-18,3.29366178274e-18,3.2936432094e-18,0.0
0.27628494309,0.563193307501,1.20230804913e-07,0.0660777699756,0.0944437509473,1.08255367287e-07,2.76572778998e-18,2.76573112884e-18,2.76571552503e-18,0.0
0.275869213616,0.564314972955,1.13514407607e-07,0.0656825582373,0.0941330396362,1.0204152559e-07,2.32240281468e-18,2.3224056196e-18,2.32239251064e-18,0.0
0.275450280129,0.565437527349,1.07173518729e-07,0.0652890681145,0.0938229210503,9.61832648765e-08,1.95012664655e-18,1.9501290029e-18,1.95011798997e-18,0.0
0.27502815453,0.566560964932,1.01187125907e-07,0.0648972968906,0.0935133917997,9.06602980941e-08,1.63751477996e-18,1.63751675947e-18,1.63750750749e-18,0.0
0.274602848827,0.567685279834,9.55353935819e-08,0.0645072418082,0.0932044485416,8.5453492272e-08,1.37500658523e-18,1.37500824815e-18,1.37500047561e-18,0.0
0.274174375142,0.568810466064,9.01995970397e-08,0.06411890007,0.0928960879798,8.05448030515e-08,1.15457316186e-18,1.15457455882e-18,1.15456802919e-18,0.0
0.273742745704,0.569936517512,8.51620601497e-08,0.0637322688392,0.0925883068651,7.59172129228e-08,9.6947197954e-19,9.69473153066e-19,9.69467667629e-19,0.0
0.273307972856,0.571063427948,8.04060965913e-08,0.0633473452401,0.0922811019945,7.15546729567e-08,8.14040815112e-19,8.14041800936e-19,8.14037192741e-19,0.0
0.27287006905,0.572191191021,7.59159543801e-08,0.062964126359,0.0919744702116,6.74420478319e-08,6.8352469295e-19,6.83525521089e-19,6.83521649873e-19,0.0
0.27242904685,0.573319800258,7.16767635047e-08,0.0625826092441,0.0916684084061,6.35650639758e-08,5.73930543822e-19,5.73931239494e-19,5.73927987416e-19,0.0
0.27198491893,0.574449249064,6.76744865014e-08,0.0622027909069,0.091362913514,5.99102606389e-08,4.81905143387e-19,4.81905727778e-19,4.81902995837e-19,0.0
0.271537698078,0.575579530722,6.38958718005e-08,0.0618246683223,0.091057982517,5.64649437405e-08,4.04632602211e-19,4.04633093119e-19,4.04630798139e-19,0.0
0.271087397192,0.576710638391,6.03284096892e-08,0.0614482384292,0.0907536124428,5.32171423272e-08,3.39748276119e-19,3.39748688496e-19,3.39746760601e-19,0.0
0.270634029282,0.577842565107,5.69602907447e-08,0.061073498131,0.0904498003646,5.01555674977e-08,2.85266467088e-19,2.85266813494e-19,2.8526519398e-19,0.0
0.27017760747,0.578975303783,5.37803665976e-08,0.0607004442965,0.0901465434012,4.72695736541e-08,2.3951970597e-19,2.39519996957e-19,2.39518636506e-19,0.0
0.26971814499,0.580108847206,5.07781128965e-08,0.0603290737601,0.0898438387169,4.45491219485e-08,2.01107762045e-19,2.01108006478e-19,2.01106863657e-19,0.0
0.269255655189,0.581243188039,4.79435943485e-08,0.0599593833225,0.0895416835209,4.19847458007e-08,1.68854821437e-19,1.68855026763e-19,1.68854066764e-19,0.0
0.268790151527,0.582378318819,4.52674317203e-08,0.0595913697513,0.0892400750678,3.95675183702e-08,1.41773525944e-19,1.41773698418e-19,1.41772892001e-19,0.0
0.268321647573,0.583514231959,4.27407706896e-08,0.0592250297814,0.0889390106569,3.72890218715e-08,1.19034773369e-19,1.19034918246e-19,1.19034240846e-19,0.0
0.267850157012,0.584650919744,4.03552524425e-08,0.0588603601155,0.0886384876324,3.51413186299e-08,9.99423564355e-20,9.99424781315e-20,9.99419091105e-20,0.0
0.26737569364,0.585788374332,3.81029859199e-08,0.0584973574249,0.0883385033831,3.31169237772e-08,8.39116651905e-20,8.39117674136e-20,8.39112894355e-20,0.0
0.266898271367,0.586926587756,3.59765216187e-08,0.0581360183497,0.0880390553422,3.12087794966e-08,7.04518019265e-20,7.0451887792e-20,7.04514862928e-20,0.0
0.266417904214,0.58806555192,3.3968826863e-08,0.0577763394997,0.0877401409874,2.94102307283e-08,5.91505619387e-20,5.91506340638e-20,5.91502968089e-20,0.0
0.265934606316,0.589205258601,3.20732624604e-08,0.0574183174546,0.0874417578404,2.77150022528e-08,4.96618209833e-20,4.96618815663e-20,4.9661598278e-20,0.0
0.265448391921,0.590345699446,3.02835606671e-08,0.0570619487643,0.0871439034672,2.61171770751e-08,4.16949438522e-20,4.16949947398e-20,4.16947567843e-20,0.0
0.26495927539,0.591486865978,2.85938043882e-08,0.0567072299502,0.0868465754774,2.46111760349e-08,3.50058902458e-20,3.50059329895e-20,3.50057331139e-20,0.0
0.264467271195,0.592628749585,2.69984075432e-08,0.0563541575049,0.0865497715245,2.31917385745e-08,2.93897459957e-20,2.93897818985e-20,2.938961401e-20,0.0
0.263972393923,0.593771341532,2.54920965327e-08,0.0560027278931,0.0862534893056,2.18539045981e-08,2.46744512542e-20,2.46744814108e-20,2.46743403915e-20,0.0
0.263474658274,0.59491463295,2.40698927426e-08,0.055652937552,0.0859577265611,2.05929973615e-08,2.07155338575e-20,2.07155591874e-20,2.07154407379e-20,0.0
0.262974079059,0.596058614843,2.27270960302e-08,0.0553047828917,0.0856624810749,1.94046073325e-08,1.7391686791e-20,1.73917080666e-20,1.73916085754e-20,0.0
0.262470671204,0.597203278083,2.14592691338e-08,0.0549582602961,0.0853677506738,1.82845769692e-08,1.46010544962e-20,1.46010723663e-20,1.46009887997e-20,0.0
0.261964449746,0.598348613413,2.02622229576e-08,0.0546133661226,0.0850735332278,1.72289863616e-08,1.22581144251e-20,1.22581294347e-20,1.22580592443e-20,0.0
0.261455429836,0.599494611445,1.91320026798e-08,0.0542700967034,0.0847798266496,1.62341396902e-08,1.02910584507e-20,1.02910710576e-20,1.02910121028e-20,0.0
0.260943626737,0.600641262661,1.80648746397e-08,0.0539284483453,0.0844866288946,1.52965524531e-08,8.63959402651e-21,8.63960461532e-21,8.63955509787e-21,0.0
0.260429055827,0.601788557412,1.70573139592e-08,0.0535884173308,0.0841939379606,1.44129394193e-08,7.25309782251e-21,7.25310671619e-21,7.25306512574e-21,0.0
0.259911732592,0.602936485916,1.61059928576e-08,0.0532499999178,0.0839017518881,1.35802032674e-08,6.08906534577e-21,6.08907281564e-21,6.08903788346e-21,0.0
0.259391672635,0.604085038261,1.52077696212e-08,0.052913192341,0.0836100687595,1.27954238689e-08,5.11180910596e-21,5.11181537993e-21,5.1117860403e-21,0.0
0.25886889167,0.605234204404,1.43596781908e-08,0.0525779908113,0.0833188866994,1.20558481821e-08,4.2913654881e-21,4.29137075759e-21,4.29134611534e-21,0.0
0.258343405521,0.60638397417,1.3558918332e-08,0.0522443915172,0.0830282038742,1.13588807203e-08,3.6025768792e-21,3.602581305e-21,3.60256060823e-21,0.0
0.257815230127,0.607534337252,1.28028463563e-08,0.0519123906245,0.082738018492,1.07020745618e-08,3.02432095665e-21,3.02432467383e-21,3.02430729094e-21,0.0
