-10.0 -10.0,-10.0 0.0,-10.0 10.0,0.0 -10.0,0.0 0.0,0.0 10.0,10.0 -10.0,10.0 0.0,10.0 10.0,other
0.111111111111,0.111111111111,0.111111111111,0.111111111111,0.111111111111,0.111111111111,0.111111111111,0.111111111111,0.111111111111,0.0
0.12094617874,0.127346679658,0.100335828428,0.124858661191,0.126172421207,0.10033920356,0.100000480313,0.100000541642,0.10000000526,0.0
0.130341919529,0.143868944186,0.0896439473696,0.138427281923,0.141346749625,0.0896555136791,0.0889053919463,0.0889054758424,0.088904775899,0.0
0.139090791059,0.160226949399,0.0793314345635,0.151429579496,0.156228568664,0.0793581686362,0.0781116800088,0.0781117673864,0.0781110607875,0.0
0.147031688787,0.175991722874,0.0696622626882,0.16352445148,0.170442404984,0.0697134588766,0.0678781659129,0.0678782481632,0.0678775962341,0.0
0.154062662038,0.190802131765,0.0608397170829,0.174451822171,0.183681620072,0.0609266684046,0.0584119360172,0.0584120097628,0.0584114326862,0.0
0.160144869006,0.204398032854,0.0529882181701,0.184053178665,0.195734857706,0.0531233487136,0.0498526219081,0.0498526862843,0.0498521866934,0.0
0.165297340897,0.216634222995,0.0461497094147,0.192274195654,0.206495137998,0.0463453261992,0.0422681276915,0.0422681830013,0.0422677561482,0.0
0.169584308617,0.227474133731,0.0402943696048,0.199150692747,0.2159513616,0.0405613922311,0.0356613363633,0.0356613834158,0.0356610216902,0.0
0.173098699699,0.23696807418,0.0353409395226,0.204783765458,0.224166963825,0.035687964061,0.0299846062184,0.0299846459994,0.0299843410363,0.0
0.175945956746,0.24522439253,0.0311797311526,0.209311985401,0.23125329724,0.0316126027956,0.0251574078108,0.0251574413171,0.0251571850065,0.0
0.178231263746,0.252381679058,0.0276924124995,0.212887285964,0.237344804104,0.0282142646405,0.0210828162391,0.0210828443994,0.0210826293501,0.0
0.180051375577,0.258587045612,0.0247656539106,0.215657875708,0.242580140425,0.0253772470624,0.0176602649033,0.0176602885447,0.0176601082567,0.0
0.181490636119,0.263981920257,0.0222985815884,0.217758379024,0.247090218618,0.0229987651976,0.0147938702114,0.0147938900513,0.0147937389332,0.0
0.182619994169,0.268694381238,0.0202055373957,0.21930562356,0.250992081682,0.0209917104077,0.0123969216467,0.012396938297,0.0123968116047,0.0
0.183497772792,0.272836136415,0.0184159480495,0.220398065083,0.254386811693,0.0192844559198,0.0103936294502,0.0103936434278,0.0103935371698,0.0
0.184171246581,0.276502326904,0.0168727498601,0.221117169847,0.257359817529,0.0178192001217,0.00871918494825,0.0087191966872,0.00871910752158,0.0
0.184678437915,0.279772799422,0.0155303021504,0.221529619815,0.259982303275,0.0165498042051,0.00731892945102,0.00731893931466,0.0073188644505,0.0
0.185049823145,0.282713983594,0.0143522982869,0.221689683956,0.262313172432,0.0154396418549,0.00614714767973,0.00614715597172,0.00614709308077,0.0
0.185309818342,0.285380886684,0.0133099047751,0.221641428518,0.264400960063,0.0144596922588,0.00516578275706,0.00516578973111,0.00516573687123,0.0
0.185478012792,0.287818963285,0.0123802016512,0.221420635898,0.266285599275,0.0135869472388,0.00434322419149,0.00434323005961,0.00434318560999,0.0
0.185570165387,0.290065760575,0.0115449198571,0.221056406039,0.267999950623,0.0128031250081,0.00365323334148,0.00365323828096,0.00365320088787,0.0
0.185598997138,0.292152316046,0.0107894392937,0.220572462933,0.269571086147,0.0120936514028,0.00307402339619,0.00307402755541,0.00307399608711,0.0
0.185574816413,0.294104321121,0.0101020026292,0.219988206984,0.271021348495,0.01144686146,0.00258748746059,0.00258749096381,0.00258746447323,0.0
0.185506010535,0.2959430788,0.00947310194676,0.219319557047,0.27236921599,0.0108533768656,0.00217855840646,0.00217856135788,0.00217853905167,0.0
0.185399432171,0.29768628702,0.00889500131782,0.218579622327,0.273630005683,0.0103056213099,0.00183468132813,0.00183468381518,0.00183466502818,0.0
0.185260703508,0.299348677751,0.00836136518835,0.217779238384,0.274816443699,0.00979744296613,0.00154538004599,0.0015453821421,0.00154536631615,0.0
0.185094456385,0.300942538149,0.0078669687304,0.216927395305,0.275939127981,0.00932381982933,0.00130190113992,0.00130190290678,0.00130188957317,0.0
0.184904522535,0.302478135924,0.00740747157609,0.216031580537,0.277006904253,0.00888062908731,0.00109692144823,0.00109692293772,0.00109691170257,0.0
0.184694084876,0.303964067122,0.00697924058395,0.215098054164,0.278027172119,0.00846446603097,0.000924307353374,0.000924308609151,0.000924299141294,0.0
0.184465798317,0.30540754111,0.00657921059942,0.214132070657,0.279006134909,0.00807250138755,0.000778916293743,0.000778917352543,0.00077890937339,0.0
0.184221886597,0.306814614651,0.00620477472831,0.213138058061,0.279949004147,0.00770236855084,0.000656432734956,0.000656433627717,0.000656426902816,0.0
0.183964220211,0.308190384649,0.00585369759991,0.212119763263,0.280860167339,0.00735207415857,0.000553232313861,0.000553233066645,0.000553227398618,0.0
0.183694379341,0.309539147246,0.00552404659225,0.211080370127,0.28174332602,0.00701992697032,0.000466269070336,0.000466269705101,0.000466264927732,0.0
0.183413704851,0.310864529441,0.00521413713347,0.210022595828,0.28260160961,0.00670448114279,0.000392981650294,0.000392982185547,0.000392978158825,0.0
0.183123339741,0.312169598213,0.00492248906605,0.208948769643,0.283437669537,0.00640449087132,0.000331215140216,0.000331215591555,0.000331212197521,0.0
0.182824262944,0.313456951179,0.00464779172984,0.207860897547,0.284253757217,0.00611887403401,0.000279155816313,0.000279156196891,0.000279153336148,0.0
0.182517316953,0.314728792042,0.00438887593417,0.206760715304,0.285051788776,0.0058466829871,0.000235276591127,0.000235276912031,0.000235274500814,0.0
0.182203230465,0.315986993482,0.00414469138655,0.205649732199,0.285833398876,0.00558708105652,0.000198291342197,0.00019829161278,0.000198289580485,0.0
0.181882636982,0.317233149667,0.0039142884532,0.204529267139,0.286599985545,0.00533932357694,0.000167116631601,0.000167116859746,0.000167115146865,0.0
0.181556090125,0.318468620151,0.00369680336562,0.203400478515,0.28735274757,0.00510274256912,0.000140839587545,0.000140839779903,0.00014083833627,0.0
0.181224076276,0.31969456662,0.0034914461745,0.202264388953,0.288092715738,0.00487673433333,0.000118690932465,0.000118691094644,0.000118689877971,0.0
0.18088702502,0.320911983681,0.00329749089793,0.201121905864,0.288820778957,0.00466074938386,0.000100022315996,0.000100022452726,0.000100021427364,0.0
0.180545317809,0.32212172469,0.00311426742602,0.199973838546,0.289537706136,0.00445428426543,8.42872536385e-05,8.42873689083e-05,8.42865048041e-05,0.0
0.180199295145,0.323324523444,0.00294115483398,0.198820912436,0.290244164523,0.00425687488453,7.10250889631e-05,7.10251861374e-05,7.1024457956e-05,0.0
0.179849262557,0.324521012408,0.00277757582732,0.197663781015,0.2909407351,0.00406809106137,5.98474937097e-05,5.98475756259e-05,5.98469620093e-05,0.0
0.179495495591,0.325711738042,0.00262299209888,0.196503035773,0.291627925507,0.00388753206656,5.04270999339e-05,5.04271689851e-05,5.04266519281e-05,0.0
0.179138243966,0.326897173716,0.00247690042233,0.195339214566,0.292306180923,0.00371482295269,4.2487924541e-05,4.24879827452e-05,4.24875470698e-05,0.0
0.178777735067,0.328077730576,0.00233882934185,0.194172808634,0.292975893217,0.00354961152846,3.57973015689e-05,3.57973506279e-05,3.57969835395e-05,0.0
0.178414176867,0.329253766721,0.00220833634628,0.193004268527,0.293637408662,0.00339156585242,3.01590834252e-05,3.01591247743e-05,3.01588154875e-05,0.0
0.178047760391,0.330425594939,0.00208500543795,0.191834009095,0.294291034448,0.00324037214756,2.5407910554e-05,2.54079454033e-05,2.5407684827e-05,0.0
0.177678661789,0.331593489241,0.00196844502454,0.19066241373,0.294937044176,0.00309573305692,2.14043810076e-05,2.14044103777e-05,2.1404190849e-05,0.0
0.177307044099,0.33275769039,0.00185828607645,0.189489837951,0.295575682508,0.00295736617596,1.80309781993e-05,1.80310029506e-05,1.80308180108e-05,0.0
0.176933058736,0.33391841057,0.00175418050342,0.188316612477,0.296207169106,0.0028250028099,1.51886375787e-05,1.51886584366e-05,1.5188502642e-05,0.0
0.176556846759,0.335075837352,0.00165579971313,0.187143045839,0.296831701964,0.00269838691403,1.27938518312e-05,1.27938694075e-05,1.27937381702e-05,0.0
0.176178539962,0.336230137047,0.00156283332197,0.185969426628,0.297449460248,0.00257727418336,1.07762300477e-05,1.07762448581e-05,1.07761343115e-05,0.0
0.175798261801,0.337381457555,0.00147498799369,0.184796025431,0.298060606705,0.00246143126421,9.07643962866e-06,9.07645210786e-06,9.07635899363e-06,0.0
0.175416128196,0.338529930789,0.00139198638633,0.183623096497,0.298665289711,0.00235063506576,7.64447089333e-06,7.64448140786e-06,7.64440298003e-06,0.0
0.175032248224,0.339675674731,0.00131356619155,0.182450879195,0.299263645031,0.00224467215378,6.43817379843e-06,6.43818265725e-06,6.43811660195e-06,0.0
0.174646724722,0.340818795192,0.00123947925347,0.181279599273,0.299855797315,0.00214333821205,5.42202411187e-06,5.4220315754e-06,5.42197594291e-06,0.0
0.174259654813,0.341959387307,0.00116949075627,0.180109469969,0.30044186138,0.00204643755996,4.56608307956e-06,4.56608936732e-06,4.5660425148e-06,0.0
0.173871130363,0.343097536818,0.00110337847215,0.178940692981,0.301021943318,0.00195378271681,3.84512026147e-06,3.84512555848e-06,3.84508610174e-06,0.0
0.17348123839,0.344233321169,0.00104093206218,0.177773459333,0.301596141443,0.00186519400518,3.2378739658e-06,3.237878428e-06,3.23784520084e-06,0.0
0.173090061421,0.345366810452,0.000981952424327,0.176607950135,0.302164547118,0.00178049918732,2.72642771654e-06,2.72643147535e-06,2.72640349525e-06,0.0
0.172697677812,0.346498068212,0.00092625108364,0.175444337268,0.302727245458,0.0016995331293,2.29568456794e-06,2.29568773412e-06,2.29566417334e-06,0.0
0.172304162034,0.347627152151,0.000873649620405,0.174282783994,0.303284315954,0.00162213748922,1.93292392805e-06,1.93292659494e-06,1.9329067562e-06,0.0
0.171909584928,0.348754114727,0.000823979132818,0.173123445502,0.303835833013,0.00154816042579,1.62742795584e-06,1.62743020209e-06,1.62741349799e-06,0.0
0.171514013937,0.349879003681,0.000777079731149,0.171966469415,0.304381866422,0.00147745632491,1.37016662257e-06,1.37016851446e-06,1.3701544502e-06,0.0
0.171117513316,0.351001862489,0.000732800060848,0.170811996233,0.304922481771,0.00140988554185,1.15353223696e-06,1.15353383032e-06,1.15352198914e-06,0.0
0.170720144326,0.352122730765,0.00069099685235,0.169660159748,0.305457740811,0.00134531415732,9.71115675025e-07,9.7111701693e-07,9.71107047779e-07,0.0
0.170321965402,0.353241644602,0.00065153449566,0.168511087425,0.305987701781,0.0012836137459,8.17517771311e-07,8.17518901399e-07,8.17510508609e-07,0.0
0.16992303232,0.354358636883,0.000614284637993,0.167364900745,0.306512419692,0.00122466115566,6.88190353384e-07,6.88191305057e-07,6.88184239609e-07,0.0
0.169523398342,0.355473737546,0.00057912580295,0.166221715525,0.307031946585,0.00116833829786,5.79302266657e-07,5.79303068055e-07,5.79297120228e-07,0.0
0.169123114352,0.356586973824,0.000545943029888,0.165081642215,0.307546331757,0.00111453194606,4.87626465829e-07,4.87627140657e-07,4.87622133833e-07,0.0
0.168722228986,0.35769837046,0.000514627532234,0.163944786175,0.308055621971,0.00106313354367,4.1044486459e-07,4.1044543282e-07,4.10441218263e-07,0.0
0.168320788749,0.35880794989,0.000485076373654,0.162811247927,0.308559861639,0.00101403901962,3.45468154101e-07,3.45468632554e-07,3.45465085016e-07,0.0
0.167918838124,0.359915732418,0.00045719216104,0.161681123392,0.309059092992,0.000967148611358,2.90768238344e-07,2.90768641191e-07,2.90765655203e-07,0.0
0.167516419675,0.361021736365,0.000430882753396,0.16055450412,0.30955335623,0.000922366694997,2.44721303521e-07,2.44721642699e-07,2.44719129454e-07,0.0
0.167113574146,0.362125978207,0.000406060985738,0.159431477492,0.310042689669,0.000879601621993,2.05959849863e-07,2.05960135425e-07,2.05958020146e-07,0.0
0.166710340553,0.363228472703,0.000382644407226,0.158312126918,0.310527129862,0.00083876556217,1.73332276649e-07,1.73332517063e-07,1.73330736789e-07,0.0
0.166306756263,0.364329233003,0.000360555032767,0.157196532023,0.31100671172,0.000799774352723,1.45868832541e-07,1.45869034938e-07,1.45867536662e-07,0.0
0.165902857083,0.36542827076,0.000339719107381,0.156084768816,0.311481468622,0.000762547352937,1.22752929897e-07,1.22753100283e-07,1.22751839375e-07,0.0
0.165498677331,0.366525596216,0.000320066882694,0.15497690986,0.311951432516,0.00072700730439,1.03296979065e-07,1.03297122499e-07,1.03296061387e-07,0.0
0.165094249907,0.367621218298,0.000301532404907,0.153873024421,0.312416634007,0.000693080196396,8.69220312854e-08,8.69221520261e-08,8.69212590792e-08,0.0
0.164689606367,0.368715144695,0.00028405331369,0.152773178614,0.312877102452,0.000660695136497,7.31406306419e-08,7.31407322768e-08,7.31399808674e-08,0.0
0.164284776981,0.369807381936,0.000267570651422,0.151677435544,0.313332866035,0.000629784225804,6.15423697859e-08,6.15424553357e-08,6.15418230486e-08,0.0
0.163879790798,0.370897935455,0.000252028682274,0.150585855435,0.313783951846,0.000600282439009,5.17817235993e-08,5.17817956073e-08,5.1781263574e-08,0.0
0.163474675704,0.371986809664,0.000237374720619,0.149498495751,0.314230385948,0.000572127508895,4.35678019611e-08,4.35678625692e-08,4.35674149071e-08,0.0
0.163069458475,0.373074008008,0.000223558968331,0.148415411316,0.31467219345,0.000545259815182,3.66557192373e-08,3.66557702486e-08,3.66553935893e-08,0.0
0.162664164829,0.374159533025,0.00021053436049,0.147336654427,0.315109398563,0.00051962227756,3.08393256987e-08,3.08393686315e-08,3.08390517229e-08,0.0
0.16225881948,0.375243386398,0.0001982564191,0.146262274953,0.315542024662,0.000495160252758,2.59450861857e-08,2.59451223183e-08,2.59448556897e-08,0.0
0.161853446179,0.376325569009,0.000186683114406,0.14519232044,0.315970094341,0.000471821435508,2.18269251346e-08,2.18269555432e-08,2.1826731224e-08,0.0
0.161448067764,0.377406080983,0.000175774733424,0.144126836206,0.316393629464,0.000449555763271,1.83618855729e-08,1.83619111634e-08,1.83617224453e-08,0.0
0.161042706201,0.378484921736,0.000165493755333,0.143065865427,0.316812651216,0.000428315324593,1.54464736905e-08,1.54464952258e-08,1.54463364633e-08,0.0
0.160637382624,0.379562090016,0.000155804733369,0.142009449227,0.317227180148,0.00040805427096,1.29935808294e-08,1.29935989515e-08,1.29934653934e-08,0.0
0.160232117372,0.380637583943,0.000146674182906,0.140957626758,0.317637236221,0.000388728732042,1.09298917724e-08,1.09299070219e-08,1.09297946702e-08,0.0
0.159826930032,0.381711401051,0.000138070475399,0.139910435277,0.318042838849,0.000370296734192,9.19370258114e-09,9.19371541299e-09,9.1936209032e-09,0.0
0.159421839467,0.382783538318,0.000129963737907,0.13886791022,0.318444006936,0.000352718122103,7.73308332868e-09,7.73309412586e-09,7.73301462687e-09,0.0
0.159016863852,0.383853992208,0.000122325757897,0.137830085272,0.318840758914,0.000335954483495,6.5043312704e-09,6.50434035528e-09,6.50427348483e-09,0.0
0.158612020707,0.384922758698,0.000115129893067,0.136796992433,0.31923311278,0.000319969076743,5.47066858615e-09,5.47067623005e-09,5.47061998367e-09,0.0
0.158207326926,0.385989833313,0.000108350985942,0.135768662084,0.319621086126,0.000304726761321,4.6011460615e-09,4.60115249281e-09,4.6011051839e-09,0.0
0.157802798806,0.387055211153,0.000101965282976,0.134745123044,0.320004696174,0.000290193930985,3.86972017277e-09,3.86972558369e-09,3.86968579321e-09,0.0
0.157398452073,0.388118886923,9.59503579576e-05,0.133726402629,0.320383959803,0.000276338449576,3.25447617499e-09,3.25448072729e-09,3.25444726131e-09,0.0
0.156994301912,0.389180854961,9.02850394748e-05,0.132712526709,0.320758893578,0.00026312958936,2.7369741176e-09,2.73697794743e-09,2.73694980147e-09,0.0
0.156590362986,0.390241109261,8.49493422432e-05,0.131703519756,0.321129513778,0.000250537971814,2.30169835581e-09,2.30170157774e-09,2.30167790674e-09,0.0
0.156186649464,0.391299643501,7.99244020952e-05,0.130699404896,0.321495836419,0.000238535510764,1.93559419445e-09,1.93559690488e-09,1.93557699791e-09,0.0
0.155783175044,0.392356451063,7.51924144411e-05,0.129700203957,0.321857877281,0.000227095357786,1.62767788549e-09,1.62768016558e-09,1.62766342454e-09,0.0
0.155379952969,0.393411525057,7.0736576022e-05,0.128705937513,0.322215651928,0.000216191849804,1.36870837754e-09,1.36871029555e-09,1.36869621733e-09,0.0
0.154976996055,0.394464858345,6.65410297851e-05,0.127716624928,0.32256917573,0.000205800458778,1.15091104837e-09,1.15091266177e-09,1.15090082313e-09,0.0
0.154574316703,0.395516443557,6.25908127179e-05,0.126732284397,0.322918463884,0.000195897743427,9.67745195955e-10,9.67746553074e-10,9.67736598011e-10,0.0
0.154171926924,0.396566273111,5.88718064881e-05,0.125752932981,0.323263531433,0.000186461302901,8.13708363043e-10,8.13709504563e-10,8.13701133611e-10,0.0
0.153769838351,0.397614339236,5.53706907422e-05,0.124778586654,0.323604393283,0.000177469732324,6.84171665545e-10,6.84172625692e-10,6.84165586962e-10,0.0
0.15336806226,0.398660633985,5.20748989243e-05,0.123809260329,0.323941064221,0.000168902580157,5.75241216608e-10,5.75242024178e-10,5.75236105805e-10,0.0
0.152966609583,0.399705149253,4.89725764825e-05,0.122844967898,0.324273558931,0.000160740307285,4.8364151463e-10,4.83642193852e-10,4.83637217636e-10,0.0
0.152565490924,0.400747876797,4.60525413383e-05,0.121885722259,0.324601892011,0.000152964247782,4.06617317019e-10,4.06617888275e-10,4.06613704342e-10,0.0
0.152164716576,0.401788808243,4.33042464988e-05,0.120931535356,0.324926077981,0.000145556571291,3.41851071807e-10,3.41851552248e-10,3.41848034546e-10,0.0
0.151764296529,0.402827935111,4.07177447002e-05,0.1199824182,0.325246131306,0.000138500246938,2.87393442571e-10,2.87393846623e-10,2.87390889139e-10,0.0
0.15136424049,0.403865248822,3.82836549739e-05,0.119038380901,0.3255620664,0.000131779008743,2.41604852133e-10,2.41605191933e-10,2.41602705513e-10,0.0
0.150964557888,0.404900740712,3.5993131035e-05,0.118099432695,0.325873897642,0.00012537732246,2.0310629897e-10,2.03106584728e-10,2.03104494394e-10,0.0
0.150565257894,0.405934402049,3.38378313947e-05,0.117165581973,0.326181639387,0.000119280353786,1.70737976656e-10,1.70738216961e-10,1.70736459661e-10,0.0
0.150166349425,0.406966224041,3.18098911072e-05,0.116236836299,0.326485305976,0.000113473937896,1.43524459426e-10,1.43524661503e-10,1.43523184215e-10,0.0
0.149767841158,0.407996197849,2.99018950619e-05,0.115313202441,0.326784911745,0.000107944550245,1.20645412835e-10,1.2064558276e-10,1.20644340897e-10,0.0
0.149369741541,0.409024314598,2.81068527406e-05,0.114394686388,0.327080471038,0.000102679278592,1.01410953395e-10,1.01411096281e-10,1.01410052351e-10,0.0
0.148972058799,0.410050565389,2.64181743599e-05,0.113481293378,0.327371998208,9.76657961882e-05,8.52409198962e-11,8.52410400426e-11,8.524016252e-11,0.0
0.148574800949,0.411074941306,2.48296483257e-05,0.112573027912,0.327659507633,9.28923361026e-05,7.16474359175e-11,7.16475369406e-11,7.16467993175e-11,0.0
0.148177975803,0.412097433429,2.33354199287e-05,0.111669893782,0.327943013719,8.83476666159e-05,6.02202414061e-11,6.02203263476e-11,6.02197063356e-11,0.0
0.147781590979,0.413118032841,2.1929971215e-05,0.110771894083,0.328222530907,8.40210676588e-05,5.06143539492e-11,5.06144253673e-11,5.06139042264e-11,0.0
0.147385653908,0.414136730636,2.06081019681e-05,0.109879031236,0.328498073682,7.99023082448e-05,4.25396900239e-11,4.25397500702e-11,4.25393120445e-11,0.0
0.146990171843,0.415153517931,1.93649117428e-05,0.108991307005,0.328769656577,7.59816248586e-05,3.57523351369e-11,3.57523856209e-11,3.57520174635e-11,0.0
0.146595151866,0.416168385868,1.81957828935e-05,0.108108722514,0.329037294179,7.22497007632e-05,3.00472010985e-11,3.00472435419e-11,3.00469341157e-11,0.0
0.146200600891,0.417181325628,1.70963645445e-05,0.107231278263,0.329301001131,6.86976461871e-05,2.52518501963e-11,2.52518858789e-11,2.52516258209e-11,0.0
0.145806525676,0.418192328434,1.60625574498e-05,0.106358974144,0.329560792145,6.53169793569e-05,2.12213009709e-11,2.12213309689e-11,2.12211124077e-11,0.0
0.145412932826,0.419201385557,1.50904996953e-05,0.105491809459,0.329816681996,6.20996083408e-05,1.78336596966e-11,1.78336849151e-11,1.78335012335e-11,0.0
0.145019828799,0.420208488327,1.41765531971e-05,0.10462978293,0.330068685533,5.903781367e-05,1.498644641e-11,1.49864676099e-11,1.49863132453e-11,0.0
0.14462721991,0.421213628133,1.33172909523e-05,0.103772892717,0.33031681768,5.61242317063e-05,1.25935051456e-11,1.25935229669e-11,1.2593393243e-11,0.0
0.144235112342,0.422216796434,1.25094850025e-05,0.102921136429,0.33056109344,5.33518387254e-05,1.05824055537e-11,1.05824205344e-11,1.05823115205e-11,0.0
0.143843512143,0.423217984761,1.17500950697e-05,0.102074511143,0.330801527895,5.07139356862e-05,8.89225781277e-12,8.89227040544e-12,8.89217879736e-12,0.0
0.143452425238,0.424217184726,1.10362578285e-05,0.101233013408,0.331038136215,4.82041336587e-05,7.47187514814e-12,7.47188573317e-12,7.47180875358e-12,0.0
0.143061857427,0.425214388021,1.03652767799e-05,0.100396639264,0.331270933652,4.58163398822e-05,6.27822870096e-12,6.27823759823e-12,6.27817291266e-12,0.0
0.142671814396,0.426209586429,9.73461269356e-06,0.0995653842531,0.331499935549,4.35447444289e-05,5.27514826847e-12,5.27515574691e-12,5.27510139318e-12,0.0
0.142282301715,0.427202771823,9.14187458725e-06,0.098739243429,0.331725157337,4.13838074468e-05,4.43222981986e-12,4.43223610559e-12,4.4321904345e-12,0.0
0.141893324846,0.428193936175,8.5848112138e-06,0.0979182113697,0.33194661454,3.93282469585e-05,3.72391690423e-12,3.72392218735e-12,3.72388381278e-12,0.0
0.141504889144,0.429183071554,8.06130302806e-06,0.0971022821883,0.332164322774,3.73730271923e-05,3.12872829235e-12,3.12873273268e-12,3.12870048964e-12,0.0
0.141116999861,0.430170170137,7.569354607e-06,0.0962914495436,0.332378297749,3.55133474238e-05,2.62860858981e-12,2.62861232171e-12,2.62858523112e-12,0.0
0.140729662152,0.431155224204,7.1070874981e-06,0.0954857066502,0.332588555268,3.37446313063e-05,2.208382257e-12,2.20838539343e-12,2.20836263242e-12,0.0
0.140342881074,0.432138226151,6.67273347224e-06,0.0946850462886,0.33279511123,3.2062516669e-05,1.85529458148e-12,1.8552972174e-12,1.85527809445e-12,0.0
0.139956661593,0.433119168482,6.2646281588e-06,0.093889460815,0.332997981631,3.04628457647e-05,1.55862576494e-12,1.55862798016e-12,1.55861191413e-12,0.0
0.139571008581,0.434098043823,5.88120504165e-06,0.0930989421707,0.33319718256,2.89416559465e-05,1.30936648708e-12,1.30936834871e-12,1.30935485123e-12,0.0
0.139185926827,0.435074844914,5.52098979613e-06,0.0923134818914,0.333392730204,2.74951707567e-05,1.09994516026e-12,1.0999467247e-12,1.09993538538e-12,0.0
0.138801421032,0.43604956462,5.18259494783e-06,0.0915330711159,0.333584640844,2.61197914085e-05,9.23998644888e-13,9.23999959558e-13,9.23990433524e-13,0.0
0.138417495814,0.437022195928,4.86471483554e-06,0.0907577005953,0.333772930856,2.48120886471e-05,7.76179505367e-13,7.76180610118e-13,7.76172607578e-13,0.0
0.138034155714,0.437992731954,4.56612086109e-06,0.0899873607012,0.333957616713,2.35687949697e-05,6.51993987175e-13,6.51994915505e-13,6.51988192953e-13,0.0
0.137651405191,0.438961165938,4.28565701033e-06,0.089222041434,0.334138714981,2.23867971933e-05,5.47665822016e-13,5.47666602082e-13,5.47660954908e-13,0.0
0.137269248629,0.439927491253,4.02223562991e-06,0.0884617324314,0.33431624232,2.12631293526e-05,4.60021746606e-13,4.60022402073e-13,4.60017658354e-13,0.0
0.13688769034,0.440891701402,3.77483344556e-06,0.087706422976,0.334490215481,2.01949659147e-05,3.86395275682e-13,3.86395826441e-13,3.86391841725e-13,0.0
0.136506734562,0.44185379002,3.54248780844e-06,0.0869561020032,0.334660651311,1.91796152977e-05,3.24545820592e-13,3.24546283359e-13,3.24542936274e-13,0.0
0.136126385461,0.44281375088,3.32429315658e-06,0.0862107581087,0.334827566743,1.82145136788e-05,2.72590707913e-13,2.72591096738e-13,2.72588285311e-13,0.0
0.135746647136,0.443771577887,3.11939767943e-06,0.0854703795562,0.334990978804,1.72972190808e-05,2.28948042065e-13,2.28948368755e-13,2.2894600731e-13,0.0
0.135367523619,0.444727265084,2.92700017414e-06,0.0847349542845,0.335150904606,1.64254057235e-05,1.92288683302e-13,1.92288957782e-13,1.92286974338e-13,0.0
0.134989018876,0.445680806653,2.74634708249e-06,0.0840044699146,0.335307361351,1.55968586297e-05,1.61495887859e-13,1.61496118468e-13,1.61494452552e-13,0.0
0.134611136807,0.446632196914,2.57672969869e-06,0.0832789137569,0.335460366324,1.48094684749e-05,1.35631388536e-13,1.3563158228e-13,1.3563018309e-13,0.0
0.13423388125,0.447581430326,2.41748153797e-06,0.0825582728179,0.335609936897,1.4061226668e-05,1.13906888665e-13,1.13907051436e-13,1.13905876289e-13,0.0
0.133857255983,0.44852850149,2.26797585717e-06,0.0818425338071,0.335756090523,1.33502206563e-05,9.56601061012e-14,9.5660242847e-14,9.56592558898e-14,0.0
0.133481264722,0.449473405146,2.12762331856e-06,0.0811316831434,0.335898844735,1.26746294419e-05,8.03346414408e-14,8.03347563203e-14,8.03339274325e-14,0.0
0.133105911123,0.450416136177,1.99586978879e-06,0.080425706962,0.336038217148,1.2032719302e-05,6.74630603985e-14,6.74631569063e-14,6.74624607857e-14,0.0
0.132731198785,0.451356689607,1.87219426536e-06,0.0797245911202,0.336174225453,1.14228397038e-05,5.66526775174e-14,5.66527585899e-14,5.66521739824e-14,0.0
0.13235713125,0.452295060603,1.75610692322e-06,0.0790283212045,0.336306887416,1.0843419405e-05,4.75736101552e-14,4.75736782597e-14,4.75731873116e-14,0.0
0.131983712003,0.453231244473,1.64714727484e-06,0.0783368825358,0.336436220878,1.02929627321e-05,3.99487404291e-14,3.99487976388e-14,3.99483853532e-14,0.0
0.131610944474,0.45416523667,1.54488243713e-06,0.0776502601765,0.336562243752,9.77004602956e-06,3.35452805861e-14,3.35453286428e-14,3.35449824228e-14,0.0
0.131238832039,0.455097032787,1.44890549916e-06,0.0769684389357,0.336684974019,9.27331426963e-06,2.81676858409e-14,2.81677262083e-14,2.81674354731e-14,0.0
0.130867378021,0.456026628561,1.35883398494e-06,0.0762914033754,0.336804429731,8.80147781909e-06,2.36516995551e-14,2.36517334628e-14,2.36514893253e-14,0.0
0.13049658569,0.456954019873,1.27430840581e-06,0.0756191378164,0.336920629003,8.35330935343e-06,1.98593499538e-14,1.9859378435e-14,1.98591734307e-14,0.0
0.130126458264,0.457879202745,1.19499089729e-06,0.0749516263441,0.337033590015,7.92764091304e-06,1.66747464279e-14,1.66747703505e-14,1.667459821e-14,0.0
0.12975699891,0.458802173341,1.12056393555e-06,0.0742888528136,0.33714333101,7.52336109486e-06,1.40005477174e-14,1.40005678107e-14,1.40004232685e-14,0.0
0.129388210746,0.459722927968,1.05072912896e-06,0.073630800856,0.337249870288,7.13941237344e-06,1.17549946577e-14,1.17550115343e-14,1.1754890168e-14,0.0
0.129020096838,0.460641463075,9.85206080309e-07,0.0729774538831,0.337353226209,6.77478854562e-06,9.86941729666e-15,9.86943147125e-15,9.86932956681e-15,0.0
0.128652660205,0.461557775253,9.23731315803e-07,0.0723287950937,0.337453417185,6.42853229335e-06,8.28614059451e-15,8.28615249947e-15,8.28606693767e-15,0.0
0.128285903816,0.462471861231,8.66057276775e-07,0.0716848074781,0.337550461685,6.09973285928e-06,6.9567250162e-15,6.95673501475e-15,6.95666317605e-15,0.0
0.127919830593,0.463383717882,8.11951370661e-07,0.0710454738238,0.337644378226,5.78752383015e-06,5.84048849745e-15,5.84049689471e-15,5.84043657921e-15,0.0
0.127554443411,0.464293342218,7.61195077734e-07,0.0704107767206,0.337735185374,5.49108102305e-06,4.90326481336e-15,4.90327186566e-15,4.90322122595e-15,0.0
0.127189745099,0.46520073139,7.13583110395e-07,0.0697806985659,0.337822901741,5.20962046996e-06,4.11636056136e-15,4.116366484e-15,4.11632396867e-15,0.0
0.126825738438,0.466105882688,6.68922621979e-07,0.0691552215694,0.337907545986,4.94239649612e-06,3.45567900667e-15,3.45568398051e-15,3.4556482868e-15,0.0
0.126462426164,0.46700879354,6.27032462204e-07,0.0685343277583,0.337989136806,4.68869988799e-06,2.90098411173e-15,2.90098828869e-15,2.90095832261e-15,0.0
0.126099810968,0.467909461511,5.87742476552e-07,0.0679179989822,0.33806769294,4.44785614678e-06,2.43528233347e-15,2.43528584115e-15,2.43526068408e-15,0.0
0.125737895497,0.468807884305,5.50892847041e-07,0.0673062169181,0.338143233163,4.21922382358e-06,2.04430335489e-15,2.04430630048e-15,2.04428518104e-15,0.0
0.125376682353,0.46970405976,5.16333471973e-07,0.066698963075,0.338215776285,4.00219293247e-06,1.71606392723e-15,1.71606640077e-15,1.71604867124e-15,0.0
0.125016174093,0.470597985849,4.83923382387e-07,0.0660962187988,0.338285341152,3.79618343805e-06,1.44050152848e-15,1.44050360557e-15,1.44048872211e-15,0.0
0.124656373233,0.471489660681,4.53530193092e-07,0.0654979652769,0.338351946636,3.60064381394e-06,1.2091666691e-15,1.20916841324e-15,1.20915591921e-15,0.0
0.124297282243,0.472379082495,4.25029586245e-07,0.0649041835429,0.33841561164,3.41504966907e-06,1.0149644617e-15,1.01496592625e-15,1.01495543822e-15,0.0
0.123938903553,0.473266249667,3.98304825585e-07,0.0643148544811,0.338476355091,3.23890243866e-06,8.51937571766e-16,8.51938801519e-16,8.51929997573e-16,0.0
0.123581239548,0.474151160702,3.73246299527e-07,0.0637299588311,0.338534195944,3.07172813685e-06,7.15083926992e-16,7.15084959572e-16,7.15077569422e-16,0.0
0.123224292575,0.475033814236,3.49751091427e-07,0.0631494771922,0.33858915317,2.91307616827e-06,6.00203622263e-16,6.00204489268e-16,6.00198285987e-16,0.0
0.122868064934,0.475914209033,3.2772257543e-07,0.062573390028,0.338641245764,2.76251819576e-06,5.03770346872e-16,5.0377107484e-16,5.03765867905e-16,0.0
0.122512558887,0.476792343989,3.0707003639e-07,0.0620016776705,0.338690492736,2.61964706167e-06,4.2282340835e-16,4.22824019566e-16,4.22819649024e-16,0.0
0.122157776656,0.477668218125,2.87708312466e-07,0.0614343203246,0.33873691311,2.48407576029e-06,3.5487705529e-16,3.54877568471e-16,3.54873900035e-16,0.0
0.12180372042,0.478541830589,2.69557459042e-07,0.0608712980723,0.338780525925,2.35543645903e-06,2.97844329247e-16,2.97844760109e-16,2.97841681042e-16,0.0
0.121450392318,0.479413180654,2.52542432734e-07,0.0603125908769,0.338821350229,2.23337956615e-06,2.49973119005e-16,2.49973480746e-16,2.49970896404e-16,0.0
0.121097794449,0.480282267719,2.36592794288e-07,0.059758178587,0.338859405079,2.11757284277e-06,2.09792462951e-16,2.09792766656e-16,2.09790597586e-16,0.0
0.120745928873,0.481149091304,2.21642429262e-07,0.059208040941,0.338894709539,2.00770055723e-06,1.76067458061e-16,1.76067713036e-16,1.7606589254e-16,0.0
0.120394797609,0.482013651052,2.07629285445e-07,0.0586621575708,0.338927282675,1.90346267977e-06,1.47761396791e-16,1.47761610851e-16,1.47760082938e-16,0.0
0.12004440264,0.482875946727,1.94495126013e-07,0.0581205080061,0.338957143558,1.80457411569e-06,1.24003973905e-16,1.24004153613e-16,1.24002871282e-16,0.0
0.119694745905,0.483735978212,1.82185297508e-07,0.057583071678,0.338984311256,1.71076397513e-06,1.0406459068e-16,1.04064741545e-16,1.04063665341e-16,0.0
0.119345829308,0.484593745509,1.70648511747e-07,0.0570498279233,0.339008804837,1.62177487785e-06,8.73299396624e-17,8.73300663128e-17,8.7329163117e-17,0.0
0.118997654713,0.485449248737,1.59836640846e-07,0.0565207559879,0.339030643363,1.53736229131e-06,7.32851839903e-17,7.32852903106e-17,7.3284532323e-17,0.0
0.118650223948,0.486302488131,1.4970452458e-07,0.0559958350313,0.339049845892,1.45729390054e-06,6.14981551379e-17,6.149824439e-17,6.14976082756e-17,0.0
0.118303538799,0.48715346404,1.40209789341e-07,0.0554750441296,0.339066431472,1.38134900826e-06,5.16060852638e-17,5.16061601865e-17,5.16056263586e-17,0.0
0.117957601018,0.48800217693,1.31312678008e-07,0.0549583622798,0.339080419142,1.30931796388e-06,4.3304467833e-17,4.33045307259e-17,4.33040827441e-17,0.0
0.117612412318,0.488848627374,1.22975890087e-07,0.0544457684032,0.339091827928,1.24100162001e-06,3.63377052955e-17,3.63377580893e-17,3.63373821546e-17,0.0
0.117267974374,0.48969281606,1.15164431497e-07,0.0539372413492,0.339100676842,1.17621081515e-06,3.04912572787e-17,3.04913015943e-17,3.04909861246e-17,0.0
0.116924288825,0.490534743784,1.07845473436e-07,0.0534327598985,0.33910698488,1.11476588136e-06,2.55850486711e-17,2.55850858695e-17,2.55848211439e-17,0.0
0.116581357274,0.491374411452,1.00988219784e-07,0.0529323027673,0.339110771022,1.0564961758e-06,2.14679355421e-17,2.14679667658e-17,2.14677446255e-17,0.0
0.116239181286,0.492211820076,9.45637825342e-08,0.0524358486102,0.339112054224,1.0012396348e-06,1.80130592274e-17,1.80130854356e-17,1.8012899033e-17,0.0
0.115897762389,0.493046970774,8.85450647638e-08,0.0519433760239,0.339110853425,9.48842349668e-07,1.5113946112e-17,1.511396811e-17,1.51138116981e-17,0.0
0.115557102078,0.493879864769,8.29066507092e-08,0.0514548635505,0.339107187537,8.99158163019e-07,1.26812334823e-17,1.26812519462e-17,1.26811207017e-17,0.0
0.115217201809,0.494710503387,7.76247025071e-08,0.0509702896811,0.33910107545,8.52048284694e-07,1.06399209997e-17,1.06399364971e-17,1.06398263721e-17,0.0
0.114878063005,0.495538888056,7.26768632079e-08,0.0504896328587,0.339092536023,8.07380926375e-07,8.92706345708e-18,8.92707646429e-18,8.92698406183e-18,0.0
0.11453968705,0.496365020305,6.80421656844e-08,0.0500128714819,0.33908158809,7.65030953978e-07,7.48983400389e-18,7.48984492091e-18,7.48976739002e-18,0.0
0.114202075296,0.497188901763,6.37009470813e-08,0.0495399839078,0.339068250453,7.24879556982e-07,6.28389838449e-18,6.28390754706e-18,6.28384249524e-18,0.0
0.113865229059,0.498010534156,5.96347684735e-08,0.0490709484555,0.339052541881,6.86813933883e-07,5.27205027053e-18,5.27205796049e-18,5.27200337998e-18,0.0
0.11352914962,0.498829919307,5.5826339419e-08,0.0486057434088,0.339034481111,6.5072699302e-07,4.423065777e-18,4.42307223093e-18,4.42302643685e-18,0.0
0.113193838226,0.499647059135,5.22594471126e-08,0.0481443470196,0.339014086843,6.16517068016e-07,3.71074197512e-18,3.71074739161e-18,3.71070897009e-18,0.0
0.112859296089,0.500461955653,4.89188898631e-08,0.047686737511,0.338991377741,5.84087647153e-07,3.11308986149e-18,3.11309440723e-18,3.11306217182e-18,0.0
0.112525524387,0.501274610966,4.57904146329e-08,0.0472328930802,0.338966372429,5.53347116002e-07,2.61165698301e-18,2.61166079793e-18,2.61163375302e-18,0.0
0.112192524264,0.502085027272,4.28606583954e-08,0.0467827919012,0.338939089493,5.24208512676e-07,2.1909588974e-18,2.19096209895e-18,2.19093940909e-18,0.0
0.111860296832,0.502893206858,4.01170930793e-08,0.0463364121282,0.338909547476,4.96589295102e-07,1.83800199073e-18,1.83800467748e-18,1.83798564167e-18,0.0
0.111528843166,0.5036991521,3.75479738829e-08,0.0458937318982,0.338877764876,4.70411119732e-07,1.54188297902e-18,1.54188523373e-18,1.54186926373e-18,0.0
0.111198164311,0.504502865463,3.51422907553e-08,0.0454547293339,0.33884376015,4.45599631137e-07,1.29345277645e-18,1.29345466855e-18,1.29344127079e-18,0.0
0.110868261278,0.505304349496,3.28897228515e-08,0.0450193825463,0.338807551706,4.22084261972e-07,1.08503439019e-18,1.08503597799e-18,1.08502473833e-18,0.0
0.110539135044,0.506103606835,3.07805957819e-08,0.0445876696379,0.338769157905,3.99798042801e-07,9.10186162352e-19,9.10187494758e-19,9.10178065706e-19,0.0
0.110210786555,0.506900640198,2.8805841487e-08,0.0441595687049,0.338728597059,3.78677421301e-07,7.63503072806e-19,7.63504190887e-19,7.63496280881e-19,0.0
0.109883216723,0.507695452386,2.69569605773e-08,0.04373505784,0.338685887431,3.58662090412e-07,6.40449987366e-19,6.40450925585e-19,6.40444289996e-19,0.0
0.10955642643,0.508488046282,2.52259869893e-08,0.0433141151356,0.338641047231,3.39694824973e-07,5.37221717495e-19,5.37222504773e-19,5.37216938352e-19,0.0
0.109230416524,0.509278424848,2.36054548154e-08,0.0428967186852,0.338594094616,3.21721326458e-07,4.50625582636e-19,4.50626243249e-19,4.50621573789e-19,0.0
0.108905187822,0.510066591123,2.20883671778e-08,0.0424828465873,0.338545047689,3.04690075394e-07,3.77982858338e-19,3.77983412656e-19,3.77979495677e-19,0.0
0.108580741109,0.510852548226,2.06681670195e-08,0.0420724769467,0.338493924498,2.88552191111e-07,3.17046074389e-19,3.1704653951e-19,3.17043253794e-19,0.0
0.10825707714,0.51163629935,1.93387096969e-08,0.0416655878778,0.338440743033,2.73261298448e-07,2.65929614982e-19,2.65930005252e-19,2.65927249104e-19,0.0
0.107934196637,0.512417847762,1.8094237264e-08,0.0412621575067,0.338385521226,2.58773401089e-07,2.23051482297e-19,2.23051809759e-19,2.23049497856e-19,0.0
0.107612100292,0.513197196806,1.69293543445e-08,0.0408621639733,0.338328276952,2.45046761199e-07,1.87084428604e-19,1.87084703361e-19,1.87082764126e-19,0.0
0.107290788768,0.513974349893,1.58390054948e-08,0.0404655854344,0.338269028024,2.32041785056e-07,1.56914950415e-19,1.56915180948e-19,1.56913554329e-19,0.0
0.106970262693,0.514749310509,1.48184539676e-08,0.040072400065,0.338207792193,2.1972091438e-07,1.3160888037e-19,1.31609073793e-19,1.31607709414e-19,0.0
0.106650522671,0.515522082207,1.38632617892e-08,0.0396825860615,0.338144587149,2.08048523088e-07,1.10382515752e-19,1.10382678038e-19,1.10381533635e-19,0.0
0.106331569269,0.516292668611,1.29692710707e-08,0.0392961216432,0.338079430517,1.96990819206e-07,9.25783931264e-20,9.25785292852e-20,9.25775694052e-20,0.0
0.106013403031,0.517061073408,1.21325864775e-08,0.038912985055,0.338012339858,1.86515751681e-07,7.76449617296e-20,7.76450759662e-20,7.76442708672e-20,0.0
0.105696024466,0.517827300355,1.13495587861e-08,0.0385331545691,0.337943332667,1.76592921859e-07,6.51195284445e-20,6.51196242873e-20,6.51189490196e-20,0.0
0.105379434057,0.518591353271,1.0616769461e-08,0.0381566084875,0.337872426374,1.67193499393e-07,5.46139480057e-20,5.46140284152e-20,5.46134620494e-20,0.0
0.105063632257,0.51935323604,9.93101618928e-09,0.0377833251437,0.337799638338,1.58290142375e-07,4.58026167462e-20,4.58026842068e-20,4.5802209186e-20,0.0
0.104748619488,0.520112952608,9.28929931476e-09,0.0374132829052,0.337724985853,1.4985692146e-07,3.84123992236e-20,3.84124558198e-20,3.84120574169e-20,0.0
0.104434396146,0.52087050698,8.68880911478e-09,0.0370464601747,0.337648486141,1.41869247819e-07,3.2214176682e-20,3.22142241629e-20,3.2213890024e-20,0.0
0.104120962597,0.521625903224,8.12691386927e-09,0.036682835393,0.337570156355,1.343038047e-07,2.70157563375e-20,2.70157961707e-20,2.70155159333e-20,0.0
0.10380831918,0.522379145464,7.60114867256e-09,0.0363223870402,0.337490013576,1.27138482436e-07,2.26559224664e-20,2.26559558833e-20,2.26557208553e-20,0.0
0.103496466205,0.523130237884,7.10920494212e-09,0.035965093638,0.337408074812,1.2035231673e-07,1.89994455073e-20,1.89994735411e-20,1.89992764315e-20,0.0
0.103185403954,0.523879184721,6.64892058153e-09,0.0356109337511,0.337324357,1.13925430046e-07,1.59328949621e-20,1.59329184795e-20,1.59327531728e-20,0.0
0.102875132681,0.52462599027,6.21827075708e-09,0.0352598859894,0.337238877002,1.07838975958e-07,1.33611266934e-20,1.33611464219e-20,1.33610077885e-20,0.0
0.102565652614,0.525370658879,5.81535925012e-09,0.0349119290097,0.337151651606,1.02075086308e-07,1.12043360407e-20,1.12043525905e-20,1.12042363279e-20,0.0
0.102256963954,0.526113194949,5.4384103496e-09,0.0345670415172,0.337062697525,9.66168210364e-08,9.39558565003e-21,9.39559953317e-21,9.39550203263e-21,0.0
0.101949066872,0.526853602932,5.0857612514e-09,0.0342252022675,0.336972031394,9.14481205464e-08,7.87873157634e-21,7.87874322232e-21,7.87866145709e-21,0.0
0.101641961516,0.527591887332,4.75585493299e-09,0.033886390068,0.336879669774,8.65537604842e-08,6.60668352083e-21,6.60669329004e-21,6.60662472148e-21,0.0
0.101335648006,0.5283280527,4.44723347399e-09,0.0335505837795,0.336785629148,8.19193088069e-08,5.53994539072e-21,5.5399535855e-21,5.53989608439e-21,0.0
0.101030126434,0.529062103639,4.15853179508e-09,0.0332177623182,0.336689925919,7.75310850276e-08,4.64539103122e-21,4.64539790523e-21,4.64534968577e-21,0.0
0.10072539687,0.529794044796,3.88847178918e-09,0.0328879046567,0.336592576413,7.33761215304e-08,3.89523724923e-21,3.89524301527e-21,3.89520257973e-21,0.0
0.100421459354,0.530523880865,3.63585682058e-09,0.0325609898259,0.336493596877,6.94421268487e-08,3.26618234724e-21,3.26618718383e-21,3.26615327607e-21,0.0
0.100118313902,0.531251616587,3.39956656923e-09,0.0322369969164,0.336393003477,6.57174508106e-08,2.73868350354e-21,2.73868756047e-21,2.73865912699e-21,0.0
