-10.0 -10.0,-10.0 0.0,-10.0 10.0,0.0 -10.0,0.0 0.0,0.0 10.0,10.0 -10.0,10.0 0.0,10.0 10.0,other
0.111111111111,0.111111111111,0.111111111111,0.111111111111,0.111111111111,0.111111111111,0.111111111111,0.111111111111,0.111111111111,0.0
0.102952435297,0.103148968058,0.100093755581,0.152057692581,0.140068984304,0.101677067983,0.100000541165,0.100000533004,0.100000022028,0.0
0.0934727931394,0.0938764079865,0.088031902011,0.198138417445,0.169726253078,0.0938220484615,0.0876442695759,0.0876442622339,0.0876436460693,0.0
0.0836699069712,0.0842626742381,0.0768335685672,0.240123590857,0.193970692988,0.0946690946041,0.0754903491115,0.075490343557,0.0754897791061,0.0
0.0747658436721,0.0754676954329,0.0689917075911,0.263263690376,0.204445343086,0.11668216267,0.065461348686,0.0654613442426,0.0654608642437,0.0
0.0663738774851,0.067080026788,0.0633065921553,0.262609322268,0.199225477595,0.169694541523,0.0572368527174,0.057236848932,0.0572364605368,0.0
0.0569102959713,0.0575430377005,0.0561890845991,0.240166958205,0.179643529144,0.263113014406,0.0488114371014,0.0488114336447,0.0488112092277,0.0
0.0453930222481,0.0459029519776,0.0457443371892,0.197668005375,0.146685414582,0.401945431083,0.0388867434627,0.0388867384848,0.0388873555981,0.0
0.0325616008775,0.032927890653,0.0330622107587,0.143486448298,0.106094292744,0.568180898909,0.0278906265024,0.0278905980278,0.0279054332291,0.0
0.0209823753674,0.0212184381669,0.0213487569219,0.0928025703754,0.0685266696079,0.720778095082,0.0179736627767,0.017973338282,0.0183960934202,0.0
0.0148664861607,0.0150337433177,0.0151314508745,0.0658016268043,0.0485738466003,0.796367109484,0.0127409081124,0.0127389702363,0.0187458584101,0.0
0.0129561795786,0.0131019447318,0.0131878347708,0.0573546512495,0.0423356970195,0.80889736929,0.0111101987417,0.0111065670908,0.0299495575276,0.0
0.0117055549866,0.0118372498961,0.0119151826564,0.0518237294695,0.0382513508312,0.802975530959,0.0100450944621,0.0100396692137,0.0514066375252,0.0
0.0106170612214,0.0107365099501,0.0108073867741,0.0470101882812,0.0346966403202,0.777927056906,0.00912202020627,0.00911415962093,0.0899689767196,0.0
0.00945945164575,0.00956587662593,0.00962914001301,0.041893661554,0.030917328025,0.726230623414,0.008152906251,0.00814045611073,0.156010556361,0.0
0.00809190228356,0.00818294174446,0.00823712135763,0.0358653136868,0.0264594168013,0.640512112811,0.00708773698203,0.00706459485305,0.25849885948,0.0
0.00685392021974,0.00693103310806,0.00697693560424,0.0305258327025,0.0224746797264,0.549531976538,0.00693230588104,0.00698735226696,0.362785963953,0.0
0.00655287889757,0.00662660749066,0.00667047576395,0.0294299946312,0.0215954038681,0.526108423987,0.00913184857643,0.0100253777612,0.383858989023,0.0
0.00635614602989,0.00642766413013,0.00647019367034,0.0288096406932,0.021063637964,0.510688369044,0.0123091161063,0.0149712198769,0.392904012486,0.0
0.00618458250486,0.00625417392694,0.00629552788598,0.0283398017808,0.0206319280176,0.497178005355,0.0166688910083,0.0226472653077,0.395799824213,0.0
0.00600766489463,0.00607527079556,0.00611540196898,0.0279290955796,0.0202201866352,0.483191433823,0.0225275602229,0.0343421235087,0.393591262571,0.0
0.00580321626925,0.00586853017802,0.00590722734326,0.027575870477,0.0197995622581,0.466977098849,0.0302070655633,0.0517466248633,0.386114804199,0.0
0.00555239041577,0.0056148995251,0.00565177665716,0.0274504163082,0.0194232153883,0.447040373889,0.0398348350537,0.0765330450677,0.372899047695,0.0
0.00524931315552,0.00530845870026,0.00534291099392,0.0282749380579,0.0194082640578,0.422918562906,0.0507663650321,0.108495752905,0.354235434191,0.0
0.0049328668366,0.00498859426391,0.00501964140783,0.032226325885,0.0207550382987,0.397696427874,0.0604068710724,0.140533530907,0.333440703454,0.0
0.00467522076273,0.00472839372053,0.00475440521246,0.0424570693291,0.0247470870837,0.377053717543,0.0654802305894,0.160098082692,0.316005793067,0.0
0.0044603134769,0.00451161798201,0.00453068838121,0.0606538735153,0.0315131464879,0.35969409983,0.0666005709744,0.166833555791,0.301202133561,0.0
0.00423547796889,0.00428497052404,0.00429522868576,0.088909717603,0.0410429288444,0.341495412352,0.0651289415943,0.16502476047,0.285582561958,0.0
0.00396239202761,0.0040096970679,0.00400913417099,0.129987673852,0.0534174808031,0.319581647095,0.061604905144,0.156846446673,0.266580623167,0.0
0.00361691710998,0.00366142549177,0.00364771567134,0.185684910837,0.0683167830867,0.292623877437,0.0563067763026,0.143585567535,0.242556026528,0.0
0.0031943426417,0.00323547139372,0.00320607709054,0.254135683545,0.0845124577925,0.262636710518,0.0495391931905,0.126376413125,0.213163650702,0.0
0.00271520758109,0.0027525935492,0.00270758777894,0.323373824322,0.0986587810882,0.241518523778,0.0418004419855,0.106641757107,0.179831282811,0.0
0.00223379183494,0.00226682528471,0.0022226193742,0.356456681716,0.102426904284,0.266543926728,0.0341063329365,0.0870132961321,0.14672962171,0.0
0.00178403364215,0.00181118633653,0.00179093297902,0.322501900094,0.0901482615415,0.368755093422,0.027148100346,0.0692613528886,0.116799138749,0.0
0.00131684926794,0.00133697841216,0.00133125065198,0.247476939982,0.0684600039142,0.522741271145,0.0200293474385,0.0510997760736,0.0862075831147,0.0
0.000872082582742,0.000885417781498,0.000883796444989,0.165531572946,0.0456401550986,0.681284476186,0.0132656538469,0.0338436474815,0.0577931976322,0.0
0.000583148236253,0.00059206546194,0.000591302951297,0.110900805953,0.0305544467913,0.775279867745,0.00887701231921,0.0226442037429,0.0499771467989,0.0
0.000491141493068,0.000498651806187,0.000498043419471,0.0934305790722,0.0257379932313,0.776662526835,0.00748420289017,0.019086609499,0.0761102517536,0.0
0.000429306953123,0.000435871727635,0.000435352448716,0.0816898864117,0.0225010599605,0.744927655508,0.00655498238562,0.0167098749949,0.12631600961,0.0
0.000369940604448,0.000375597586719,0.000375156047522,0.0704345974349,0.0193959874114,0.678991929663,0.0056882673504,0.0144865472611,0.20988197664,0.0
0.000307830382232,0.000312537645385,0.000312172535804,0.0587708794548,0.0161654108972,0.582090428868,0.00498840194603,0.0127088013226,0.324343536948,0.0
0.000280832190832,0.000285126753014,0.000284792985855,0.0541491787884,0.0148351226548,0.533763649757,0.00599563242315,0.0161951997988,0.374210464648,0.0
0.000269919504896,0.00027404735714,0.000273725402067,0.0526320624359,0.0143561921492,0.513701243385,0.00795538008368,0.02373116071,0.386806268972,0.0
0.000261092857084,0.000265085941545,0.000264772953368,0.051616962298,0.0140045124079,0.497345755049,0.0106661381073,0.035539074305,0.390036606081,0.0
0.000252103427799,0.000255959358443,0.000255654702041,0.0508128845158,0.0136851792814,0.480594071862,0.0142711372147,0.0533826133235,0.386490396314,0.0
0.000241655248424,0.000245351987979,0.000245055205119,0.0503029981835,0.0133858179809,0.4610432228,0.0188757860089,0.0793237645836,0.376336348002,0.0
0.000228917828836,0.000232421207898,0.000232127969082,0.0508817144181,0.0132227692609,0.437148822655,0.0243113733845,0.114212884005,0.35952896927,0.0
0.000214445125032,0.000217731520702,0.000217417955724,0.0554792979669,0.0136900391419,0.409965190258,0.0295559070003,0.15267655589,0.337983415142,0.0
0.000201218169112,0.000204314490856,0.000203903789412,0.0700873276447,0.0157577132158,0.385058277722,0.0325601337254,0.178586624482,0.317340486761,0.0
0.000189801208935,0.000192745448448,0.000192130188463,0.0983886105301,0.019707330879,0.363453098855,0.0329642824933,0.185781628035,0.299130372362,0.0
0.000177521942859,0.000180310059869,0.000179399670613,0.142328903178,0.0252878405368,0.340280107269,0.031685162464,0.180518271009,0.279362483869,0.0
0.000162413133573,0.000165011635303,0.000163722609849,0.203750712013,0.0322264852748,0.312386499792,0.0292021825144,0.166966411683,0.254976561345,0.0
0.000143750733844,0.000146118175065,0.000144363057563,0.280747898433,0.0398892411964,0.280597321175,0.0258105128081,0.147700444708,0.224820349713,0.0
0.000122195303802,0.000124301865922,0.000122063434533,0.360533189069,0.0467177658905,0.255746539345,0.0218163790914,0.124862036575,0.189955529424,0.0
0.000100070143201,0.000101891001662,9.9723822115e-05,0.401797678316,0.0487821099979,0.275402814155,0.0177388585245,0.101526999036,0.154449855004,0.0
7.94454254555e-05,8.09255995713e-05,7.97963466906e-05,0.364071880968,0.0429065517786,0.376149399848,0.0140389644291,0.0803512192035,0.122241816402,0.0
5.83337801519e-05,5.94244309778e-05,5.89766456015e-05,0.278156011494,0.0324299559797,0.530193625419,0.0103038685491,0.0589737433435,0.0897660603584,0.0
3.84757550152e-05,3.91953236578e-05,3.89895859193e-05,0.185288074501,0.0215311654964,0.6872491996,0.00679712765966,0.0389026497441,0.0601151223346,0.0
2.60489550799e-05,2.6536126736e-05,2.64097614766e-05,0.125670255166,0.0145929851925,0.774549980496,0.00460564964673,0.026355920169,0.0541462144864,0.0
2.20036525576e-05,2.24151688269e-05,2.23098523506e-05,0.106185853925,0.0123288601512,0.772122478363,0.00389488237962,0.0222825996236,0.0831185968834,0.0
1.918067921e-05,1.95394000874e-05,1.94481324445e-05,0.0925909759423,0.0107489899366,0.735943464477,0.00340323597036,0.0194606867753,0.137794478687,0.0
1.64195219905e-05,1.67266038372e-05,1.66487247102e-05,0.0793201983705,0.00920548355234,0.664435973048,0.00294062109115,0.0167968340579,0.227251095029,0.0
1.36515266634e-05,1.39068435853e-05,1.3842176609e-05,0.0661970208818,0.00767045719245,0.567055346071,0.00263803153097,0.0151136598356,0.341284083941,0.0
1.27165149647e-05,1.29543520271e-05,1.28940745961e-05,0.0623013651307,0.00718946533618,0.530018122971,0.00330972934147,0.0203859186811,0.376756833598,0.0
1.22373888524e-05,1.24662730496e-05,1.24082106132e-05,0.0606586585978,0.00696797478929,0.510686539896,0.0044016252247,0.0300110485214,0.387237041098,0.0
1.18267625672e-05,1.2047977498e-05,1.19917848533e-05,0.0594990777723,0.00679576912858,0.493991201682,0.00589667428961,0.0449508564153,0.388830554188,0.0
1.13909017101e-05,1.16039815852e-05,1.15497291698e-05,0.0585733290104,0.00663468341873,0.476170622265,0.00786487748249,0.067310606955,0.383411336256,0.0
1.08712912347e-05,1.10746869366e-05,1.10226314963e-05,0.0581274304634,0.00648935565316,0.45484346816,0.0103300705542,0.0992015467881,0.370975159772,0.0
1.02396597206e-05,1.0431333769e-05,1.03815159766e-05,0.0596350371791,0.00645720141835,0.428864055075,0.0131015552773,0.140091631226,0.351819467315,0.0
9.56198805169e-06,9.74128004513e-06,9.69209345903e-06,0.0679573326776,0.00688468098235,0.400957987597,0.0154217591406,0.179432047907,0.329317196334,0.0
8.98023682169e-06,9.14938375921e-06,9.09601669088e-06,0.0901171703112,0.00821429780484,0.376912844061,0.0163484747134,0.199084030893,0.309295956579,0.0
8.43618949042e-06,8.59636453716e-06,8.53386649323e-06,0.128679532696,0.0104024180359,0.354359677239,0.0161281377354,0.200142122088,0.290262545785,0.0
7.80373421941e-06,7.95372404249e-06,7.87837628811e-06,0.185590868225,0.013300971367,0.328401388277,0.0151675884466,0.189507817997,0.268007729854,0.0
7.01448489563e-06,7.15189224665e-06,7.06023671473e-06,0.261032153482,0.0166948126721,0.297341584069,0.013664911383,0.17105509326,0.24019021852,0.0
6.06733216246e-06,6.18992507187e-06,6.07901440168e-06,0.347864596827,0.0201019752143,0.266027455675,0.0117751361247,0.1474529319,0.206759567987,0.0
5.03452836407e-06,5.141017503e-06,5.01981920479e-06,0.418003004898,0.0222924158358,0.258113275852,0.00970321065552,0.12151358363,0.170359313764,0.0
4.0567001482e-06,4.14551304812e-06,4.0609415318e-06,0.414134030411,0.0211225364303,0.322992806332,0.00777780525684,0.0974023172264,0.136558241189,0.0
3.10218567884e-06,3.17063093195e-06,3.13207360244e-06,0.339180193847,0.0170077455275,0.459139436611,0.00594090748626,0.0743988325489,0.104323479089,0.0
2.14263621067e-06,2.18994626794e-06,2.1717212049e-06,0.238619717738,0.011897944593,0.621708349712,0.00410313893992,0.0513841864833,0.0722801582302,0.0
1.3726169834e-06,1.40292628701e-06,1.39275643214e-06,0.15349661594,0.00764189208955,0.75224667847,0.00262979886963,0.0329311966904,0.0510496496412,0.0
1.08322603105e-06,1.1071452313e-06,1.09926988397e-06,0.121197373045,0.00603255604642,0.776636943546,0.00207748594902,0.0260089466236,0.0680434051483,0.0
9.3739718662e-07,9.58096292375e-07,9.51318498434e-07,0.10491051957,0.0052212563127,0.75524848777,0.00180074851801,0.0225362966551,0.110279844362,0.0
8.11693688951e-07,8.29617099149e-07,8.23764702087e-07,0.0908840905527,0.00452228314886,0.700082646593,0.00156662439286,0.0195914116598,0.183350478577,0.0
6.80142592115e-07,6.95161223084e-07,6.90264453073e-07,0.0762868781863,0.0037931625141,0.609584999521,0.00135076405331,0.0168724408142,0.292109689343,0.0
5.93585432993e-07,6.06693021454e-07,6.02419285114e-07,0.0671496295781,0.00332726225624,0.537711254609,0.00145964066068,0.0188507857035,0.371499624495,0.0
5.68945907516e-07,5.81509754465e-07,5.77411113293e-07,0.0650658722833,0.00321025833562,0.516152024024,0.00192807966673,0.0274309347241,0.3862111031,0.0
5.49828039981e-07,5.61970153568e-07,5.58006144398e-07,0.0637147620874,0.00312754565114,0.499276619215,0.00258174104233,0.0409910773504,0.39030658485,0.0
5.30588100048e-07,5.42305986068e-07,5.38475886321e-07,0.0626265871597,0.00305257752007,0.482189783401,0.00345266271244,0.0615277532747,0.387149024562,0.0
5.08185755854e-07,5.19410119021e-07,5.15732394283e-07,0.0618520767499,0.00298028597328,0.462206347954,0.00456547224495,0.0914157073458,0.376978566404,0.0
4.80634981607e-07,4.91253843229e-07,4.87751328011e-07,0.0623259458693,0.00293460308016,0.437565494209,0.00587723871095,0.131605441712,0.359689816779,0.0
4.49049204133e-07,4.58979650605e-07,4.55626621849e-07,0.0677353128372,0.00302746188974,0.409281407719,0.00712990213324,0.17557285936,0.337251692405,0.0
4.20202770575e-07,4.29522575015e-07,4.26133657764e-07,0.0857974916798,0.00348487051648,0.383386181621,0.00780384331449,0.203754447216,0.315771889793,0.0
3.95023481905e-07,4.03836292578e-07,4.00154426177e-07,0.120745520595,0.00435685653447,0.36067938769,0.00783382228902,0.209757294382,0.296625919495,0.0
3.67275782326e-07,3.75545443854e-07,3.71389870733e-07,0.174277028704,0.00556698446037,0.335775515833,0.00745741787013,0.201570639942,0.275351298979,0.0
3.32848325564e-07,3.40450733177e-07,3.35676942574e-07,0.247393525247,0.00703056327956,0.305746111672,0.00679339676503,0.184140414519,0.248894979541,0.0
2.90811462068e-07,2.97610721792e-07,2.92078073601e-07,0.335395821486,0.00857296678764,0.272992068825,0.00592040724812,0.160572734023,0.21654512113,0.0
2.43608934712e-07,2.49520153153e-07,2.4337784746e-07,0.417264655458,0.00977159817019,0.254162780892,0.00492796417968,0.13366748242,0.180204782373,0.0
1.9752119468e-07,2.02493203264e-07,1.97502615943e-07,0.437300810317,0.00969510161111,0.296157041536,0.0039702590107,0.107691558733,0.145184631276,0.0
1.5413579932e-07,1.58059580997e-07,1.55531844687e-07,0.374685982437,0.00812568166062,0.417130645217,0.0030922771089,0.0838769084535,0.113088037395,0.0
1.09710950791e-07,1.12507496959e-07,1.11283029777e-07,0.273835828335,0.00589337554284,0.577799095515,0.00220063216629,0.0596914543284,0.0805792806111,0.0
7.07014185396e-08,7.25037740118e-08,7.18300598272e-08,0.177584690809,0.00381338891282,0.72463925567,0.00141855289692,0.0384766536809,0.0540672429958,0.0
5.17353690379e-08,5.30542384605e-08,5.25748934117e-08,0.130067670686,0.00279196455021,0.777374506261,0.00103903114089,0.0281768150864,0.0605498549113,0.0
4.43819881259e-08,4.55134015785e-08,4.51043918493e-08,0.111611414163,0.00239550793955,0.764792119173,0.000892557975507,0.0241972609576,0.0961110047914,0.0
3.86040645928e-08,3.95881844581e-08,3.92333406249e-08,0.0971166136395,0.00208407901461,0.71903178299,0.000778919029029,0.0211038660884,0.159884621813,0.0
3.26858220971e-08,3.3519072327e-08,3.32190473822e-08,0.0823191167248,0.00176570031279,0.637133594697,0.000670257603109,0.0181358782457,0.259975352993,0.0
2.75584448257e-08,2.82609935397e-08,2.80081120146e-08,0.069831007495,0.00149407787421,0.546932939295,0.000649554530173,0.0178196120182,0.363272724959,0.0
2.62372110026e-08,2.69060927478e-08,2.66652384046e-08,0.0671809253511,0.00143145805069,0.521683700127,0.000848343523363,0.0254637308303,0.383391762309,0.0
2.53272506727e-08,2.59729527238e-08,2.57403239664e-08,0.0656519885779,0.00139220659748,0.504107067953,0.00113394200948,0.0378797366561,0.389834981166,0.0
2.44613667694e-08,2.50850199452e-08,2.48601548335e-08,0.0644588927936,0.00135829229789,0.48727079344,0.00151826197489,0.0568559348807,0.388537750206,0.0
2.34822001362e-08,2.4080935107e-08,2.38647253654e-08,0.0635160886434,0.00132527814869,0.468138645032,0.00201564633919,0.0848157412011,0.380188529208,0.0
2.22819084907e-08,2.28501447611e-08,2.26441542124e-08,0.063436677297,0.00129889252068,0.444612919123,0.00261821571572,0.123440924002,0.364592303565,0.0
2.08571351377e-08,2.13893539854e-08,2.11938705229e-08,0.0670024973338,0.00131493339706,0.416646613331,0.00323855029109,0.16891677435,0.342880567857,0.0
1.94716921863e-08,1.9969546833e-08,1.97781041568e-08,0.0815000534088,0.00146807648918,0.389405650809,0.0036422572191,0.203515922288,0.320467980566,0.0
1.83013500369e-08,1.87713677922e-08,1.85714602634e-08,0.11281691283,0.00181020462813,0.366282460733,0.0037171304411,0.214322612724,0.301050622999,0.0
1.70798384996e-08,1.75216727955e-08,1.73042767844e-08,0.162601138337,0.00230845852837,0.342181959758,0.00357730978622,0.208766065974,0.280565015711,0.0
1.55838265296e-08,1.59915020844e-08,1.57503703252e-08,0.23233017613,0.00292827211308,0.313268516939,0.0032908028149,0.192784495837,0.255397688839,0.0
1.37354905653e-08,1.41014065973e-08,1.38305733565e-08,0.319082695859,0.00360505341048,0.280303648128,0.00289679446918,0.169851534266,0.2242602322,0.0
1.16110524825e-08,1.19297614465e-08,1.16301181103e-08,0.406957163929,0.00418976594832,0.255201210115,0.00243488568421,0.142787659598,0.188429279555,0.0
9.46435711182e-09,9.73352711708e-09,9.46456049611e-09,0.446850164883,0.0043171292576,0.278761864246,0.00197089226496,0.115579891433,0.152520029253,0.0
7.48326823929e-09,7.69919663717e-09,7.54863424361e-09,0.398725050665,0.0037474939587,0.384575211757,0.00155400891646,0.0911327093315,0.120265502641,0.0
5.45696276544e-09,5.61473949085e-09,5.54008976853e-09,0.301305159405,0.00280422065296,0.540603375996,0.00113281713728,0.0664326379068,0.0877217722901,0.0
3.57720468347e-09,3.6806479399e-09,3.63959118533e-09,0.199263561905,0.00184898821542,0.696022458496,0.000742713666403,0.0435549172986,0.0585673495207,0.0
2.45371358784e-09,2.52466905022e-09,2.49759669526e-09,0.13689381057,0.00126946640972,0.776425395182,0.000509893828477,0.0298967273704,0.0550046991641,0.0
2.08158094193e-09,2.1417752732e-09,2.11893581003e-09,0.116165481817,0.00107711356356,0.771745129591,0.000433073149782,0.0253855261592,0.0851936693777,0.0
1.81476203905e-09,1.86724064229e-09,1.84737799854e-09,0.101306558676,0.000939213000078,0.733752213318,0.000378507270543,0.0221760640481,0.141447438158,0.0
1.5508316809e-09,1.59567811446e-09,1.57872713974e-09,0.0866401007476,0.000802974445162,0.660254609035,0.00032678868655,0.019123895228,0.232851627132,0.0
1.29058781299e-09,1.32790889082e-09,1.31380965484e-09,0.0723956879672,0.000669822063218,0.563167818934,0.000296165531035,0.0174046125646,0.346065889008,0.0
1.20846110508e-09,1.24340793737e-09,1.23020201242e-09,0.068486690227,0.000631074980347,0.528908939915,0.00037542078413,0.0238081650168,0.377789705395,0.0
1.16324023482e-09,1.19688014851e-09,1.18416298486e-09,0.066701642652,0.000611812524858,0.509732969556,0.000499693416935,0.0351061183203,0.387347759985,0.0
1.12336528561e-09,1.15585313724e-09,1.14356417171e-09,0.0653999941156,0.00059636945386,0.492695690557,0.00066906144691,0.0525663482039,0.3880725328,0.0
1.08006789563e-09,1.11130538747e-09,1.09947668726e-09,0.0643468455132,0.000581643440739,0.474094389174,0.000890685707824,0.0785469427353,0.381539490138,0.0
1.02773483123e-09,1.05746263681e-09,1.04617693809e-09,0.0639228765611,0.0005686457671,0.451528889357,0.00116468816135,0.115136726101,0.367678170921,0.0
9.64444456613e-10,9.92352623059e-10,9.81670554486e-10,0.0662051471397,0.000568598113495,0.424188749674,0.00146206983065,0.160475103387,0.347100328916,0.0
8.99271494875e-10,9.25329412964e-10,9.15052212747e-10,0.0775779035258,0.000617728613465,0.395999255538,0.00168556917902,0.199895175164,0.32422436524,0.0
8.44446237806e-10,8.68999259106e-10,8.58554451402e-10,0.105243476972,0.000749338408678,0.37218182785,0.00175092241887,0.215691643889,0.304382787889,0.0
7.90330349605e-10,8.13443750988e-10,8.0237324863e-10,0.151145590836,0.000952252109367,0.348648840035,0.0017035010669,0.213018059004,0.284531754543,0.0
7.25366662413e-10,7.46771706967e-10,7.34794236556e-10,0.216984369,0.00121172186233,0.320825926185,0.00158179923646,0.198795823595,0.260600357913,0.0
6.44499509587e-10,6.63794920989e-10,6.50667730905e-10,0.301221297906,0.0015036203999,0.288223654471,0.00140565506826,0.176878214896,0.2307675553,0.0
5.49664743959e-10,5.66521771847e-10,5.52157394619e-10,0.391789733006,0.00177421655063,0.259366023322,0.00119295550075,0.150145309332,0.19573176062,0.0
4.50611852353e-10,4.64886194602e-10,4.51152925001e-10,0.447431046446,0.00188681341423,0.268184961924,0.000971016838216,0.122215362591,0.15931079742,0.0
3.59326576862e-10,3.70906768747e-10,3.62414004477e-10,0.415185565882,0.0016927490486,0.358681284458,0.000771441968891,0.0970966072476,0.126572350303,0.0
2.67253801741e-10,2.7589128266e-10,2.7156208134e-10,0.323443629823,0.0013026580294,0.508388497199,0.000573436070105,0.072175001623,0.0941167764408,0.0
1.78572296092e-10,1.84345000855e-10,1.81954301471e-10,0.218682003955,0.000877345460956,0.668365659684,0.000383185880208,0.0482290525267,0.0634627519488,0.0
1.17471999744e-10,1.21269568458e-10,1.19774731382e-10,0.144197066816,0.000577985933212,0.771477785955,0.000252258844646,0.0317461801156,0.0517487219768,0.0
9.78560907474e-11,1.01019529991e-10,9.97820150407e-11,0.1201576229,0.000481561760976,0.775486643776,0.000210364119741,0.0264671138109,0.0771966933338,0.0
8.52506081373e-11,8.80065456602e-11,8.69311040292e-11,0.104709065161,0.000419596370593,0.744196905326,0.000183642796679,0.0230952678938,0.127395522192,0.0
7.33411008367e-11,7.5712036546e-11,7.47880670848e-11,0.0901354978067,0.000361103017982,0.678250637654,0.000159134248255,0.0199934777965,0.211100149252,0.0
6.09992816967e-11,6.29712466042e-11,6.22032328708e-11,0.0751797837006,0.000300830731678,0.581458921201,0.000139710826926,0.0175617533462,0.325359000007,0.0
5.57091603064e-11,5.75101384754e-11,5.6808593533e-11,0.0693447296904,0.000276377917557,0.533743823999,0.000168397410495,0.0224617799486,0.374004890864,0.0
5.34992672918e-11,5.52288388501e-11,5.45548882122e-11,0.0673550546858,0.000267253542665,0.513266039959,0.000223293628134,0.0328907838318,0.385997574189,0.0
5.16614110697e-11,5.33316133278e-11,5.26804870236e-11,0.0659801338689,0.000260349448974,0.496094114983,0.000298911159432,0.0491660847141,0.388200405667,0.0
4.97277576255e-11,5.13355195113e-11,5.07082194576e-11,0.064864594521,0.000253896563532,0.477920844041,0.000398614922708,0.0735552495695,0.38300680023,0.0
4.74209955916e-11,4.89543285922e-11,4.83549620035e-11,0.0642426048532,0.000247932050457,0.456153392329,0.000523533957775,0.108349946623,0.370482590041,0.0
4.46047198143e-11,4.60474030238e-11,4.54802687578e-11,0.0657332713263,0.000246113930455,0.429520925542,0.000663735917894,0.152902986999,0.350932966148,0.0
4.15799039851e-11,4.29260934516e-11,4.2385684357e-11,0.0748647952843,0.000262035802652,0.400883700576,0.000779621195767,0.195297826182,0.327912020832,0.0
3.89973629654e-11,4.02633596326e-11,3.97244129848e-11,0.0995593929555,0.000312900334364,0.376341831379,0.000822786579104,0.215417418012,0.30754567062,0.0
3.65614933449e-11,3.77541400491e-11,3.71935278489e-11,0.142311970514,0.000395983327439,0.353134037707,0.000807939304743,0.215321326173,0.288028742863,0.0
3.37010022538e-11,3.48085914391e-11,3.42132056751e-11,0.204855515619,0.000504770847491,0.326191613439,0.000755916196351,0.202705623154,0.264986560641,0.0
3.01305247985e-11,3.11326442449e-11,3.04925396744e-11,0.286582174848,0.000629972325134,0.294139880404,0.000676826346779,0.181791665534,0.23617948045,0.0
2.58830968532e-11,2.67612779929e-11,2.60701728143e-11,0.378013245204,0.000751459377273,0.263246607139,0.00057895832607,0.155550610825,0.20185911905,0.0
2.13373548351e-11,2.20826000017e-11,2.139961554e-11,0.444419041679,0.000818036427194,0.261732975885,0.000473916748182,0.127333624292,0.165222404903,0.0
1.7110765795e-11,1.77198607137e-11,1.72596459905e-11,0.426875162765,0.000755282889674,0.338443383407,0.000378321110245,0.101649175152,0.131898674624,0.0
1.29256072889e-11,1.33874303558e-11,1.31455160961e-11,0.341466029755,0.000595393608998,0.481357468734,0.000285543892881,0.0767215210004,0.0995740429697,0.0
8.7908494853e-12,9.10504500748e-12,8.97061055309e-12,0.235741451184,0.000409106696138,0.643412527057,0.000194204695393,0.0521798867029,0.0680628236379,0.0
5.66660699781e-12,5.86914256131e-12,5.78754424535e-12,0.152450470924,0.000264240337365,0.762909006742,0.000125258332314,0.0336520035083,0.050599020139,0.0
4.60153199457e-12,4.76599987005e-12,4.70022406296e-12,0.123846358389,0.000214624678558,0.776852771085,0.00010182150023,0.0273488558485,0.0716355684848,0.0
3.99689821808e-12,4.13975535774e-12,4.08276555733e-12,0.107602933653,0.000186452709183,0.75115998988,8.86010783299e-05,0.0237887340048,0.117173288663,0.0
3.45295406177e-12,3.57636965339e-12,3.52720062485e-12,0.0930064808318,0.000161124912873,0.691413801952,7.69735320666e-05,0.0206493494553,0.194692269305,0.0
2.88229857163e-12,2.98531811944e-12,2.94430204015e-12,0.0778003395827,0.000134661601942,0.597647200309,6.66979092014e-05,0.017878956408,0.30647214418,0.0
2.56527297717e-12,2.65696266834e-12,2.62045449573e-12,0.0698882755338,0.000120513928808,0.536134825154,7.57956502643e-05,0.0212352889122,0.372545300814,0.0
2.46068749683e-12,2.54864059591e-12,2.51361050946e-12,0.0677842773973,0.000116379081825,0.515008429203,0.000100290645305,0.0309842565123,0.386006367153,0.0
2.37676036265e-12,2.46171565272e-12,2.42786618525e-12,0.0663743636842,0.000113355387304,0.497908714828,0.000134261049372,0.0462988366277,0.389170468417,0.0
2.290264382e-12,2.37213107486e-12,2.33949066555e-12,0.0652271071089,0.000110563157779,0.480179284253,0.000179281944061,0.0693675717875,0.384936191742,0.0
2.18804977838e-12,2.26626889617e-12,2.23503846385e-12,0.0644799013202,0.000107907494808,0.45913900013,0.000236219627565,0.102593838616,0.373443132804,0.0
2.06249649942e-12,2.13624333458e-12,2.10667578948e-12,0.0654318276409,0.000106612205797,0.433233235582,0.00030164220058,0.146150311066,0.354776371299,0.0
1.92323591601e-12,1.99205509328e-12,1.96403656016e-12,0.0728738134893,0.000111766787165,0.404466852798,0.00035953028594,0.190415060143,0.331772976492,0.0
1.80150676462e-12,1.86611106693e-12,1.83855560957e-12,0.095038782985,0.000131460567098,0.379241399398,0.000384995213641,0.214358987629,0.310844374202,0.0
1.69081672224e-12,1.75169928072e-12,1.72344973792e-12,0.135114682115,0.000165608977586,0.356219584427,0.000381203492459,0.216648924892,0.291469996091,0.0
1.56378884887e-12,1.62045761781e-12,1.59088862162e-12,0.194789058784,0.000211311238843,0.330023602991,0.000358985874763,0.205524592794,0.269092448313,0.0
1.40527680837e-12,1.4567181335e-12,1.42541743084e-12,0.274126646458,0.000264915392863,0.298589352476,0.00032348949112,0.185577187599,0.241118408579,0.0
1.21465776923e-12,1.25987767031e-12,1.22652178286e-12,0.365576393478,0.00031871792584,0.266514281632,0.000278595945813,0.159884763017,0.207427247997,0.0
1.00676627968e-12,1.04522809203e-12,1.01167278794e-12,0.43978789618,0.000353443589458,0.257289614083,0.000229326767625,0.131616319871,0.170723399506,0.0
8.10863930524e-13,8.42473265405e-13,8.18121788738e-13,0.436146869652,0.000335079306959,0.321106505831,0.000183728700796,0.10544714994,0.136780666567,0.0
6.20702100762e-13,6.45010597365e-13,6.31790245917e-13,0.35764948831,0.000270126793518,0.456720265802,0.000140476540962,0.0806236987457,0.104595943806,0.0
4.29370670656e-13,4.46193711926e-13,4.38798616404e-13,0.252032051001,0.00018927971839,0.619350289923,9.71701779178e-05,0.0557688746622,0.0725623345157,0.0
2.74817738259e-13,2.85585609335e-13,2.81166611496e-13,0.161990171912,0.000121468596626,0.751211251919,6.22218765e-05,0.0357087760883,0.0509061096067,0.0
2.15872831894e-13,2.24331143083e-13,2.20891532825e-13,0.127312859746,9.54446019117e-05,0.777294258509,4.89260235837e-05,0.0280719139134,0.0671765972056,0.0
1.8674074389e-13,1.94057607608e-13,1.91089798174e-13,0.110162295666,8.2577282343e-05,0.756651654381,4.23914260617e-05,0.0243140261193,0.108747055125,0.0
1.61805865096e-13,1.68145736377e-13,1.65577570002e-13,0.0954952892295,7.1569206019e-05,0.702369851663,3.68980555788e-05,0.0211475570222,0.180878834824,0.0
1.35719947844e-13,1.41037734378e-13,1.38885065615e-13,0.080231854495,6.00881431492e-05,0.612582741864,3.17958484044e-05,0.0182010872164,0.288892432433,0.0
1.17959065353e-13,1.22580998393e-13,1.2071004295e-13,0.070312341583,5.24818375802e-05,0.538469530781,3.39740625159e-05,0.0200605784335,0.371071093302,0.0
1.13009098783e-13,1.17437149676e-13,1.15644250359e-13,0.0680914602629,5.06091156295e-05,0.516642964287,4.48500414507e-05,0.0291609195332,0.38600919676,0.0
1.09176500563e-13,1.13454466447e-13,1.11721758653e-13,0.0666496405291,4.9286130957e-05,0.499592192055,6.0039995383e-05,0.0435550674592,0.39009377383,0.0
1.05307878003e-13,1.09434388382e-13,1.07762119912e-13,0.0654788135471,4.80811500395e-05,0.482275257663,8.02659582709e-05,0.0653410326422,0.386776549039,0.0
1.00784199784e-13,1.04733698803e-13,1.03131377683e-13,0.0646352138702,4.6912869963e-05,0.461936541035,0.000106057599192,0.0969857360736,0.376289538552,0.0
9.5208471606e-14,9.89400964016e-14,9.74214355226e-14,0.065150195183,4.6181517767e-05,0.436802783494,0.000136292934415,0.139313243381,0.35855130349,0.0
8.88490242483e-14,9.23333851665e-14,9.08991791057e-14,0.0711054583063,4.77555643199e-05,0.408102545979,0.000164650763218,0.184838275733,0.335741313654,0.0
8.31141924925e-14,8.63793919837e-14,8.49849783018e-14,0.0907451869301,5.52494848454e-05,0.382152666212,0.000179065016864,0.212646337788,0.314221494567,0.0
7.80657011725e-14,8.1143230152e-14,7.97311276131e-14,0.128121363567,6.92052828419e-05,0.359207444722,0.000178892832107,0.217529224681,0.294893868916,0.0
7.24270226931e-14,7.52979577407e-14,7.38375454203e-14,0.184849913311,8.8339528176e-05,0.333729279644,0.000169597178629,0.208022040028,0.27314083031,0.0
6.54107779966e-14,6.80260552542e-14,6.65000606545e-14,0.261558298443,0.000111207094762,0.303017810691,0.000153819048825,0.189142118722,0.246016746,0.0
5.68895444218e-14,5.91970049358e-14,5.75906884309e-14,0.352378895172,0.000134854509283,0.270229804228,0.00013338396867,0.164097312064,0.213025750058,0.0
4.74302650527e-14,4.93985475977e-14,4.77661618159e-14,0.432862544519,0.000152080882702,0.254551423181,0.000110472872072,0.135920360153,0.176403118393,0.0
3.83488552905e-14,3.9974001991e-14,3.87041685257e-14,0.443694071472,0.000148148876789,0.305052418693,8.87868452091e-05,0.10923988556,0.141776688552,0.0
2.97161145888e-14,3.09826646059e-14,3.02678965537e-14,0.373443495574,0.000122238158254,0.43215263171,6.86908806627e-05,0.0845148080732,0.109698135604,0.0
2.09191268519e-14,2.18112915127e-14,2.14090327585e-14,0.268990767972,8.74528824469e-05,0.594039353699,4.83502039163e-05,0.0594884314181,0.0773456438252,0.0
1.34151807374e-14,1.39873395534e-14,1.37487230161e-14,0.173431359767,5.62759400346e-05,0.735877969398,3.10168563078e-05,0.0381605412233,0.0524428368153,0.0
1.01008818288e-14,1.05316863093e-14,1.03541547483e-14,0.130680970728,4.23911077262e-05,0.777578214239,2.33772606136e-05,0.0287552289381,0.0629198177274,0.0
8.69535454676e-15,9.0662131993e-15,8.91378847463e-15,0.112527750226,3.64981439116e-05,0.761960866774,2.01533682747e-05,0.0247816533326,0.100673078155,0.0
7.55380319675e-15,7.8759746326e-15,7.7437327617e-15,0.0977930922576,3.17136356546e-05,0.713052627289,1.75724583286e-05,0.0215940125334,0.167510981826,0.0
6.37272786941e-15,6.64452663874e-15,6.53303892416e-15,0.082608244934,2.67747613347e-05,0.6280460597,1.51171687059e-05,0.0185519578245,0.270751845612,0.0
5.42459865158e-15,5.6559615277e-15,5.56107058375e-15,0.0708081146592,2.28848673073e-05,0.542891347118,1.5162805123e-05,0.0189723692279,0.367290121323,0.0
5.18139097053e-15,5.40238398813e-15,5.31172750864e-15,0.0683491267071,2.19985988694e-05,0.519414453878,1.99147707678e-05,0.0273513188488,0.384843187197,0.0
5.00404247416e-15,5.21747518304e-15,5.12989527546e-15,0.0668434554737,2.14091767407e-05,0.502127622355,2.66417195444e-05,0.0407737345951,0.39020713668,0.0
4.83046697835e-15,5.03650191092e-15,4.95191983114e-15,0.0656405637343,2.08859905234e-05,0.485100247732,3.56507957625e-05,0.0611998179609,0.388002833787,0.0
4.63083992003e-15,4.82837021536e-15,4.74720800765e-15,0.0647120311413,2.03745006255e-05,0.46542562307,4.72366047388e-05,0.0911163117584,0.378678422925,0.0
4.38496051122e-15,4.57202683642e-15,4.4949839708e-15,0.0648434725475,1.99963162024e-05,0.441122957729,6.10808306098e-05,0.13189647821,0.362056014367,0.0
4.09744041599e-15,4.27231565771e-15,4.1996947318e-15,0.0693987201941,2.04120990457e-05,0.412667534949,7.47917022784e-05,0.178142803154,0.339695737902,0.0
3.82760972768e-15,3.99119588355e-15,3.92129518608e-15,0.0863128540184,2.31616276974e-05,0.38590699893,8.28088977822e-05,0.210091512148,0.317582664378,0.0
3.59658883625e-15,3.75075328562e-15,3.68075428834e-15,0.120700447043,2.87855746247e-05,0.362884608001,8.36240546132e-05,0.218086683486,0.298215851841,0.0
3.34729858261e-15,3.49145470263e-15,3.41980975299e-15,0.174128286339,3.67321882418e-05,0.338123813812,7.9886877297e-05,0.210507196043,0.277124084742,0.0
3.03910645106e-15,3.17095711412e-15,3.0969246624e-15,0.247710571197,4.64265638257e-05,0.30827843404,7.29790416455e-05,0.192909415271,0.250982173887,0.0
2.6611525815e-15,2.77801866701e-15,2.70098780209e-15,0.337165671262,5.67460517696e-05,0.275166432632,6.37660868249e-05,0.168670195481,0.218877188487,0.0
2.23380353621e-15,2.33387760881e-15,2.25522936417e-15,0.422674047675,6.50397131479e-05,0.253933110222,5.31964834336e-05,0.140726284163,0.182548321744,0.0
1.81317069579e-15,1.89614920267e-15,1.83079648169e-15,0.449013506328,6.52329442926e-05,0.290204238969,4.2895000833e-05,0.113476042108,0.14719808465,0.0
1.42096401533e-15,1.4864601173e-15,1.44802580417e-15,0.389112803558,5.5218241722e-05,0.406940370764,3.35442886591e-05,0.0887395645464,0.115118498602,0.0
1.01895511303e-15,1.06596283156e-15,1.04420131703e-15,0.287175111048,4.04194608448e-05,0.566528526962,2.40488160401e-05,0.0636199282527,0.0826119654603,0.0
6.59461181318e-16,6.89886201166e-16,6.77000852795e-16,0.187155203084,2.62778406132e-05,0.716438841879,1.55678936124e-05,0.0411830983219,0.05518101098,0.0
4.72448589608e-16,4.94245631185e-16,4.85163230122e-16,0.134227141638,1.88380697494e-05,0.777663937834,1.1163682874e-05,0.0295265470287,0.0585523717468,0.0
4.04195620229e-16,4.22843728899e-16,4.15094922999e-16,0.114867442964,1.61191340671e-05,0.76746346953,9.56324173793e-06,0.0252860968366,0.0923573082934,0.0
3.51960151996e-16,3.68198314624e-16,3.61459708201e-16,0.100057023673,1.40387419523e-05,0.72421972031,8.35235607695e-06,0.0220719905356,0.153628874383,0.0
2.98939389757e-16,3.12731383932e-16,3.0701196518e-16,0.0850670810372,1.19305761374e-05,0.644968269329,7.19320272036e-06,0.0189844625543,0.250961063301,0.0
2.5052862245e-16,2.62087192412e-16,2.57294942154e-16,0.0716757484443,1.0030145698e-05,0.55152070325,6.79546762172e-06,0.0181126649399,0.358674057752,0.0
2.37545780605e-16,2.48505504284e-16,2.4396074374e-16,0.0686682429765,9.56996841553e-06,0.524048320224,8.81353636376e-06,0.0256079851978,0.381657068097,0.0
2.29102512332e-16,2.39672853106e-16,2.352884954e-16,0.0670316402706,9.29799236141e-06,0.505966472429,1.17664601569e-05,0.0379935621436,0.388987260704,0.0
2.2123234256e-16,2.31439803512e-16,2.27204389319e-16,0.0657749047247,9.06752466992e-06,0.488995217343,1.57534981695e-05,0.0569773545015,0.388227702408,0.0
2.12418292163e-16,2.22219486761e-16,2.18149802933e-16,0.0647675827528,8.8437534566e-06,0.469892025057,2.09274642806e-05,0.0850136860116,0.380296934961,0.0
2.01638071355e-16,2.10942775161e-16,2.07072464064e-16,0.064571073306,8.6586248048e-06,0.446451351665,2.72247807826e-05,0.123913751575,0.365027940049,0.0
1.88773152507e-16,1.97486944616e-16,1.93840760926e-16,0.0678552614236,8.73546461909e-06,0.418434790417,3.37829539156e-05,0.170227782166,0.343439647575,0.0
1.76119761223e-16,1.84258154427e-16,1.80778639336e-16,0.0819093057778,9.69552173346e-06,0.390834977572,3.81716281245e-05,0.206385520464,0.320822329037,0.0
1.65473557971e-16,1.73138756865e-16,1.69691492331e-16,0.113014984667,1.19193184432e-05,0.367501799407,3.90602935783e-05,0.218145507643,0.301286728671,0.0
1.54467293044e-16,1.61651560165e-16,1.58155921398e-16,0.162808306455,1.51871729303e-05,0.343402813875,3.76441304633e-05,0.212873342143,0.280862706225,0.0
1.41020008012e-16,1.47620124444e-16,1.44042615626e-16,0.23277155006,1.92657629764e-05,0.314537161181,3.46652234273e-05,0.196810075494,0.255827282278,0.0
1.24383364237e-16,1.30264862716e-16,1.26582369958e-16,0.320084669849,2.3731877351e-05,0.281490518608,3.05419343944e-05,0.173559520203,0.224811017527,0.0
1.05214581113e-16,1.10275533175e-16,1.06516799991e-16,0.409095227534,2.76180558517e-05,0.25580579798,2.56911817794e-05,0.146015609913,0.189030055336,0.0
8.57821514128e-17,8.9995615094e-17,8.6688178749e-17,0.450936111636,2.85410165067e-05,0.277757557564,2.07999182874e-05,0.118218237363,0.153038752502,0.0
6.78755158276e-17,7.12390298663e-17,6.91861961385e-17,0.403711852051,2.48437955594e-05,0.382220535898,1.64109803285e-05,0.0932736084691,0.120752748806,0.0
4.95836627165e-17,5.20438123519e-17,5.08724003569e-17,0.305870221734,1.86352177844e-05,0.537758949393,1.19839291924e-05,0.0681121212314,0.0882280884943,0.0
3.2553625701e-17,3.41689652411e-17,3.34741245097e-17,0.20264065271,1.23081996339e-05,0.693687539143,7.86910642239e-06,0.0447244543867,0.0589271764548,0.0
2.22251904665e-17,2.3328029689e-17,2.28640259316e-17,0.138571983863,8.41132469883e-06,0.776295786407,5.37706395874e-06,0.0305558506246,0.0545625907168,0.0
1.88313600833e-17,1.97657940028e-17,1.93738296946e-17,0.117445446304,7.12806829881e-06,0.772341289231,4.56130100528e-06,0.0259131254819,0.0842884496137,0.0
1.64194768652e-17,1.72342306637e-17,1.68929239544e-17,0.102434483145,6.21619617864e-06,0.735014535131,3.98685343448e-06,0.0226386088873,0.139902169788,0.0
1.40425810323e-17,1.47393910746e-17,1.44477046312e-17,0.0876719002715,5.31862417797e-06,0.662275048899,3.44352694582e-06,0.0195312111312,0.230513077547,0.0
1.16813919959e-17,1.2261039525e-17,1.20184672586e-17,0.0732169398619,4.43447043591e-06,0.564985076684,3.10766580854e-06,0.0176906379329,0.344099803385,0.0
1.09146212943e-17,1.14562268505e-17,1.12295421933e-17,0.0691133144963,4.16891657204e-06,0.529562735265,3.92346197672e-06,0.0240638383751,0.377252019486,0.0
1.05026216723e-17,1.10237903036e-17,1.08056133423e-17,0.0672864322746,4.04018871398e-06,0.510198734128,5.21979710591e-06,0.0354512615268,0.387054312085,0.0
1.01412070972e-17,1.06444513118e-17,1.04337120303e-17,0.0659600168638,3.93749841393e-06,0.493081694334,6.98820678682e-06,0.0530638493353,0.387883513762,0.0
9.74950818514e-18,1.02333313715e-17,1.00306104058e-17,0.0648852899559,3.83966582696e-06,0.474427448896,9.30296904276e-06,0.0792767798206,0.381397338693,0.0
9.27622959106e-18,9.73660164256e-18,9.54344803789e-18,0.0644398621551,3.75303129114e-06,0.45180489253,1.21653461772e-05,0.116198254153,0.367541072785,0.0
8.70366522029e-18,9.13572282399e-18,8.95366067086e-18,0.0667139218516,3.75143183015e-06,0.424386131323,1.52722054523e-05,0.161950106576,0.346930816612,0.0
8.11403550199e-18,8.51715121775e-18,8.34453144854e-18,0.0781592554708,4.07451300701e-06,0.396114104903,1.76049175054e-05,0.201695840656,0.32400911954,0.0
7.61839957848e-18,7.99766266417e-18,7.82832916417e-18,0.106050912248,4.94247434405e-06,0.372245047319,1.82816539019e-05,0.217538781347,0.304142034958,0.0
