-1.0 -1.0 -1.0,-1.0 -1.0 -1.5,-1.0 -1.5 -1.0,-1.0 -1.5 -1.5,-1.5 -1.0 -1.0,-1.5 -1.0 -1.5,-1.5 -1.5 -1.0,-1.5 -1.5 -1.5,other
0.125,0.125,0.125,0.125,0.125,0.125,0.125,0.125,0.0
0.17670504212572538,0.11455373237540728,0.13315935985403518,0.1278290641899727,0.11118737796728495,0.11269199351820945,0.11203144677507122,0.11184198319429381,0.0
0.2364402497965063,0.1021363610612203,0.13864157769362298,0.1313785222418735,0.09637713851542297,0.0996663655244288,0.09778258314741002,0.09757720201951514,0.0
0.2978840445289309,0.0887575197528169,0.14105095723806824,0.1371054944165378,0.08162034499304971,0.08703584557262911,0.08331287298627361,0.08323292051169372,0.0
0.35394401851592444,0.07559002302777341,0.1405121433886232,0.14661383705900105,0.0679524820705766,0.07583722138360675,0.0697128452095301,0.0698374293449645,0.0
0.3997334429694301,0.06348705170610912,0.13746648262336833,0.16109872723140464,0.05597966007294072,0.06656188892064144,0.0576648269147953,0.058007919561310385,0.0
0.4335617391059731,0.052804986511887836,0.1323963322301852,0.18109898784160897,0.04581282516474663,0.05910134805276099,0.04734641067402468,0.047877370418812654,0.0
0.45594336475995245,0.043552992811023365,0.12570108392150114,0.20657240284458658,0.0372783012209392,0.053027141266284564,0.038628410595775264,0.03929630257993742,0.0
0.46834787892616453,0.0356026789508442,0.11771384642533683,0.23701197006287952,0.030129028955169272,0.04786580895553875,0.031289338687195356,0.0320394490368715,0.0
0.47252752653846214,0.02880926933959286,0.10875544215857574,0.2714958664806511,0.024145981338142882,0.04323553594791409,0.0251239804807254,0.025906397715935857,0.0
0.4702843018115307,0.02305066193883913,0.09916656189981758,0.30873852390597645,0.019160065810796757,0.03888523938632768,0.019970580198262814,0.020744065048449018,0.0
0.4633854949013686,0.018226371005406493,0.08930563613410464,0.3472131153883123,0.015041249315478464,0.03468903729432956,0.015702838727817095,0.016436257233183035,0.0
0.453482784868015,0.014244924506843861,0.07952137760766967,0.38534905584187434,0.011681204821898893,0.030620454419519227,0.012213927960515942,0.01288626997366318,0.0
0.4420149698832362,0.011013522123581431,0.07011695106249768,0.42174932816518057,0.00898040177401619,0.026716900666569822,0.00940425481637268,0.010003671508545626,0.0
0.4301274814252702,0.008434525067519705,0.061322167515136285,0.4553555031385079,0.006842432298133739,0.023043251217855814,0.007176229013180309,0.007698410324396111,0.0
0.4186400168088065,0.0064079488578476455,0.053282750124541776,0.4855164950482878,0.005174157572305292,0.01966278279524401,0.005434800462874337,0.005881048330092635,0.0
0.4080673665210975,0.004836798223752753,0.04606635240455544,0.5119638967422456,0.003888673569565233,0.01662000213315678,0.004090785792185342,0.004466124613441308,0.0
0.39867606532090216,0.003632223492194925,0.03967895865478848,0.5347292281392844,0.002908443858444063,0.013934920922502946,0.0030642971405501407,0.0033758624713329643,0.0
0.39055318446102544,0.0027168533862863705,0.03408432527237003,0.5540438306895343,0.0021671871203790996,0.011605135976995386,0.00228683506454568,0.0025426480288638378,0.0
0.38366963035516716,0.00202602319598809,0.029221398806190395,0.5702494443804231,0.0016102561832654577,0.009611554594350424,0.0017017831371801775,0.0019099093474352336,0.0
0.3779297411960148,0.0015073809141075345,0.025017539262161607,0.5837313369944449,0.0011938697740059671,0.00792473146228123,0.0012636847023901666,0.0014317156945938556,0.0
0.3732060552911721,0.0011195473314629604,0.02139740858334843,0.5948745815283811,0.0008837119341030959,0.006510237286991578,0.0009368410950488934,0.0010716169494917921,0.0
0.3693616286029673,0.0008303922801717733,0.018288332150427886,0.6040389209410704,0.000653321861817035,0.005332557039015388,0.0006936750147358532,0.0008011721097944908,0.0
0.36626321316723404,0.0006152903983652889,0.015623152629857119,0.6115466050696993,0.00048253996276643833,0.004357596649537351,0.0005131394757433895,0.0005984626467971647,0.0
0.3637882801192014,0.0004555469252007265,0.01334146033865103,0.6176784123755803,0.0003561418518115768,0.0035540975141579805,0.00037931290390875495,0.0004467479714883002,0.0
0.3618281505400952,0.00033706756798273417,0.011389851496703098,0.6226743888009789,0.00026270367247739824,0.0028942843492885772,0.0002802283531745695,0.00033332521929949695,0.0
0.3602887972244687,0.0002492801877838654,0.009721650091579125,0.6267370261016706,0.0001936933762079928,0.0023540188632308967,0.0002069334335674115,0.0002486007214914245,0.0
0.35909033552216746,0.00018428414480887244,0.008296365756073424,0.6300354859593535,0.00014276051802426646,0.0019126603779466482,0.00015275395913112524,0.00018535376249454875,0.0
0.35816583982616135,0.00013619152973342276,0.007079048670414364,0.632710068874095,0.00010519038645099332,0.0015527706548448916,0.00011272683387744109,0.00013816322442248516,0.0
0.35745987053159933,0.000100623478840996,0.006039631397015721,0.6348764992502862,7.748927660731915e-05,0.0012597511205230593,8.31683685637336e-05,0.00010296657656374853,0.0
0.35692693609264214,7.432850999234986e-05,0.005152304299934841,0.6366298211444739,5.707195911395212e-05,0.0010214660349827512,6.134838277467941e-05,7.672357608560437e-05,0.0
0.3565300152146247,5.4895166273965674e-05,0.004394945937833427,0.6380478272015556,4.2027526349868804e-05,0.0008278819715035891,4.524560810085215e-05,5.716137375805135e-05,0.0
0.3562392033734048,4.0536663716626804e-05,0.003748615662192521,0.6391940134396544,3.09446938761039e-05,0.0006707391258388426,3.336488490090339e-05,4.258215641560564e-05,0.0
0.3560305113038991,2.993004732230169e-05,0.003197108116459731,0.6401200884484405,2.2781858827095518e-05,0.000543260825119105,2.4600962763289768e-05,3.171843716880883e-05,0.0
0.35588482163979346,2.2096361226562876e-05,0.0027265656239270834,0.6408680817886683,1.6770667662885723e-05,0.0004399022233809575,1.813725553813936e-05,2.3624439802644914e-05,0.0
0.3557869977551574,1.6311544341961924e-05,0.00232514288910541,0.6414721016182158,1.2344573785916034e-05,0.0003561361970102649,1.3370709592431747e-05,1.759471279079258e-05,0.0
0.3557251324724431,1.2040269661501275e-05,0.001982718030797529,0.6419597909216352,9.085977885144203e-06,0.00028827297982257627,9.856123458681729e-06,1.3103224296193299e-05,0.0
0.35568992142852074,8.886875041424461e-06,0.001690644148416921,0.6423535281288907,6.687156939272102e-06,0.000233309508634718,7.264925115538267e-06,9.757828440679792e-06,0.0
0.3556741451331929,6.559002689105147e-06,0.0014415360796740375,0.6426714130452339,4.9214079780078545e-06,0.0001888044046066333,5.354677503687761e-06,7.266249121716318e-06,0.0
0.35567224423179966,4.8406751112502865e-06,0.0012290875658526638,0.6429280738058522,3.621749554449268e-06,0.0001527747538779528,3.946534791732466e-06,5.410683160099124e-06,0.0
0.35567997363798626,3.572370059265585e-06,0.0010479146112808647,0.6431353255121989,2.6652095549905526e-06,0.00012361122607127998,2.9085851262882453e-06,4.028847722203938e-06,0.0
0.3556941226829148,2.636282041124626e-06,0.0008934213629180117,0.6433027065494001,1.9612389823548565e-06,0.00010000849339493599,2.143548102135124e-06,2.999842246521826e-06,0.0
0.35571229001433957,1.9454245816990247e-06,0.0007616853257978784,0.643437914431004,1.4431712051616917e-06,8.090833619320292e-05,1.5796917235015405e-06,2.2336051549951197e-06,0.0
0.35573270354058034,1.4355749836231268e-06,0.000649359165009412,0.6435471593936897,1.0619279836570292e-06,6.545321606145075e-05,1.1641283284265872e-06,1.6630533633529247e-06,0.0
0.35575407717439517,1.059321793450048e-06,0.0005535867260794088,0.6436354508520463,7.81382346254126e-07,5.2948452508259415e-05,8.578676318377358e-07,1.2382231993097037e-06,0.0
0.3557754974514454,7.816671035486897e-07,0.00047193123710887564,0.6437068291809489,5.74942859157768e-07,4.283144948487205e-05,6.321671230332925e-07,9.219039262484015e-07,0.0
0.3557963342616869,5.767781899994555e-07,0.0004023139429518254,0.6437645530703876,4.230380164792863e-07,3.4646684576186876e-05,4.6584006574631164e-07,6.863841252245259e-07,0.0
0.35581617093937906,4.25588504468063e-07,0.000342961669401031,0.6438112508416912,3.112638219372276e-07,2.8025399438836343e-05,3.432701435423095e-07,5.110276199481841e-07,0.0
0.3558347498165827,3.14026187274945e-07,0.00029236202875656565,0.6438490425739795,2.2901989575637367e-07,2.2669119507495746e-05,2.529474487003741e-07,3.8046764201702456e-07,0.0
0.35585193006918286,2.3170611441696106e-07,0.00024922516182621904,0.6438796386180476,1.6850537908015932e-07,1.8336288731818082e-05,1.863890332993876e-07,2.8326168478065265e-07,0.0
0.35586765528862296,1.709642873346872e-07,0.0002124510693540415,0.6439044190295716,1.2397978840131e-07,1.4831435693892476e-05,1.3734308309156783e-07,2.1088959876246947e-07,0.0
0.35588192871250257,1.2614502322974895e-07,0.00018110172160665269,0.6439244975972085,9.121895052518889e-08,1.1996395073140301e-05,1.0120224113260908e-07,1.5700739430312898e-07,0.0
0.35589479445769423,9.307480113866447e-08,0.00015437725142232713,0.6439407734420627,6.711455795279677e-08,9.703196794436602e-06,7.457114536889845e-08,1.1689152189542724e-07,0.0
0.35590632343467105,6.867391112109933e-08,0.00013159563609449197,0.6439539725956313,4.9379449241958246e-08,7.848307551471043e-06,5.494766274855818e-08,8.702502865518182e-08,0.0
0.3559166028936029,5.0669830759206816e-08,0.0001121753593113629,0.6439646815007128,3.633071166230806e-08,6.347968507039892e-06,4.048794068809905e-08,6.478938288694793e-08,0.0
0.35592572877220335,3.738569174675448e-08,9.562061798875867e-05,0.6439733740046424,2.6730063514238416e-08,5.1344211713948785e-06,2.983324441187379e-08,4.823499454997511e-08,0.0
0.355933800191633,2.758417062584135e-08,8.150870192530734e-05,0.6439804331104951,1.9666393592072905e-08,4.152852704361409e-06,2.1982336840918844e-08,3.591034114766627e-08,0.0
0.3559409155877923,2.0352285887509893e-08,6.947922825617887e-05,0.6439861685063757,1.4469326223543038e-08,3.3589238019173235e-06,1.6197426232220435e-08,2.673473557215681e-08,0.0
0.3559471700777501,1.501638497484984e-08,5.922495895824387e-05,0.6439908306945852,1.064561860721374e-08,2.7167682568378003e-06,1.1934854243882236e-08,1.9903591754175054e-08,0.0
0.3559526537502086,1.107941125278276e-08,5.0483969265677645e-05,0.6439946223825158,7.832360234808224e-09,2.197374331839339e-06,8.794017706999826e-09,1.481788888114745e-08,0.0
0.3559574506394288,8.174612875525909e-09,4.303296873794545e-05,0.643997707668142,5.7625364224999565e-09,1.7772751597615062e-06,6.4797281935659e-09,1.1031653887304064e-08,0.0
0.3559616381975882,6.031384875857905e-09,3.6681605697608554e-05,0.6440002194490735,4.23968993902339e-09,1.4374892311431592e-06,4.774474623578549e-09,8.212860040234453e-09,0.0
0.3559652871241032,4.450064675703402e-09,3.126761052544373e-05,0.6440022654004796,3.1192772867333857e-09,1.1626632512592341e-06,3.5179837756949585e-09,6.114314717131345e-09,0.0
0.35596846144452415,3.2833344128629565e-09,2.665265446838868e-05,0.6440039327998383,2.2949510101065197e-09,9.403787403613468e-07,2.5921587687920375e-09,4.5519846759510845e-09,0.0
0.35597121875812027,2.42249840817662e-09,2.2718818700296652e-05,0.6440052924222603,1.6884665875365639e-09,7.605911146538549e-07,1.9099806050172605e-09,3.388858862208792e-09,0.0
0.35597361059383575,1.7873579184868678e-09,1.9365583821418562e-05,0.644006401686516,1.2422562611114874e-09,6.151759483820701e-07,1.4073300725183946e-09,2.52293409637136e-09,0.0
0.3559756828300919,1.318740230404063e-09,1.6507263171736688e-05,0.644007307196854,9.139651521209789e-10,4.975619448745553e-07,1.036961617235315e-09,1.8782703497535027e-09,0.0
0.355977476146156,9.729862975943894e-10,1.4070814593038777e-05,0.644008046797387,6.724311759857089e-10,4.0243405201123273e-07,7.640629499724008e-10,1.398331384681989e-09,0.0
0.3559790264819933,7.178835027724788e-10,1.1993974885363558e-05,0.6440086512331803,4.947272578392573e-10,3.254933202211948e-07,5.629831328681158e-10,1.041026875923371e-09,0.0
0.3559803654905791,5.296647054854392e-10,1.022366940527224e-05,0.6440091454938622,3.639851481654914e-10,2.6326266049659155e-07,4.148216749852199e-10,7.750212966089463e-10,0.0
0.35598152097191244,3.9079404336775865e-10,8.714656251799271e-06,0.6440095499008786,2.677943058530404e-10,2.1292973091511665e-07,3.056520689816077e-10,5.769859134121048e-10,0.0
0.35598251728191516,2.883332316705912e-10,7.4283704566931214e-06,0.6440098809876494,1.9702388844909306e-10,1.7221985585542566e-07,2.2521281758777046e-10,4.2955292527776165e-10,0.0
0.3559833757122684,2.1273617536298136e-10,6.3319386889735916e-06,0.6440101522123773,1.4495604297742276e-10,1.392932378384662e-07,1.6594292951668982e-10,3.1979234478687515e-10,0.0
0.35598411483929715,1.5695960422461596e-10,5.397339328381554e-06,0.6440103745355986,1.0664823476176044e-10,1.1266181876251049e-07,1.2227123620413445e-10,2.3807805754811467e-10,0.0
0.35598475084160447,1.1580687908162855e-10,4.600686467749155e-06,0.644010556888286,7.846408932977769e-11,9.112203462764446e-08,9.009273461745239e-11,1.7724362082855285e-10,0.0
0.35598529778703225,8.544383804486854e-11,3.9216195644376154e-06,0.6440107065514691,5.772821622997325e-11,7.37004256582061e-08,6.63827384311055e-11,1.3195376962826853e-10,0.0
0.35598576789034847,6.304157816434728e-11,3.3427831558534196e-06,0.6440108294641883,4.247225113156426e-11,5.960964439581489e-08,4.891257168853793e-11,9.823651402645416e-11,0.0
0.3559861717433915,4.651289297463034e-11,2.8493833520164946e-06,0.6440109304734467,3.1248010586696775e-11,4.821287404341975e-08,3.604008267805268e-11,7.313479431641938e-11,0.0
0.3559865185196937,3.431781137929634e-11,2.428809777577187e-06,0.644011013537169,2.299002396305513e-11,3.8995049286348546e-08,2.655528796168048e-11,5.4447144966488176e-11,0.0
0.3559868161556975,2.5320120903046937e-11,2.0703133063565883e-06,0.6440110818890811,1.6914393855031815e-11,3.153957914799992e-08,1.9566638158723398e-11,4.053462410505519e-11,0.0
0.3559870715107035,1.868150818456831e-11,1.7647313559147782e-06,0.6440111381727002,1.2444384565275448e-11,2.5509520029627572e-08,1.441721516178458e-11,3.0177076475494666e-11,0.0
0.3559872905076031,1.3783454151668987e-11,1.5042537240868008e-06,0.6440111845502963,9.155675293109603e-12,2.0632348160015394e-08,1.0622983779001125e-11,2.2466124217366424e-11,0.0
0.35598747825637456,1.016960708104503e-11,1.282222984795466e-06,0.6440112227915388,6.736081269622941e-12,1.6687643322087066e-08,7.827293757124976e-12,1.67255007881717e-11,0.0
0.3559876391622223,7.503264580903422e-12,1.0929643431334537e-06,0.644011254345629,4.955919409232356e-12,1.3497127275244886e-08,5.767355574667526e-12,1.2451741296877542e-11,0.0
0.3559877770200436,5.536003178219746e-12,9.316406022053318e-07,0.6440112804000458,3.646205455802715e-12,1.0916606696599905e-08,4.2495388623546e-12,9.27002776176194e-12,0.0
0.35598789509680884,4.084532780973994e-12,7.941285357214926e-07,0.6440113019283994,2.6826129938270642e-12,8.829456527879281e-09,3.131171591394976e-12,6.90131688719981e-12,0.0
0.3559879962032569,3.013619576606995e-12,6.769135072042604e-07,0.6440113197294545,1.9736716339442407e-12,7.141349225753489e-09,2.3071292132926394e-12,5.1378674318627915e-12,0.0
0.35598808275623334,2.2234863115156007e-12,5.769996428552475e-07,0.6440113344589317,1.4520840827855004e-12,5.775991716611709e-09,1.699953171100756e-12,3.825020888544328e-12,0.0
0.3559881568327854,1.640516046346162e-12,4.918332625403131e-07,0.6440113466554658,1.0683378661645323e-12,4.671677396317253e-09,1.2525699500170056e-12,2.8476376157322692e-12,0.0
0.3559882202170499,1.2103932620915765e-12,4.1923761211855153e-07,0.6440113567618014,7.860052944763608e-13,3.778497348853638e-09,9.229262772147372e-13,2.1199988486652108e-12,0.0
0.3559882744408633,8.930432772427553e-13,3.573572291241598e-07,0.6440113651420933,5.782855158973634e-13,3.05608474936519e-09,6.800361929305132e-13,1.5782889793228656e-12,0.0
0.35598832081886317,6.588984832888789e-13,3.0461051997873043e-07,0.644011372096066,4.254604086742073e-13,2.471790513095994e-09,5.010684266989729e-13,1.1749987878941258e-12,0.0
0.3559883604788428,4.861435246099134e-13,2.5964933675349123e-07,0.6440113778705696,3.130228105072967e-13,1.9992077409944614e-09,3.6920029854418873e-13,8.747587786201101e-13,0.0
0.35598839438794877,3.586827565424759e-13,2.2132452037577114e-07,0.6440113826690403,2.302994051362189e-13,1.6169782759812837e-09,2.720364163717489e-13,6.512371954176899e-13,0.0
0.3559884233752621,2.646406097841226e-13,1.8865652965087746e-07,0.6440113866592614,1.6943754200534018e-13,1.3078274334172073e-09,2.004435303206505e-13,4.84830666978721e-13,0.0
0.35598844815128394,1.9525514004827325e-13,1.6081040544473503e-07,0.6440113899796988,1.2465981159705283e-13,1.0577832813157933e-09,1.4769202266000678e-13,3.609449461158908e-13,0.0
0.35598846932470907,1.4406167489224983e-13,1.3707443016464867e-07,0.6440113927447023,9.171561601884029e-14,8.555451863380636e-10,1.0882333490434773e-13,2.687149605347731e-13,0.0
0.35598848741685996,1.0629049797650228e-13,1.1684193711613464e-07,0.644011395048776,6.747767443577846e-14,6.919730875030442e-10,8.018387145898022e-14,2.0005192070569845e-13,0.0
0.3559885028741164,7.842245288354853e-14,9.959580481594674e-08,0.6440113969700685,4.9645161060403164e-14,5.596744157133693e-10,5.90815675736008e-14,1.4893391409281618e-13,0.0
0.35598851607858256,5.786106200299288e-14,8.489523996220698e-08,0.6440113985732588,3.652529564626933e-14,4.526699902064912e-10,4.353283959416186e-14,1.1087776926700701e-13,0.0
0.3559885273572702,4.269061171334349e-14,7.236451125543689e-08,0.6440113999119106,2.687265364163678e-14,3.6612379233662843e-10,3.2076131272160524e-14,8.254587118999074e-14,0.0
0.35598853698997934,3.149766458681458e-14,6.168334612391131e-08,0.6440114010304137,1.9770942279087703e-14,2.9612440397808705e-10,2.363452980005223e-14,6.145344447139482e-14,0.0
0.355988545216064,2.323936885311269e-14,5.257874490742538e-08,0.6440114019655818,1.4546020016766385e-14,2.395082327854467e-10,1.741453770939476e-14,4.5750632665898575e-14,0.0
0.3559885522402325,1.7146295470803816e-14,4.481800328122413e-08,0.6440114027479729,1.0701902567879696e-14,1.9371653507438305e-10,1.2831485357007172e-14,3.4060261459113474e-14,0.0
0.35598855823754383,1.2650750101917067e-14,3.820276458244001e-08,0.6440114034029564,7.873680791308486e-15,1.5667977454867364e-10,9.454572894489239e-15,2.535705719489609e-14,0.0
0.3559885633576653,9.333880790082529e-15,3.25639500240656e-08,0.6440114039516195,5.792881100234096e-15,1.2672409052579976e-10,6.966375755049599e-15,1.8877727925584715e-14,0.0
0.35598856772853366,6.886653344435351e-15,2.775743721897116e-08,0.6440114044115031,4.261980170814763e-15,1.0249564853952595e-10,5.133007238330445e-15,1.4054020881415804e-14,0.0
0.3559885714595,5.081058490517802e-15,2.366037656222609e-08,0.6440114047972013,3.1356547190908484e-15,8.289945438193712e-11,3.78213352371882e-15,1.0462885340901865e-14,0.0
0.35598857464401057,3.748868146879918e-15,2.0168051322756864e-08,0.6440114051208715,2.3069864512007385e-15,6.704986631480512e-11,2.786774558203202e-15,7.78937006769753e-15,0.0
0.355988577361909,2.7659615409808324e-15,1.7191201191887657e-08,0.6440114053926469,1.697312669640693e-15,5.4230568872892224e-11,2.0533681277544096e-15,5.799001330938682e-15,0.0
0.3559885796814118,2.0407608220911274e-15,1.4653740881669342e-08,0.6440114056209759,1.2487590879952892e-15,4.3862199293677946e-11,1.512975153663869e-15,4.31721899560636e-15,0.0
0.3559885816607953,1.505698712374625e-15,1.2490815462895576e-08,0.6440114058129063,9.187460194912921e-16,3.5476163464719056e-11,1.1147995254408377e-15,3.2140671789383454e-15,0.0
0.35598858334983036,1.110923233561289e-15,1.0647142739368326e-08,0.6440114059743285,6.759464304066188e-16,2.8693458012132244e-11,8.214133446574198e-16,2.3927968068412443e-15,0.0
0.355988584791025,8.196529758834898e-16,9.075600291285931e-09,0.6440114061101636,4.973121699781517e-16,2.3207541403891835e-11,6.052387600823021e-16,1.78138048720447e-15,0.0
0.35598858602068645,6.047501576649407e-16,7.73602107409142e-09,0.6440114062245194,3.658860868343268e-16,1.8770479934994273e-11,4.459556920601857e-16,1.3261955341609476e-15,0.0
0.35598858706980485,4.461921860251012e-16,6.594166789560408e-09,0.6440114063208446,2.6919234353175164e-16,1.518174246833255e-11,3.285917762396178e-16,9.873211293607251e-16,0.0
0.35598858796484617,3.2920614289735e-16,5.620852789572531e-09,0.6440114064020205,1.9805212717059236e-16,1.2279137514455926e-11,2.421149843102442e-16,7.3503717000454e-16,0.0
0.3559885887284051,2.428923855981288e-16,4.791202146018306e-09,0.6440114064704602,1.4571233547947146e-16,9.93148305543894e-12,1.783966302696718e-16,5.472177441934663e-16,0.0
0.35598858937976685,1.792090222007747e-16,4.084009821642236e-09,0.6440114065281898,1.0720452746811452e-16,8.03267782869455e-12,1.3144728640670965e-16,4.0739063511331196e-16,0.0
0.3559885899353986,1.3222264483191916e-16,3.481200690684985e-09,0.6440114065769031,7.887328598658093e-17,6.496906124935801e-12,9.685378627938201e-17,3.032926679007389e-16,0.0
0.35598859040935,9.755551137662965e-17,2.967367556888788e-09,0.6440114066180271,5.802922123251965e-17,5.2547593831701895e-12,7.136439383336037e-17,2.257941996329909e-16,0.0
0.3559885908136119,7.197766926392757e-17,2.529377361079818e-09,0.6440114066527602,4.269367599419338e-17,4.250099299858382e-12,5.258314519535694e-17,1.680984276228993e-16,0.0
0.35598859115841985,5.3106019322501064e-17,2.1560355133951438e-09,0.6440114066821068,3.141089835472123e-17,3.4375206817832733e-12,3.8744631739406446e-17,1.2514529342746562e-16,0.0
0.3559885914525102,3.9182281350569675e-17,1.8377997708276023e-09,0.6440114067069095,2.310985204252543e-17,2.780299377335698e-12,2.854805437990566e-17,9.316770351495982e-17,0.0
0.3559885917033336,2.8909174351928473e-17,1.5665363470894404e-09,0.6440114067278812,1.7002546548093846e-17,2.2487325438362654e-12,2.1034950449514818e-17,6.936114607327117e-17,0.0
0.3559885919172502,2.1329548276793347e-17,1.3353120212102063e-09,0.6440114067456189,1.2509235826024738e-17,1.8187962399732982e-12,1.5499099675933146e-17,5.163772855702239e-17,0.0
0.3559885920996846,1.573720591709966e-17,1.1382169313749727e-09,0.6440114067606274,9.203384945971061e-18,1.4710596738110016e-12,1.142014055746372e-17,3.844306447318878e-17,0.0
0.35598859225526797,1.1611106191885263e-17,9.702135247925214e-10,0.6440114067733287,6.771180561180675e-18,1.1898070362623351e-12,8.414657178397014e-18,2.8619949934681306e-17,0.0
0.3559885923879447,8.56681851305749e-18,8.270078029047703e-10,0.6440114067840852,4.9817416591542954e-18,9.623272316585115e-13,6.200138699794865e-18,2.1306874086811405e-17,0.0
0.3559885925010892,6.320705212800023e-18,7.049395710947472e-10,0.6440114067931928,3.665202800841931e-18,7.783394050857604e-13,4.5684237730111025e-18,1.5862462526204114e-17,0.0
0.3559885925975721,4.663494893137293e-18,6.008888877862755e-10,0.6440114068009093,2.6965893637394234e-18,6.295283034377905e-13,3.3661336914872e-18,1.1809227217708533e-17,0.0
0.3559885926798459,3.4407845146444925e-18,5.12196321868591e-10,0.6440114068074485,1.983954119758821e-18,5.091684710210753e-13,2.4802550270521526e-18,8.791689641298874e-18,0.0
0.3559885927500019,2.538653595057112e-18,4.3659498030593445e-10,0.6440114068129913,1.4596489929709779e-18,4.118202953905064e-13,1.827516540611308e-18,6.545204467901779e-18,0.0
0.35598859280982376,1.8730501861312824e-18,3.721525686261143e-10,0.6440114068176906,1.073903454434782e-18,3.33084166333916e-13,1.3465618130905929e-18,4.8727495252878785e-18,0.0
0.3559885928608328,1.3819597153975998e-18,3.172220034124733e-10,0.6440114068216758,7.900999726549251e-19,2.694016373235514e-13,9.921818359261085e-19,3.627646478026271e-18,0.0
0.3559885929043256,1.019627060235952e-18,2.7039931450412814e-10,0.6440114068250572,5.812980340127918e-19,2.1789460300927322e-13,7.310654334321386e-19,2.7006967834329592e-18,0.0
0.35598859294141244,7.522935222868752e-19,2.3048776092703364e-10,0.6440114068279235,4.2767677007826743e-19,1.7623522444746414e-13,5.386680632539001e-19,2.010604715804133e-18,0.0
0.3559885929730337,5.550515141673553e-19,1.964672433951128e-10,0.6440114068303564,3.146534289828682e-19,1.4254072339064558e-13,3.9690466693934647e-19,1.4968475350457827e-18,0.0
0.3559885929999948,4.095239082222971e-19,1.6746823159569294e-10,0.6440114068324216,2.314990836464822e-19,1.1528829090963162e-13,2.92449702114314e-19,1.1143674962804439e-18,0.0
0.3559885930229828,3.02151831179512e-19,1.4274953986683296e-10,0.6440114068341743,1.703201706782269e-19,9.324626467889465e-14,2.1548456188673427e-19,8.296201768622592e-19,0.0
0.35598859304258035,2.229313777575443e-19,1.2167938323517383e-10,0.6440114068356648,1.253091808519488e-19,7.541846451127675e-14,1.5877464082054083e-19,6.17632549541808e-19,0.0
0.3559885930592901,1.6448154225855765e-19,1.0371922962564685e-10,0.6440114068369296,9.219337171394594e-20,6.099917040974936e-14,1.169892930929779e-19,4.598127876963959e-19,0.0
0.3559885930735363,1.2135652690880356e-19,8.841003552172027e-11,0.6440114068380043,6.782917045796987e-20,4.933670838805185e-14,8.620075994259123e-20,3.423197172580442e-19,0.0
0.3559885930856828,8.95383544019077e-20,7.536051327347156e-11,0.6440114068389169,4.99037650914589e-20,3.990399833655735e-14,6.351496635466156e-20,2.5484891233758023e-19,0.0
0.3559885930960366,6.606251112479471e-20,6.423713017765632e-11,0.6440114068396942,3.671555694227737e-20,3.2274732856447236e-14,4.6799482437385896e-20,1.8972897220101354e-19,0.0
0.3559885931048664,4.874174207528539e-20,5.4755583716289416e-11,0.6440114068403519,2.7012633598047805e-20,2.6104110474538112e-14,3.4483078274374055e-20,1.4124872090764685e-19,0.0
0.3559885931123934,3.5962263318161463e-20,4.667353506938483e-11,0.644011406840912,1.987392905541859e-20,2.1113252484436528e-14,2.5408030716260957e-20,1.0515632339418274e-19,0.0
0.3559885931188101,2.6533405001507192e-20,3.978441517773494e-11,0.6440114068413884,1.462179001042385e-20,1.707659913965737e-14,1.8721299175807758e-20,7.828638927638477e-20,0.0
0.3559885931242812,1.9576676104738712e-20,3.3912145044901696e-11,0.6440114068417928,1.0757648500830604e-20,1.3811715574907346e-14,1.379434111771911e-20,5.828236047158976e-20,0.0
0.3559885931289465,1.444391503041534e-20,2.890663533463563e-11,0.6440114068421358,7.91469451994495e-21,1.1171046738396137e-14,1.0164030021893442e-20,4.3389835366462084e-20,0.0
0.3559885931329222,1.0656900093225494e-20,2.463995023794684e-11,0.6440114068424289,5.8230559716788894e-21,9.03524870277916e-15,7.489122199040073e-21,3.2302703560623355e-20,0.0
0.3559885931363111,7.862793387924017e-21,2.100303756211658e-11,0.6440114068426785,4.2841806166780746e-21,7.307794966108994e-15,5.518180405930725e-21,2.4048596831766904e-20,0.0
0.3559885931392016,5.801266721120381e-21,1.790294146600438e-11,0.6440114068428895,3.151988173490802e-21,5.9106139768163965e-15,4.0659391291915815e-21,1.7903610095395034e-20,0.0
0.35598859314166503,4.28024671502175e-21,1.5260426601960316e-11,0.6440114068430697,2.3190034068926083e-21,4.780560722480421e-15,2.9958899104698536e-21,1.3328813181497328e-20,0.0
0.35598859314376513,3.158019243408618e-21,1.3007952939792438e-11,0.6440114068432229,1.7061538639026217e-21,3.866562917313547e-15,2.2074497601823645e-21,9.922985357733867e-21,0.0
0.35598859314555525,2.330025861998388e-21,1.1087949511320309e-11,0.6440114068433536,1.2552637907544644e-21,3.1273128114942195e-15,1.6265065103686066e-21,7.387427302713772e-21,0.0
0.3559885931470805,1.7191220506051427e-21,9.451342954157696e-12,0.6440114068434656,9.235317035091285e-22,2.5294003046323644e-15,1.1984523842806907e-21,5.499764454487444e-21,0.0
0.3559885931483799,1.268389623083863e-21,8.056303245777258e-12,0.6440114068435617,6.794673865909553e-22,2.04580299020864e-15,8.830509489089412e-22,4.094444224679415e-21,0.0
0.3559885931494886,9.358336340226899e-22,6.867174570079904e-12,0.6440114068436426,4.999026321309738e-22,1.6546648891758015e-15,6.5065495183338025e-22,3.0482166368649073e-21,0.0
0.3559885931504364,6.904696905660405e-22,5.853563990488318e-12,0.6440114068437087,3.677919596188946e-22,1.3383086780958565e-15,4.79419524851048e-22,2.269325006127231e-21,0.0
0.35598859315124287,5.094371224305682e-22,4.989564636964376e-12,0.6440114068437665,2.705945455490991e-22,1.0824367698758314e-15,3.5324879978353486e-22,1.689458656301451e-21,0.0
0.355988593151928,3.7586904285042907e-22,4.253093552388489e-12,0.6440114068438181,1.9908376506322392e-22,8.754851402787863e-16,2.602829214918906e-22,1.257761908781202e-21,0.0
0.355988593152514,2.773208530607831e-22,3.6253272743190493e-12,0.64401140684386,1.4647133936612035e-22,7.081006966686912e-16,1.9178323963692914e-22,9.363739167456001e-22,0.0
0.3559885931530135,2.046107733670258e-22,3.0902207261672526e-12,0.6440114068438958,1.0776294716392013e-22,5.727185688873832e-16,1.4131088891583994e-22,6.971081775016068e-22,0.0
0.3559885931534383,1.509643725517878e-22,2.6340971211284436e-12,0.6440114068439272,7.928413047705587e-23,4.632202181010641e-16,1.0412154557398295e-22,5.189805081591126e-22,0.0
0.3559885931538011,1.1138339103519328e-22,2.245298397225464e-12,0.6440114068439533,5.833149065550832e-23,3.746569119880843e-16,7.671946822987341e-23,3.8636868213821773e-22,0.0
0.3559885931541107,8.218005075496765e-23,1.91388724893446e-12,0.6440114068439753,4.2916063802680766e-23,3.0302606884446115e-16,5.652890353314919e-23,2.8764232218803576e-22,0.0
0.35598859315437525,6.063346320597002e-23,1.6313931396200596e-12,0.6440114068439933,3.157451509670475e-23,2.450903625721541e-16,4.1651969290052595e-23,2.141428882274748e-22,0.0
0.3559885931545991,4.4736123019822636e-23,1.3905958031127123e-12,0.6440114068440104,2.3230229318694082e-23,1.9823141307548706e-16,3.069025644061935e-23,1.5942430247947037e-22,0.0
0.3559885931547895,3.30068677760691e-23,1.185340700945277e-12,0.644011406844025,1.7091111377207126e-23,1.6033144966413975e-16,2.2613380746342633e-23,1.186876128898862e-22,0.0
0.3559885931549519,2.43528774253442e-23,1.010381718521174e-12,0.6440114068440377,1.2574395375125278e-23,1.2967759928954707e-16,1.6662128248046569e-23,8.836011344828053e-23,0.0
0.3559885931550913,1.7967855748003e-23,8.612470796857283e-13,0.6440114068440475,9.251324595592482e-24,1.0488447396144964e-16,1.2277090315177373e-23,6.578200924671312e-23,0.0
0.35598859315520903,1.325690736836904e-23,7.341250526116047e-13,0.6440114068440569,6.806451063430078e-24,8.483155871514104e-17,9.046080090320269e-24,4.89731460458955e-23,0.0
0.35598859315531145,9.781111081829871e-24,6.257665257554585e-13,0.6440114068440628,5.007691125759309e-24,6.861257040470367e-17,6.665387555170426e-24,3.645934596855447e-23,0.0
0.35598859315539777,7.216625366438153e-24,5.334019638248415e-13,0.6440114068440687,3.6842945284279415e-24,5.5494498613993884e-17,4.911231253430881e-24,2.714311854110779e-23,0.0
0.35598859315547243,5.324515920922807e-24,4.546706212332235e-13,0.6440114068440728,2.7106356664810534e-24,4.4884477556424814e-17,3.618723176263844e-24,2.0207408129922344e-23,0.0
0.35598859315553605,3.928494047094023e-24,3.875602038099842e-13,0.6440114068440763,1.994288366390245e-24,3.630299175286472e-17,2.666369541707262e-24,1.5043936189971095e-23,0.0
0.35598859315559095,2.898491751599118e-24,3.3035543657918966e-13,0.6440114068440786,1.4672521790737728e-24,2.936220452943433e-17,1.9646505650328097e-24,1.1199853768123454e-23,0.0
0.3559885931556359,2.1385432517843733e-24,2.815942230511688e-13,0.6440114068440824,1.0794973251001946e-24,2.3748429900692405e-17,1.4476057359297025e-24,8.33802555683326e-24,0.0
0.3559885931556749,1.5778438000485177e-24,2.4003027550231476e-13,0.6440114068440851,7.942155353513181e-25,1.9207955662277474e-17,1.0666336314425255e-24,6.207462313863111e-24,0.0
0.35598859315570824,1.1641527732835135e-24,2.0460126111055533e-13,0.6440114068440872,5.8432596536061675e-25,1.5535576973585855e-17,7.859234565643543e-25,4.621308499882426e-24,0.0
0.3559885931557362,8.589263902434544e-25,1.7440164979365631e-13,0.6440114068440893,4.299045014821848e-25,1.2565322210536228e-17,5.790888842898274e-25,3.4404545966215666e-24,0.0
0.3559885931557592,6.337265699035325e-25,1.4865956976831005e-13,0.6440114068440921,3.162924315379076e-25,1.0162951947200937e-17,4.266877812426961e-25,2.5613368663259658e-24,0.0
0.3559885931557808,4.675713425080156e-25,1.2671707928133844e-13,0.6440114068440924,2.3270494238429693e-25,8.219892060906212e-18,3.143946768812336e-25,1.906854561964773e-24,0.0
0.35598859315579784,3.449799498986225e-25,1.0801335027821256e-13,0.6440114068440942,1.7120735373520483e-25,6.648326770014657e-18,2.316541911825524e-25,1.4196080056043288e-24,0.0
0.3559885931558138,2.5453049623120466e-25,9.207033420034001e-14,0.6440114068440941,1.2596190554734635e-25,5.377229836278469e-18,1.706888450681832e-25,1.0568644980975357e-24,0.0
0.35598859315582554,1.877957647415197e-25,7.848054354325602e-14,0.6440114068440959,9.267359901875503e-26,4.349154563607523e-18,1.2576798926875815e-25,7.868105582170617e-25,0.0
0.3559885931558366,1.3855805012385187e-25,6.689663688461063e-14,0.6440114068440964,6.818248674287312e-26,3.517637518585054e-18,9.266913205949666e-26,5.857618035578206e-25,0.0
0.3559885931558453,1.0222985209782648e-25,5.702254118569982e-14,0.6440114068440975,5.0163709488623943e-26,2.845098634961688e-18,6.828103149768352e-26,4.3608577302880085e-25,0.0
0.3559885931558518,7.542645591939076e-26,4.860588446147778e-14,0.6440114068440995,3.690680510302865e-26,2.3011427982257934e-18,5.0311243439663216e-26,3.2465551745276037e-25,0.0
0.35598859315585957,5.565057696763267e-26,4.1431545405679154e-14,0.644011406844099,2.7153340069913287e-26,1.861186151072662e-18,3.707063529833946e-26,2.416983344365112e-25,0.0
0.3559885931558652,4.105968760006693e-26,3.5316155105937916e-14,0.6440114068440994,1.997745063258951e-26,1.5053450362209032e-18,2.731461016403949e-26,1.7993867878091372e-25,0.0
0.3559885931558687,3.029434801359978e-26,3.0103410318257094e-14,0.644011406844101,1.469795364953142e-26,1.2175373628096775e-18,2.012611659900166e-26,1.3396007960462675e-25,0.0
0.3559885931558738,2.2351546619356213e-26,2.5660078512821545e-14,0.6440114068441004,1.0813684161049142e-26,9.847557830057588e-19,1.482944720514025e-26,9.9730102773109e-26,0.0
0.35598859315587683,1.6491248996445674e-26,2.1872592584131106e-14,0.6440114068441011,7.955921478814357e-27,7.964798303400159e-19,1.0926723162328802e-26,7.424669669120851e-26,0.0
0.355988593155878,1.2167448548157915e-26,1.8644148189661165e-14,0.6440114068441032,5.853387766313163e-27,6.442004516105983e-19,8.051094380968414e-27,5.527490513168001e-26,0.0
0.355988593155879,8.97729481884472e-27,1.5892229527936075e-14,0.644011406844105,4.306496542739951e-27,5.210354437702936e-19,5.932256154776233e-27,4.115085617914095e-26,0.0
0.3559885931558833,6.623559733618725e-27,1.3546500317384237e-14,0.6440114068441031,3.1684066070873994e-27,4.2141841562850744e-19,4.371040931909629e-27,3.063583664670647e-26,0.0
0.35598859315588405,4.886944723339393e-27,1.1547006071508898e-14,0.6440114068441043,2.3310828949250743e-27,3.4084721712163655e-19,3.2206968697814185e-27,2.2807653939395494e-26,0.0
0.3559885931558864,3.605648577117446e-27,9.842641722331556e-15,0.6440114068441037,1.7150410717037044e-27,2.7568046651757444e-19,2.3730933863591414e-27,1.6979757537489898e-26,0.0
0.3559885931558886,2.6602923498560245e-27,8.389845426098613e-15,0.6440114068441029,1.2618023511880006e-27,2.229729796861618e-19,1.7485570508731843e-27,1.2641026858704892e-26,0.0
0.35598859315588904,1.9627967716033927e-27,7.151485166235821e-15,0.6440114068441036,9.283423002120559e-28,1.8034266373006208e-19,1.2883824032096547e-27,9.410944749339511e-27,0.0
0.3559885931558912,1.4481758618842014e-27,6.0959096962377765e-15,0.6440114068441027,6.830066733919123e-28,1.4586285928919068e-19,9.49313730467849e-28,7.006225211374526e-27,0.0
0.35598859315589326,1.0684821563216936e-27,5.19613956554497e-15,0.6440114068441016,5.025065816685584e-28,1.1797526597402514e-19,6.99479096120607e-28,5.215968536628075e-27,0.0
0.3559885931558935,7.883394195594886e-28,4.4291775518402645e-15,0.6440114068441021,3.6970775609878405e-28,9.541951562904369e-20,5.153944267387488e-28,3.883164893261611e-27,0.0
0.3559885931558954,5.816466253127412e-28,3.775420875106612e-15,0.6440114068441009,2.7200404911263833e-28,7.717621051929662e-20,3.797560450149084e-28,2.8909241845249886e-27,0.0
0.35598859315589726,4.291461118698639e-28,3.2181601702258345e-15,0.6440114068440994,2.0012077516139994e-28,6.242085207468662e-20,2.798141505679624e-28,2.1522245051128234e-27,0.0
0.3559885931558957,3.1662933698617837e-28,2.74315241236131e-15,0.6440114068441014,1.4723429589320296e-28,5.0486578020770785e-20,2.0617435821198427e-28,1.6022801100089137e-27,0.0
0.3559885931558958,2.33613061536273e-28,2.3382568795249247e-15,0.6440114068441016,1.0832427502683665e-28,4.083402381623389e-20,1.5191464012038624e-28,1.1928595482633404e-27,0.0
0.3559885931558942,1.7236262135347502e-28,1.993124847896899e-15,0.6440114068441035,7.969711464916548e-29,3.302694629726672e-20,1.1193466579960488e-28,8.880556483192603e-28,0.0
0.35598859315589604,1.2717128504918204e-28,1.698935088821878e-15,0.6440114068441021,5.863533434060525e-29,2.6712507849615702e-20,8.247637882524186e-29,6.611363723917979e-28,0.0
0.3559885931558962,9.382855525209403e-29,1.4481684070497891e-15,0.6440114068441023,4.313960986378769e-29,2.1605330059680154e-20,6.077074528728176e-29,4.922003522264019e-28,0.0
0.35598859315589626,6.92278746518169e-29,1.234415457644945e-15,0.6440114068441024,3.173898401242741e-29,1.747459615606379e-20,4.477746883864653e-29,3.6643149106343034e-28,0.0
0.35598859315589637,5.107718664037206e-29,1.0522129295563273e-15,0.6440114068441026,2.3351233572159032e-29,1.4133619341802323e-20,3.299320595983501e-29,2.7279955618805897e-28,0.0
0.35598859315589815,3.768538335485269e-29,8.969039088653109e-16,0.644011406844101,1.7180137496777587e-29,1.1431405562391337e-20,2.4310253967919424e-29,2.0309280089554276e-28,0.0
0.35598859315589815,2.7804744388166276e-29,7.645188527355082e-16,0.644011406844101,1.2639894312054234e-29,9.245829392431311e-21,1.7912428658924318e-29,1.5119777448304362e-28,0.0
0.3559885931558982,2.0514686110834345e-29,6.516741318782606e-16,0.644011406844101,9.299513944511093e-30,7.478114627932408e-21,1.3198344241259838e-29,1.1256315786586334e-28,0.0
0.3559885931558982,1.5135990475250465e-29,5.554855483808482e-16,0.644011406844101,6.841905277774525e-30,6.048370136947887e-21,9.724883991317856e-30,8.380060190737924e-29,0.0
0.35598859315589826,1.1167521961054062e-29,4.734946184999348e-16,0.6440114068441011,5.033775755309118e-30,4.891979213166697e-21,7.165547959337291e-30,6.23875610206985e-29,0.0
0.3559885931558966,8.239536550617505e-30,4.0360573628224527e-16,0.644011406844103,3.703485699670468e-30,3.956679250805777e-21,5.279762473609189e-30,4.6446059831565926e-29,0.0
0.3559885931558966,6.079232510643201e-30,3.440326119777335e-16,0.6440114068441029,2.724755133002816e-30,3.20019975792637e-21,3.8902665833681634e-30,3.457799020483728e-29,0.0
0.35598859315589665,4.485333330512579e-30,2.932526162647332e-16,0.644011406844103,2.0046764418412147e-30,2.588351959170417e-21,2.866449800595952e-30,2.574249378616269e-29,0.0
0.3559885931558966,3.309334698185189e-30,2.4996786337126757e-16,0.6440114068441029,1.4748949686514775e-30,2.0934836483090043e-21,2.1120749139568567e-30,1.9164676211803595e-29,0.0
0.35598859315589665,2.441668285857568e-30,2.1307203841615338e-16,0.644011406844103,1.0851203332122292e-30,1.6932294583082386e-21,1.5562318381568826e-30,1.4267647002432095e-29,0.0
0.3559885931558967,1.8014932189941415e-30,1.8162212110996261e-16,0.6440114068441031,7.983525353179672e-31,1.3695000678885799e-21,1.1466721744049953e-30,1.0621924875549574e-29,0.0
0.3559885931558967,1.3291640952538403e-30,1.5481428310201495e-16,0.6440114068441031,5.873696687277614e-31,1.1076646621898058e-21,8.44897940856887e-31,7.907771200295763e-30,0.0
