-10.0 -10.0 -10.0,-10.0 -10.0 0.0,-10.0 -10.0 10.0,-10.0 0.0 -10.0,-10.0 0.0 0.0,-10.0 0.0 10.0,-10.0 10.0 -10.0,-10.0 10.0 0.0,-10.0 10.0 10.0,0.0 -10.0 -10.0,0.0 -10.0 0.0,0.0 -10.0 10.0,0.0 0.0 -10.0,0.0 0.0 0.0,0.0 0.0 10.0,0.0 10.0 -10.0,0.0 10.0 0.0,0.0 10.0 10.0,10.0 -10.0 -10.0,10.0 -10.0 0.0,10.0 -10.0 10.0,10.0 0.0 -10.0,10.0 0.0 0.0,10.0 0.0 10.0,10.0 10.0 -10.0,10.0 10.0 0.0,10.0 10.0 10.0,other
0.037037037037,0.037037037037,0.037037037037,0.037037037037,0.037037037037,0.037037037037,0.037037037037,0.037037037037,0.037037037037,0.037037037037,0.037037037037,0.037037037037,0.037037037037,0.037037037037,0.037037037037,0.037037037037,0.037037037037,0.037037037037,0.037037037037,0.037037037037,0.037037037037,0.037037037037,0.037037037037,0.037037037037,0.037037037037,0.037037037037,0.037037037037,0.0
0.0357142857143,0.0357142857149,0.0357142857169,0.0357142857143,0.0357142857151,0.0357142857179,0.0357142857143,0.0357142857143,0.0357142857143,0.0357142857144,0.0357142857807,0.0357142859671,0.0357255318716,0.0396068115353,0.0564023774906,0.0357142857144,0.0357142857473,0.035714285882,0.035714285739,0.0357142948751,0.0357143225947,0.0357209365913,0.0382235596519,0.0443207360567,0.0357142857144,0.0357142857469,0.0357142858904,0.0
0.0339421981279,0.0339421981288,0.0339421981358,0.0339421981279,0.0339421981291,0.0339421981391,0.0339421981279,0.0339421981279,0.0339421981279,0.0339421981281,0.0339421982168,0.0339421987836,0.0339567615746,0.0387729042892,0.0897503195538,0.033942198128,0.0339421981625,0.0339421983576,0.0339421981618,0.0339422098023,0.0339422836088,0.0339507609916,0.0370151527745,0.0537678416367,0.033942198128,0.0339421981621,0.0339421983679,0.0
0.0314509571084,0.0314509571093,0.0314509571311,0.0314509571084,0.0314509571096,0.031450957141,0.0314509571084,0.0314509571084,0.0314509571084,0.0314509571086,0.0314509571986,0.0314509585871,0.0314652407312,0.0360915230793,0.142233450863,0.0314509571085,0.0314509571406,0.0314509573337,0.0314509571433,0.0314509686304,0.0314511191239,0.0314593314789,0.0343932423358,0.0638869365121,0.0314509571085,0.0314509571401,0.0314509573434,0.0
0.0280641221387,0.0280641221396,0.0280641222269,0.0280641221387,0.0280641221399,0.0280641222687,0.0280641221387,0.0280641221387,0.0280641221387,0.0280641221389,0.0280641222206,0.0280641259792,0.0280769465668,0.0322148201552,0.218944277058,0.0280641221388,0.0280641221674,0.0280641223407,0.0280641221707,0.0280641325148,0.0280644365407,0.0280716364266,0.0306948922154,0.072650533242,0.0280641221388,0.028064122167,0.0280641223493,0.0
0.0237677718839,0.0237677718846,0.0237677724635,0.0237677718839,0.0237677718849,0.0237677727727,0.0237677718839,0.0237677718839,0.0237677718839,0.0237677718841,0.0237677719534,0.0237677857353,0.0237786363759,0.0272832451069,0.322460141185,0.023767771884,0.0237677719082,0.023767772055,0.023767771911,0.0237677806776,0.0237684847751,0.0237741374582,0.0259958988627,0.0775839939479,0.023767771884,0.0237677719079,0.0237677720622,0.0
0.0188226505646,0.0188226505652,0.0188226572963,0.0188226505646,0.0188226505654,0.0188226614421,0.0188226505646,0.0188226505646,0.0188226505646,0.0188226505648,0.0188226506197,0.0188227255326,0.0188312546504,0.0216066961196,0.448444782941,0.0188226505647,0.0188226505839,0.0188226507001,0.0188226505861,0.0188226575289,0.0188247002719,0.0188276917446,0.0205871942291,0.0764245688162,0.0188226505647,0.0188226505836,0.0188226507059,0.0
0.0137925221074,0.0137925221079,0.0137926359421,0.0137925221074,0.013792522108,0.0137927176215,0.0137925221074,0.0137925221074,0.0137925221074,0.0137925221076,0.0137925221478,0.0137930619563,0.0137988268547,0.0158325647585,0.583258730582,0.0137925221075,0.0137925221216,0.0137925222067,0.0137925221232,0.0137925272106,0.0137996787355,0.0137962160925,0.0150855125635,0.0685771736751,0.0137925221075,0.0137925221214,0.0137925222109,0.0
0.00934526825948,0.00934526825977,0.0093471813053,0.00934526825948,0.00934526825988,0.00934876814456,0.00934526825948,0.00934526825948,0.00934526825948,0.00934526825956,0.00934526828683,0.00934915568923,0.00934954010719,0.0107275205906,0.708069644463,0.0093452682595,0.00934526826904,0.00934526832676,0.00934526827016,0.00934527171717,0.00937048620312,0.00934777115788,0.0102213475273,0.0559990207476,0.0093452682595,0.00934526826892,0.00934526832961,0.0
0.00594628695957,0.00594628695976,0.00596714657491,0.00594628695957,0.00594628695982,0.00598667814465,0.00594628695957,0.00594628695957,0.00594628695957,0.00594628695962,0.00594628697697,0.00596667670435,0.00594900508725,0.00682579825694,0.807503244958,0.00594628695958,0.00594628696565,0.00594628700238,0.00594628696636,0.00594628915966,0.00601809194158,0.0059478795251,0.00650372614493,0.0422448720249,0.00594628695958,0.00594628696557,0.00594628700419,0.0
0.00373399247061,0.00373399247073,0.00384475834465,0.00373399247061,0.00373399247077,0.00395850652567,0.00373399247061,0.00373399247061,0.00373399247062,0.00373399247064,0.00373399248154,0.00379728685394,0.00373569932875,0.00428628478084,0.874514201857,0.00373399247062,0.00373399247443,0.00373399249749,0.00373399247488,0.00373399385217,0.00387732558348,0.00373499252791,0.00408403842956,0.0306890323078,0.00373399247062,0.00373399247438,0.00373399249863,0.0
0.00249761042667,0.00249761042675,0.00278239201054,0.00249761042667,0.00249761042678,0.00310224040768,0.00249761042667,0.00249761042667,0.00249761042667,0.00249761042669,0.00249761043398,0.00261435056036,0.00249875211796,0.0028670303019,0.912853887453,0.00249761042668,0.00249761042922,0.00249761044465,0.00249761042952,0.00249761135077,0.00270093460429,0.0024982793497,0.00273175081227,0.022891004153,0.00249761042667,0.00249761042919,0.00249761044541,0.0
0.00180593814671,0.00180593814677,0.00227939396561,0.00180593814671,0.00180593814679,0.00287911646428,0.00180593814671,0.00180593814671,0.00180593814672,0.00180593814673,0.001805938152,0.00196352500911,0.00180676366531,0.00207305324109,0.934548921237,0.00180593814672,0.00180593814856,0.00180593815972,0.00180593814878,0.0018059388149,0.00204282038206,0.00180642182247,0.00197523718932,0.0179237978236,0.00180593814672,0.00180593814854,0.00180593816027,0.0
0.00137687811997,0.00137687812001,0.00202238701621,0.00137687811997,0.00137687812003,0.00296920742811,0.00137687811997,0.00137687811997,0.00137687811997,0.00137687811998,0.001376878124,0.00156064027786,0.00137750750946,0.00158053123491,0.948020287267,0.00137687811997,0.00137687812138,0.00137687812988,0.00137687812154,0.00137687862941,0.00162885309949,0.00137724688264,0.00150595460463,0.014550456102,0.00137687811997,0.00137687812136,0.0013768781303,0.0
0.00108577024546,0.00108577024549,0.00188515565595,0.00108577024546,0.00108577024551,0.00326566873314,0.00108577024546,0.00108577024546,0.00108577024546,0.00108577024547,0.00108577024864,0.00128484909434,0.00108626656563,0.00124636579084,0.957060828399,0.00108577024546,0.00108577024657,0.00108577025328,0.0010857702467,0.00108577064719,0.00134185895182,0.0010860610421,0.00118755660142,0.0120972945684,0.00108577024546,0.00108577024656,0.00108577025361,0.0
0.000875656864385,0.000875656864412,0.00181499097822,0.000875656864385,0.000875656864422,0.00374547878128,0.000875656864385,0.000875656864385,0.000875656864389,0.000875656864392,0.000875656866947,0.00108248621364,0.000876057138905,0.00100517468115,0.963404691722,0.000875656864387,0.000875656865281,0.000875656870688,0.000875656865385,0.000875657188373,0.00112926835445,0.000875891387365,0.000957745981923,0.0102220477245,0.000875656864387,0.000875656865269,0.000875656870956,0.0
0.00071738767597,0.000717387675993,0.00178701940507,0.00071738767597,0.000717387676001,0.00442213882246,0.00071738767597,0.00071738767597,0.000717387675974,0.000717387675976,0.000717387678069,0.00092667874223,0.000717715603518,0.000823496003722,0.967923603831,0.000717387675972,0.000717387676704,0.000717387681135,0.00071738767679,0.000717387941399,0.000964466846753,0.000717579810472,0.000784639728285,0.00873707043474,0.000717387675972,0.000717387676695,0.000717387681353,0.0
0.000594477816831,0.00059447781685,0.00178818213179,0.000594477816831,0.000594477816857,0.0053317462266,0.000594477816831,0.000594477816831,0.000594477816835,0.000594477816836,0.000594477818571,0.000802490717597,0.00059474956063,0.000682406630139,0.971086294488,0.000594477816833,0.00059447781744,0.000594477821111,0.000594477817511,0.000594478036785,0.000832501805208,0.000594637032975,0.000650207591089,0.00753066069749,0.000594477816833,0.000594477817432,0.000594477821292,0.0
0.000496848179595,0.000496848179611,0.00181102117209,0.000496848179595,0.000496848179616,0.006530144242,0.000496848179595,0.000496848179595,0.000496848179598,0.000496848179599,0.000496848181049,0.000700916158307,0.000497075295575,0.000570336659045,0.973147804787,0.000496848179596,0.000496848180103,0.000496848183172,0.000496848180163,0.000496848363426,0.000724263005364,0.000496981248061,0.000543425589392,0.00653161259538,0.000496848179596,0.000496848180097,0.000496848183323,0.0
0.000417951024592,0.000417951024606,0.00185096806964,0.000417951024592,0.00041795102461,0.00809457625411,0.000417951024592,0.000417951024592,0.000417951024595,0.000417951024596,0.000417951025815,0.000616168029752,0.000418142075623,0.00047976987901,0.974234202835,0.000417951024594,0.00041795102502,0.000417951027601,0.00041795102507,0.000417951179232,0.000633837895517,0.000418062962412,0.000457132160695,0.00569197225654,0.000417951024593,0.000417951025014,0.000417951027729,0.0
0.000353324431466,0.000353324431477,0.00190502804545,0.000353324431466,0.000353324431481,0.0101278936322,0.000353324431466,0.000353324431466,0.000353324431469,0.000353324431469,0.0003533244325,0.000544334294109,0.000353485940812,0.000405584410042,0.974382117975,0.000353324431467,0.000353324431828,0.00035332443401,0.00035332443187,0.000353324562194,0.00055719162565,0.000353419060655,0.000386447098533,0.00497798244466,0.000353324431467,0.000353324431823,0.000353324434118,0.0
0.000299808951116,0.000299808951125,0.00197107383249,0.000299808951116,0.000299808951129,0.0127647820622,0.000299808951116,0.000299808951116,0.000299808951118,0.000299808951118,0.000299808951993,0.000482658588692,0.000299945997816,0.000344153491054,0.973556371116,0.000299808951117,0.000299808951423,0.000299808953274,0.000299808951458,0.000299809062043,0.000491455949934,0.00029988924751,0.000327914768849,0.00436500265896,0.000299808951117,0.000299808951419,0.000299808953366,0.0
0.000255096333986,0.000255096333994,0.00204742340561,0.000255096333986,0.000255096333996,0.0161799433145,0.000255096333985,0.000255096333985,0.000255096333987,0.000255096333988,0.000255096334732,0.000429130373367,0.000255212941948,0.000292827460852,0.971655630897,0.000255096333986,0.000255096334246,0.000255096335822,0.000255096334277,0.00025509642837,0.000434521524654,0.000255164655214,0.000279010533481,0.00383449711639,0.000255096333986,0.000255096334243,0.0002550963359,0.0
0.000217456095556,0.000217456095563,0.00213255273283,0.000217456095556,0.000217456095566,0.02059829765,0.000217456095556,0.000217456095556,0.000217456095558,0.000217456095558,0.000217456096193,0.000382239087277,0.00021755549766,0.000249619880121,0.968510669167,0.000217456095557,0.000217456095779,0.000217456097122,0.000217456095805,0.000217456176014,0.000384791889503,0.00021751433578,0.000237841682324,0.00337216436759,0.000217456095557,0.000217456095776,0.000217456097188,0.0
0.000185562720917,0.000185562720923,0.00222486903291,0.000185562720917,0.000185562720925,0.0263072006491,0.000185562720917,0.000185562720917,0.000185562720918,0.000185562720918,0.00018556272146,0.000340820309648,0.00018564754413,0.000213009177929,0.963877557008,0.000185562720917,0.000185562721107,0.000185562722253,0.000185562721129,0.000185562789574,0.000341028634416,0.000185612419291,0.000202958439066,0.0029667304575,0.000185562720917,0.000185562721104,0.000185562722309,0.0
0.000158382564797,0.000158382564802,0.00232250424552,0.000158382564797,0.000158382564804,0.0336703881374,0.000158382564797,0.000158382564797,0.000158382564798,0.000158382564798,0.000158382565261,0.000303956150168,0.000158454963596,0.000181808823233,0.957427332465,0.000158382564798,0.000158382564959,0.000158382565937,0.000158382564978,0.000158382623398,0.000302250588285,0.00015842498364,0.000173230258576,0.00260914572099,0.000158382564797,0.000158382564957,0.000158382565986,0.0
0.000135097643164,0.000135097643169,0.0024231066528,0.000135097643164,0.00013509764317,0.0431427887952,0.000135097643164,0.000135097643164,0.000135097643166,0.000135097643166,0.00013509764356,0.00027090909533,0.000135159398113,0.000155079844531,0.948733695707,0.000135097643165,0.000135097643303,0.000135097644137,0.000135097643319,0.00013509769315,0.000267666489757,0.000135133825719,0.000147762474287,0.00229203773103,0.000135097643165,0.000135097643301,0.000135097644178,0.0
0.000115053077913,0.000115053077917,0.00252362171228,0.000115053077913,0.000115053077918,0.0552843377086,0.000115053077913,0.000115053077913,0.000115053077914,0.000115053077914,0.00011505307825,0.000241077465664,0.000115105670221,0.00013207050114,0.93726099867,0.000115053077913,0.000115053078031,0.000115053078741,0.000115053078045,0.000115053120482,0.00023662936168,0.000115083892027,0.000125838816049,0.00200933383282,0.000115053077913,0.000115053078029,0.000115053078776,0.0
9.7720229094e-05,9.77202290971e-05,0.00262006736653,9.7720229094e-05,9.77202290982e-05,0.0707693209386,9.7720229094e-05,9.7720229094e-05,9.7720229095e-05,9.77202290948e-05,9.772022938e-05,0.000213965562151,9.7764898324e-05,0.000112173962332,0.922356229072,9.77202290943e-05,9.7720229194e-05,9.77202297975e-05,9.77202292057e-05,9.77202652499e-05,0.00020860565267,9.77464010345e-05,0.000106881086158,0.00175600112699,9.77202290942e-05,9.77202291927e-05,9.77202298273e-05,0.0
8.26705571456e-05,8.26705571482e-05,0.00270732886552,8.26705571456e-05,8.26705571491e-05,0.0903854622902,8.26705571456e-05,8.26705571456e-05,8.26705571465e-05,8.26705571463e-05,8.26705573875e-05,0.000189164393145,8.27083469683e-05,9.48983035467e-05,0.903250898332,8.26705571458e-05,8.26705572302e-05,8.26705577407e-05,8.26705572401e-05,8.26705877332e-05,0.000183154975117,8.26926984046e-05,9.04205712875e-05,0.00152787172003,8.26705571458e-05,8.26705572291e-05,8.26705577659e-05,0.0
6.95570008684e-05,6.95570008706e-05,0.0027790265519,6.95570008684e-05,6.95570008714e-05,0.115014026044,6.95570008684e-05,6.95570008684e-05,6.95570008692e-05,6.9557000869e-05,6.9557001072e-05,0.000166340470912,6.95887963083e-05,7.9845129997e-05,0.879081600498,6.95570008686e-05,6.95570009396e-05,6.95570013692e-05,6.95570009479e-05,6.95570266041e-05,0.000159917833892,6.95756299865e-05,7.60776747216e-05,0.00132153232916,6.95570008686e-05,6.95570009387e-05,6.95570013904e-05,0.0
5.81006415636e-05,5.81006415654e-05,0.00282754681225,5.81006415636e-05,5.8100641566e-05,0.145579293038,5.81006415636e-05,5.81006415636e-05,5.81006415642e-05,5.8100641564e-05,5.81006417336e-05,0.000145230942776,5.81272001476e-05,6.6694268307e-05,0.848940861279,5.81006415637e-05,5.8100641623e-05,5.81006419818e-05,5.810064163e-05,5.81006630605e-05,0.000138609494927,5.81162023799e-05,6.35473303161e-05,0.00113426250229,5.81006415637e-05,5.81006416222e-05,5.81006419995e-05,0.0
4.80809136357e-05,4.80809136372e-05,0.00284436318101,4.80809136357e-05,4.80809136378e-05,0.182954536295,4.80809136357e-05,4.80809136357e-05,4.80809136363e-05,4.80809136361e-05,4.80809137764e-05,0.000125643402179,4.81028920675e-05,5.5192529173e-05,0.8119710801,4.80809136358e-05,4.80809136849e-05,4.80809139818e-05,4.80809136907e-05,4.80809314254e-05,0.000119018226625,4.80937909163e-05,5.25882953869e-05,0.000964005737154,4.80809136358e-05,4.80809136843e-05,4.80809139965e-05,0.0
3.93277788878e-05,3.93277788891e-05,0.00282078861675,3.93277788878e-05,3.93277788895e-05,0.227815182004,3.93277788878e-05,3.93277788878e-05,3.93277788883e-05,3.93277788881e-05,3.93277790029e-05,0.000107458132065,3.93457561441e-05,4.51447241627e-05,0.76751079682,3.93277788879e-05,3.9327778928e-05,3.93277791709e-05,3.93277789328e-05,3.93277934389e-05,0.000101005608385,3.93383118583e-05,4.30145913768e-05,0.000809353178172,3.93277788879e-05,3.93277789275e-05,3.93277791829e-05,0.0
3.17142685166e-05,3.17142685176e-05,0.00274925071869,3.17142685166e-05,3.17142685179e-05,0.280442390262,3.17142685166e-05,3.17142685166e-05,3.1714268517e-05,3.17142685168e-05,3.17142686094e-05,9.06293839583e-05,3.17287655349e-05,3.64051046027e-05,0.715290025523,3.17142685167e-05,3.1714268549e-05,3.17142687449e-05,3.17142685528e-05,3.17142802507e-05,8.45055901482e-05,3.17227623971e-05,3.46873466957e-05,0.000669511966227,3.17142685166e-05,3.17142685486e-05,3.17142687546e-05,0.0
2.5147858344e-05,2.51478583448e-05,0.00262502312944,2.5147858344e-05,2.5147858345e-05,0.340504749622,2.5147858344e-05,2.5147858344e-05,2.51478583444e-05,2.51478583442e-05,2.51478584176e-05,7.51810767167e-05,2.5159353768e-05,2.88674611261e-05,0.655647103491,2.5147858344e-05,2.51478583697e-05,2.5147858525e-05,2.51478583727e-05,2.51478676485e-05,6.95180059993e-05,2.51545935743e-05,2.75053634163e-05,0.000544224301281,2.5147858344e-05,2.51478583694e-05,2.51478585327e-05,0.0
1.95596176332e-05,1.95596176337e-05,0.00244806997348,1.95596176332e-05,1.9559617634e-05,0.406878539658,1.95596176331e-05,1.95596176331e-05,1.95596176335e-05,1.95596176333e-05,1.95596176904e-05,6.11920777136e-05,1.95685585972e-05,2.24526674973e-05,0.589707005912,1.95596176332e-05,1.95596176531e-05,1.95596177739e-05,1.95596176555e-05,1.95596248701e-05,5.60923107892e-05,1.95648561918e-05,2.13932488375e-05,0.000433607230214,1.95596176332e-05,1.95596176529e-05,1.95596177799e-05,0.0
1.48912361148e-05,1.48912361151e-05,0.00222436113398,1.4891236115e-05,1.48912361154e-05,0.477592068534,1.48912361145e-05,1.48912361145e-05,1.48912361148e-05,1.48912361147e-05,1.48912361581e-05,4.87684207607e-05,1.48980430988e-05,1.7093788814e-05,0.519436270809,1.48912361145e-05,1.48912361297e-05,1.48912362217e-05,1.48912361315e-05,1.48912416242e-05,4.42996719065e-05,1.48952243629e-05,1.62872263492e-05,0.000337906128327,1.48912361145e-05,1.48912361295e-05,1.48912362262e-05,0.0
1.10817491047e-05,1.10817491016e-05,0.00196591787652,1.10817491071e-05,1.10817491059e-05,0.549970241788,1.10817490991e-05,1.10817490991e-05,1.10817490993e-05,1.10817491003e-05,1.1081749132e-05,3.80050693412e-05,1.10868147189e-05,1.27208431425e-05,0.447499038579,1.10817490991e-05,1.10817491104e-05,1.10817491789e-05,1.10817491127e-05,1.10817531997e-05,3.4196616063e-05,1.10847170717e-05,1.21206160818e-05,0.000257197340291,1.10817490991e-05,1.10817491103e-05,1.10817491822e-05,0.0
8.0572092535e-06,8.05720920425e-06,0.00168917923805,8.0572092964e-06,8.05720928637e-06,0.620992969945,8.05720916587e-06,8.05720916587e-06,8.0572091661e-06,8.05720918315e-06,8.05720919789e-06,2.89464461894e-05,8.06089227786e-06,9.24894557119e-06,0.37690084119,8.05720916589e-06,8.05720917411e-06,8.05720922387e-06,8.05720918992e-06,8.05721215435e-06,2.57893661893e-05,8.05936710264e-06,8.81253836191e-06,0.000191119512003,8.05720916589e-06,8.057209174e-06,8.05720922633e-06,0.0
5.72648817175e-06,5.72648751715e-06,0.00141201031643,5.72648887401e-06,5.72648900946e-06,0.68778294261,5.72648690266e-06,5.72648690266e-06,5.72648690286e-06,5.72648715636e-06,5.72648705932e-06,2.15586634945e-05,5.72910533674e-06,6.57348817077e-06,0.310504107301,5.72648690267e-06,5.72648690852e-06,5.72648694388e-06,5.72648713145e-06,5.72648914265e-06,1.90107809834e-05,5.72802078794e-06,6.26332086211e-06,0.000138726106675,5.72648690267e-06,5.72648690844e-06,5.72648694563e-06,0.0
3.98435649629e-06,3.98434945609e-06,0.00115038406803,3.98436581253e-06,3.98437140744e-06,0.748063720504,3.98434136081e-06,3.98434136081e-06,3.98434136099e-06,3.98434443652e-06,3.9843432655e-06,1.57233858203e-05,3.98617203602e-06,4.5736687425e-06,0.250573304321,3.98434136082e-06,3.98434136488e-06,3.98434138949e-06,3.98434410004e-06,3.98434446479e-06,1.37182055962e-05,3.98541069094e-06,4.35785778521e-06,9.85125146144e-05,3.98434136082e-06,3.98434136483e-06,3.9843413907e-06,0.0
2.72018225592e-06,2.72012598849e-06,0.000915953764179,2.72027354832e-06,2.72036269533e-06,0.800430952809,2.72004668405e-06,2.72004668405e-06,2.72004668421e-06,2.72007464716e-06,2.72006568375e-06,1.12546762516e-05,2.72137471012e-06,3.12242906618e-06,0.198505745279,2.72004668406e-06,2.72004668683e-06,2.72004670363e-06,2.72007188085e-06,2.72006394846e-06,9.71215533464e-06,2.72079497046e-06,2.97505277743e-06,6.86000234549e-05,2.72004668406e-06,2.7200466868e-06,2.72004670446e-06,0.0
1.82926392301e-06,1.8289460326e-06,0.000715373315574,1.82988998089e-06,1.83071221958e-06,0.844335169551,1.8284003128e-06,1.8284003128e-06,1.82840031294e-06,1.82858074293e-06,1.82853371624e-06,7.93291765969e-06,1.82977900435e-06,2.09927745824e-06,0.15484889783,1.82840031281e-06,1.82840031467e-06,1.82840032596e-06,1.82856474292e-06,1.82851463003e-06,6.76920521419e-06,1.82901540792e-06,1.99989831703e-06,4.70106015767e-05,1.82840031281e-06,1.82840031465e-06,1.82840032652e-06,0.0
1.22416010711e-06,1.2229107476e-06,0.000551737434985,1.22710428078e-06,1.23183055696e-06,0.879720682937,1.2203327643e-06,1.2203327643e-06,1.22033276441e-06,1.22114075057e-06,1.22097365718e-06,5.54793178726e-06,1.22331000594e-06,1.40295786449e-06,0.119659431836,1.2203327643e-06,1.22033276555e-06,1.22033277308e-06,1.22107610286e-06,1.22087699035e-06,4.68110829277e-06,1.22121286374e-06,1.3351823006e-06,3.19630209066e-05,1.2203327643e-06,1.22033276553e-06,1.22033277345e-06,0.0
8.39502319921e-07,8.36077973352e-07,0.000427034958127,8.48969804361e-07,8.66498596159e-07,0.906529625058,8.27778543708e-07,8.27778543708e-07,8.27778543806e-07,8.30270311633e-07,8.29867403166e-07,3.92967674206e-06,8.35595844097e-07,9.57186599934e-07,0.092996390878,8.2777854371e-07,8.27778544555e-07,8.27778549667e-07,8.30088065412e-07,8.29545507539e-07,3.28081696267e-06,8.29686442916e-07,9.06842598699e-07,2.20484738269e-05,8.2777854371e-07,8.27778544544e-07,8.2777854992e-07,0.0
6.17756114654e-07,6.11017294653e-07,0.000340483162582,6.39059739442e-07,6.83085057824e-07,0.925113245453,5.92548104678e-07,5.92548104678e-07,5.9254810476e-07,5.97906173067e-07,5.97222454478e-07,2.9148717016e-06,6.08822222948e-07,6.95894670155e-07,0.0745121202244,5.92548104679e-07,5.92548105284e-07,5.92548108943e-07,5.97540685388e-07,5.96491828832e-07,2.41223163572e-06,5.96300368301e-07,6.51372672712e-07,1.59986546948e-05,5.92548104679e-07,5.92548105276e-07,5.92548109124e-07,0.0
4.96100201394e-07,4.85697642966e-07,0.000283499607908,5.32750649612e-07,6.16440378433e-07,0.937365307007,4.5487108178e-07,4.5487108178e-07,4.54871081851e-07,4.63556742976e-07,4.62650777626e-07,2.29850385384e-06,4.81155566696e-07,5.4851549218e-07,0.0623245304017,4.54871081781e-07,4.54871082245e-07,4.54871085055e-07,4.62991705365e-07,4.614213484e-07,1.88942125132e-06,4.60778865572e-07,5.02962059559e-07,1.24061971891e-05,4.54871081781e-07,4.54871082239e-07,4.54871085193e-07,0.0
4.26393541744e-07,4.12441364223e-07,0.00024482244962,4.8018485068e-07,6.1610847133e-07,0.945700646519,3.69256431356e-07,3.69256431356e-07,3.69256431419e-07,3.81097726887e-07,3.80049579548e-07,1.90441241082e-06,4.05301789514e-07,4.60860596256e-07,0.0540324878998,3.69256431358e-07,3.69256431734e-07,3.69256434015e-07,3.8035067058e-07,3.78327625514e-07,1.55743453198e-06,3.77200005447e-07,4.11421696858e-07,1.01482388829e-05,3.69256431357e-07,3.69256431729e-07,3.69256434127e-07,0.0
3.83531019913e-07,3.66205109798e-07,0.00021690795601,4.55800592372e-07,6.58724715776e-07,0.951731137287,3.11413290581e-07,3.11413290581e-07,3.11413290638e-07,3.2604251388e-07,3.24912447492e-07,1.6324863627e-06,3.56404305357e-07,4.04341074039e-07,0.0480329845303,3.11413290582e-07,3.114132909e-07,3.11413292823e-07,3.25137947577e-07,3.22739626732e-07,1.32955963277e-06,3.21141560378e-07,3.5003081033e-07,8.61044930035e-06,3.11413290582e-07,3.11413290896e-07,3.11413292918e-07,0.0
3.5570781446e-07,3.35129527661e-07,0.000195625625664,4.47912359367e-07,7.36826887646e-07,0.956339451695,2.69559414763e-07,2.69559414763e-07,2.69559414815e-07,2.86606870637e-07,2.85435046673e-07,1.43240338932e-06,3.22657564779e-07,3.65343610382e-07,0.0434481202068,2.69559414764e-07,2.69559415039e-07,2.69559416704e-07,2.85566862675e-07,2.82857853938e-07,1.16259123463e-06,2.80820845686e-07,3.05887446279e-07,7.49069035299e-06,2.69559414764e-07,2.69559415035e-07,2.69559416786e-07,0.0
3.37087367375e-07,3.13313555162e-07,0.000178700586419,4.50976983419e-07,8.50764313332e-07,0.960012125504,2.37685259436e-07,2.37685259436e-07,2.37685259484e-07,2.56827738832e-07,2.55640631929e-07,1.27789213584e-06,2.9816501317e-07,3.37057463291e-07,0.0397939583754,2.37685259437e-07,2.3768525968e-07,2.37685261147e-07,2.55670432222e-07,2.52701447372e-07,1.03410275348e-06,2.50260321543e-07,2.7244266363e-07,6.63346441741e-06,2.37685259437e-07,2.37685259676e-07,2.3768526122e-07,0.0
3.24539788485e-07,2.97573333175e-07,0.000164804837806,4.62213181161e-07,1.00553582754e-06,0.96303345442,2.12469691426e-07,2.12469691426e-07,2.1246969147e-07,2.33434499979e-07,2.32249820824e-07,1.15418665299e-06,2.79731803087e-07,3.15788555018e-07,0.0367877060151,2.12469691427e-07,2.12469691644e-07,2.12469692956e-07,2.32174564684e-07,2.28985246052e-07,9.31541768518e-07,2.26173387393e-07,2.46094348333e-07,5.9522769845e-06,2.12469691427e-07,2.12469691641e-07,2.12469693021e-07,0.0
3.16257206174e-07,2.86058023438e-07,0.000153114073919,4.80190368777e-07,1.20989641152e-06,0.9655800687,1.91936717733e-07,1.91936717733e-07,1.91936717774e-07,2.1449505786e-07,2.13324865594e-07,1.05238485451e-06,2.65492095325e-07,2.99378058731e-07,0.0342536553142,1.91936717734e-07,1.91936717929e-07,1.91936719115e-07,2.13144410454e-07,2.09766092554e-07,8.47365396441e-07,2.06614001136e-07,2.2470909893e-07,5.39540511856e-06,1.91936717733e-07,1.91936717927e-07,1.91936719173e-07,0.0
3.11129798742e-07,2.77623098315e-07,0.000143088491586,5.04203822551e-07,1.47648224008e-06,0.967767735869,1.74836256912e-07,1.74836256912e-07,1.74836256951e-07,1.98795322081e-07,1.97647946154e-07,9.66793537135e-07,2.54286075044e-07,2.86483529183e-07,0.0320766334291,1.74836256912e-07,1.74836257091e-07,1.74836258171e-07,1.97363748191e-07,1.9382156883e-07,7.76762667558e-07,1.90356624383e-07,2.06943162461e-07,4.92999123844e-06,1.74836256912e-07,1.74836257088e-07,1.74836258224e-07,0.0
3.08442471921e-07,2.71524477623e-07,0.000134358414743,5.33977439152e-07,1.8225241236e-06,0.969675798335,1.60336860207e-07,1.60336860207e-07,1.60336860243e-07,1.85532934038e-07,1.84414179779e-07,8.93590895979e-07,2.45355179141e-07,2.76226817138e-07,0.030177695147,1.60336860207e-07,1.60336860371e-07,1.60336861361e-07,1.84028568046e-07,1.80342996188e-07,7.16511425509e-07,1.76589645635e-07,1.91906550316e-07,4.53410416292e-06,1.60336860207e-07,1.60336860369e-07,1.6033686141e-07,0.0
3.07716659648e-07,2.6725845043e-07,0.000126661085822,5.69513515401e-07,2.27104152926e-06,0.971360686835,1.47862375205e-07,1.47862375205e-07,1.4786237524e-07,1.74155275827e-07,1.73069200239e-07,8.30107117214e-07,2.3818221137e-07,2.680092071e-07,0.028500680304,1.47862375206e-07,1.47862375357e-07,1.4786237627e-07,1.72584960197e-07,1.68772894571e-07,6.64365278071e-07,1.64752965872e-07,1.78985044363e-07,4.19249991792e-06,1.47862375206e-07,1.47862375355e-07,1.47862376315e-07,0.0
3.08622634612e-07,2.64472663265e-07,0.000119803851143,6.11013684243e-07,2.85254832826e-06,0.972863795135,1.36999782008e-07,1.36999782008e-07,1.3699978204e-07,1.64268495091e-07,1.63217919478e-07,7.74414475845e-07,2.32402231146e-07,2.61408319116e-07,0.0270043791826,1.36999782008e-07,1.36999782148e-07,1.36999782994e-07,1.6263804906e-07,1.58713615355e-07,6.18705138799e-07,1.54446645783e-07,1.6774005766e-07,3.89422080637e-06,1.36999782008e-07,1.36999782146e-07,1.36999783036e-07,0.0
3.10928319388e-07,2.62914002865e-07,0.000113641710081,6.58836825215e-07,3.60738196931e-06,0.974216283969,1.27444473161e-07,1.27444473161e-07,1.27444473192e-07,1.55583732082e-07,1.54570589273e-07,7.25081941052e-07,2.27750258479e-07,2.5611757602e-07,0.0256577516618,1.27444473161e-07,1.27444473291e-07,1.27444474078e-07,1.53898154226e-07,1.49873291885e-07,5.78331045731e-07,1.45376830902e-07,1.5784934748e-07,3.63116539092e-06,1.27444473161e-07,1.2744447329e-07,1.27444474117e-07,0.0
3.14468061923e-07,2.62396709792e-07,0.000108063067744,7.13477541173e-07,4.58883560338e-06,0.975442129736,1.1896632468e-07,1.1896632468e-07,1.1896632471e-07,1.47883920476e-07,1.46909495305e-07,6.81021916261e-07,2.24029206302e-07,2.51909070724e-07,0.0244368914631,1.18966324681e-07,1.18966324802e-07,1.18966325537e-07,1.4614754322e-07,1.42032444156e-07,5.42332376243e-07,1.37322319492e-07,1.49070355335e-07,3.39719936718e-06,1.18966324681e-07,1.189663248e-07,1.18966325573e-07,0.0
3.19122861967e-07,2.62782121747e-07,0.000102980376605,7.75556892798e-07,5.86734728759e-06,0.976560126026,1.11387862146e-07,1.11387862146e-07,1.11387862174e-07,1.41002510845e-07,1.40067610011e-07,6.4139097799e-07,2.21089462936e-07,2.48609917335e-07,0.0233230309795,1.11387862147e-07,1.1138786226e-07,1.11387862948e-07,1.39219119811e-07,1.35022561502e-07,5.10003923862e-07,1.30113108165e-07,1.41216678435e-07,3.18758199214e-06,1.11387862147e-07,1.11387862259e-07,1.11387862982e-07,0.0
3.24807440923e-07,2.63965380817e-07,9.83238024918e-05,8.45821004338e-07,7.53609335841e-06,0.977585236232,1.04569752448e-07,1.04569752448e-07,1.04569752475e-07,1.34809388714e-07,1.33914462858e-07,6.05523535219e-07,2.18815464242e-07,2.46086695167e-07,0.0223011901737,1.04569752449e-07,1.04569752555e-07,1.04569753201e-07,1.32982316095e-07,1.2871191819e-07,4.80789889471e-07,1.23616174093e-07,1.34142475933e-07,2.99858411426e-06,1.04569752449e-07,1.04569752554e-07,1.04569753233e-07,0.0
3.31461550305e-07,2.65866461381e-07,9.40368237412e-05,9.25145160386e-07,9.71845453149e-06,0.978529530216,9.84008907483e-08,9.84008907483e-08,9.8400890774e-08,1.29201289577e-07,1.2834652236e-07,5.72886260596e-07,2.17116611192e-07,2.44234925546e-07,0.0213592373796,9.84008907485e-08,9.84008908489e-08,9.84008914566e-08,1.2733348808e-07,1.22995912778e-07,4.54245459953e-07,1.17725785788e-07,1.27731841275e-07,2.8272266607e-06,9.84008907485e-08,9.84008908476e-08,9.84008914867e-08,0.0
3.39043988813e-07,2.68423963116e-07,9.00731021865e-05,1.01454209327e-06,1.25779847469e-05,0.979402845892,9.27914597171e-08,9.27914597171e-08,9.27914597418e-08,1.24095112589e-07,1.23280486555e-07,5.43046028886e-07,2.15920974714e-07,2.42971777576e-07,0.0204872212392,9.27914597174e-08,9.27914598121e-08,9.27914603851e-08,1.22189214671e-07,1.17790325187e-07,4.30009808256e-07,1.12356736321e-07,1.21891379671e-07,2.67109719667e-06,9.27914597174e-08,9.27914598108e-08,9.27914604134e-08,0.0
3.47528398376e-07,2.7159072241e-07,8.63942124838e-05,1.1151737707e-06,1.63317287684e-05,0.98021326341,8.76679639442e-08,8.76679639442e-08,8.76679639679e-08,1.19423154034e-07,1.18648499879e-07,5.15646875197e-07,2.15170838702e-07,2.42230903767e-07,0.0196768857263,8.76679639444e-08,8.76679640339e-08,8.76679645753e-08,1.17481519883e-07,1.13026507237e-07,4.07786711162e-07,1.07439514334e-07,1.16544910963e-07,2.52821846252e-06,8.76679639444e-08,8.76679640327e-08,8.7667964602e-08,0.0
3.5690025699e-07,2.75330648515e-07,8.29679640199e-05,1.2283663546e-06,2.12680241717e-05,0.980967447716,8.29696087131e-08,8.29696087131e-08,8.29696087358e-08,1.15129643138e-07,1.1439467694e-07,4.90393119997e-07,2.14819486011e-07,2.41958716142e-07,0.018921311645,8.29696087133e-08,8.2969608798e-08,8.29696093104e-08,1.13154399955e-07,1.08647885545e-07,3.87330369422e-07,1.02916791184e-07,1.11629616167e-07,2.39695234963e-06,8.29696087133e-08,8.29696087969e-08,8.29696093357e-08,0.0
3.67154693545e-07,2.79616401984e-07,7.97671402874e-05,1.35562822704e-06,2.77703120333e-05,0.981670895462,7.86456135371e-08,7.86456135371e-08,7.8645613559e-08,1.11168180429e-07,1.10472532028e-07,4.67036799871e-07,2.14828844668e-07,2.4211165939e-07,0.0182146472917,7.86456135373e-08,7.86456136176e-08,7.86456141033e-08,1.09161254925e-07,1.04607374398e-07,3.68434856528e-07,9.87408214124e-08,1.07093185864e-07,2.27592855666e-06,7.86456135373e-08,7.86456136165e-08,7.86456141273e-08,0.0
3.78294876949e-07,2.84427662797e-07,7.67685377432e-05,1.4986711245e-06,3.63490022795e-05,0.982328109507,7.46531881882e-08,7.46531881882e-08,7.46531882093e-08,1.07499813641e-07,1.06843048427e-07,4.45368161727e-07,2.15167742762e-07,2.42654189634e-07,0.0175519031389,7.46531881884e-08,7.46531882646e-08,7.46531887257e-08,1.0546295921e-07,1.00865431757e-07,3.50926146685e-07,9.48714893104e-08,1.02891677385e-07,2.16399076377e-06,7.46531881884e-08,7.46531882636e-08,7.46531887484e-08,0.0
3.90330811533e-07,2.89749817314e-07,7.39522230321e-05,1.65943451952e-06,4.7684139434e-05,0.982942715631,7.09559863992e-08,7.09559863992e-08,7.09559864194e-08,1.04091571685e-07,1.03473207439e-07,4.25208373792e-07,2.1581060387e-07,2.43557264028e-07,0.0169287932576,7.09559863994e-08,7.09559864718e-08,7.095598691e-08,1.0202639139e-07,9.73885776239e-08,3.34656007498e-07,9.12748206117e-08,9.89878822366e-08,2.06015545577e-06,7.09559863994e-08,7.09559864708e-08,7.09559869316e-08,0.0
4.03278421387e-07,2.95572945658e-07,7.1300951762e-05,1.840113452e-06,6.26825524019e-05,0.983517529934,6.75229093635e-08,6.75229093635e-08,6.7522909383e-08,1.00915332796e-07,1.00334852765e-07,4.06403865355e-07,2.16736469366e-07,2.44797209555e-07,0.0163416113823,6.75229093637e-08,6.75229094326e-08,6.75229098496e-08,9.88232990583e-08,9.41482499207e-08,3.19497261614e-07,8.79218343598e-08,9.53500667434e-08,1.96358002027e-06,6.75229093637e-08,6.75229094317e-08,6.75229098702e-08,0.0
4.17158838693e-07,3.01891025226e-07,6.87997083561e-05,2.04319004809e-06,8.25544271163e-05,0.984054580646,6.43271690048e-08,6.43271690048e-08,6.43271690236e-08,9.79469397492e-08,9.74038028314e-08,3.88821879738e-07,2.17928270673e-07,2.46354881989e-07,0.0157871330125,6.43271690049e-08,6.43271690706e-08,6.43271694679e-08,9.58294114827e-08,9.11199101237e-08,3.05340067299e-07,8.47876472405e-08,9.19509896627e-08,1.87353774275e-06,6.43271690049e-08,6.43271690697e-08,6.43271694875e-08,0.0
4.3199783151e-07,3.08701288328e-07,6.64353376752e-05,2.27146896962e-06,0.000108915917004,0.984555083959,6.13455466112e-08,6.13455466112e-08,6.13455466293e-08,9.51654998679e-08,9.46591485677e-08,3.72346942141e-07,2.19372300187e-07,2.48215055812e-07,0.0152625373387,6.13455466113e-08,6.13455466739e-08,6.13455470528e-08,9.3023737666e-08,8.82823358891e-08,2.92088966898e-07,8.1850767849e-08,8.87671281944e-08,1.78939799509e-06,6.13455466113e-08,6.13455466731e-08,6.13455470715e-08,0.0
4.47825318475e-07,3.1600368618e-07,6.41962468625e-05,2.52811700224e-06,0.000143926637396,0.985019369617,5.85578000733e-08,5.85578000733e-08,5.85578000908e-08,9.25528245594e-08,9.20826911839e-08,3.56878024943e-07,2.21057848578e-07,2.50366007979e-07,0.0147653444489,5.85578000735e-08,5.85578001332e-08,5.85578004949e-08,9.03880044774e-08,8.56170550899e-08,2.79660520381e-07,7.90925357043e-08,8.57780628172e-08,1.71061037945e-06,5.85578000735e-08,5.85578001324e-08,5.85578005127e-08,0.0
4.64674923584e-07,3.23800420224e-07,6.20721613217e-05,2.81670689932e-06,0.000190473846596,0.985446747833,5.5946185297e-08,5.5946185297e-08,5.59461853139e-08,9.00929748985e-08,8.96584863667e-08,3.42326249697e-07,2.22976991204e-07,2.52799275974e-07,0.0142933644567,5.59461852971e-08,5.59461853542e-08,5.59461856997e-08,8.79062013385e-08,8.31078876018e-08,2.67981388962e-07,7.64966719916e-08,8.29659847332e-08,1.63669191487e-06,5.59461852971e-08,5.59461853534e-08,5.59461857168e-08,0.0
4.82583524529e-07,3.3209550604e-07,6.00539226182e-05,3.14126542e-06,0.000252419008975,0.985835304359,5.34950661025e-08,5.34950661025e-08,5.34950661188e-08,8.77718880728e-08,8.73724695976e-08,3.28613005343e-07,2.25124519594e-07,2.55509586193e-07,0.0138446560455,5.34950661026e-08,5.34950661572e-08,5.34950664876e-08,8.55642062676e-08,8.07405695665e-08,2.56986767748e-07,7.40489176804e-08,8.03152992227e-08,1.56721658546e-06,5.34950661026e-08,5.34950661565e-08,5.34950665039e-08,0.0
5.01590743205e-07,3.4089433595e-07,5.81333188804e-05,3.50632518931e-06,0.000334927513526,0.986181604814,5.11905931968e-08,5.11905931968e-08,5.11905932127e-08,8.55770653241e-08,8.52121431579e-08,3.15668391064e-07,2.27498027105e-07,2.58494964204e-07,0.013417492551,5.1190593197e-08,5.11905932492e-08,5.11905935654e-08,8.33494739492e-08,7.85024407972e-08,2.46619090715e-07,7.17367409812e-08,7.78123051397e-08,1.5018067346e-06,5.1190593197e-08,5.11905932485e-08,5.1190593581e-08,0.0
5.21738316404e-07,3.50203203662e-07,5.63029402919e-05,3.91697949218e-06,0.000444908857348,0.986480282384,4.90204373622e-08,4.90204373622e-08,4.90204373775e-08,8.34973061473e-08,8.31663095142e-08,3.03429913218e-07,2.30098172539e-07,2.61757056001e-07,0.0130103341844,4.90204373623e-08,4.90204374123e-08,4.90204377151e-08,8.12507706499e-08,7.63821802205e-08,2.3682694903e-07,6.9549100819e-08,7.5444935958e-08,1.44012591135e-06,4.90204373623e-08,4.90204374117e-08,4.902043773e-08,0.0
5.43069267185e-07,3.60028748016e-07,5.45560537271e-05,4.37893828385e-06,0.000591602850049,0.986723474363,4.6973565359e-08,4.6973565359e-08,4.69735653738e-08,8.15224763989e-08,8.12248386768e-08,2.9184138123e-07,2.32929163863e-07,2.65301711277e-07,0.0126218053724,4.69735653591e-08,4.6973565407e-08,4.69735656971e-08,7.9257943735e-08,7.43695772551e-08,2.27564176771e-07,6.74762566592e-08,7.32025518079e-08,1.3818728639e-06,4.69735653591e-08,4.69735654064e-08,4.69735657115e-08,0.0
5.65626771125e-07,3.70377262303e-07,5.28864916771e-05,4.89858238855e-06,0.000787357483329,0.986900062581,4.50400495594e-08,4.50400495594e-08,4.50400495737e-08,7.96432999934e-08,7.93784591478e-08,2.80851958934e-07,2.35999528752e-07,2.69139909341e-07,0.0122506765155,4.50400495595e-08,4.50400496055e-08,4.50400498836e-08,7.73617156092e-08,7.24553291813e-08,2.18789067866e-07,6.55096180572e-08,7.10757752771e-08,1.32677644304e-06,4.50400495595e-08,4.50400496049e-08,4.50400498974e-08,0.0
5.894525738e-07,3.81253799984e-07,5.12885514692e-05,5.48301081484e-06,0.00104865583944,0.986994660781,4.32109042792e-08,4.32109042792e-08,4.32109042931e-08,7.78511653065e-08,7.76185635087e-08,2.70415336876e-07,2.39323273555e-07,2.73289150288e-07,0.0118958497785,4.32109042794e-08,4.32109043234e-08,4.32109045903e-08,7.55534933916e-08,7.06308561283e-08,2.10463695704e-07,6.36416300678e-08,6.9056366814e-08,1.27459123147e-06,4.32109042793e-08,4.32109043229e-08,4.32109046035e-08,0.0
6.14584762854e-07,3.92660985619e-07,4.97569015644e-05,6.14007296286e-06,0.00139746183333,0.986986279147,4.14779434032e-08,4.14779434032e-08,4.14779434167e-08,7.61379385326e-08,7.59370208113e-08,2.60488998855e-07,2.42921583742e-07,2.77775496044e-07,0.0115563488737,4.14779434033e-08,4.14779434456e-08,4.14779437018e-08,7.38251868172e-08,6.88881265789e-08,2.02553313339e-07,6.18656935713e-08,6.71371387957e-08,1.22509376043e-06,4.14779434033e-08,4.14779434451e-08,4.14779437144e-08,0.0
6.41054625598e-07,4.04597410369e-07,4.82864926179e-05,6.87837267309e-06,0.00186296520122,0.986846585214,3.98336554374e-08,3.98336554374e-08,3.98336554504e-08,7.44957774316e-08,7.43259890962e-08,2.51033563682e-07,2.4682529712e-07,2.82636540214e-07,0.0112313132656,3.98336554375e-08,3.98336554781e-08,3.98336557241e-08,7.2169028081e-08,6.72194875884e-08,1.95025818565e-07,6.01761231493e-08,6.5311911292e-08,1.17807921987e-06,3.98336554375e-08,3.98336554776e-08,3.98336557363e-08,0.0
6.68882226453e-07,4.17055453349e-07,4.68724723223e-05,7.70722374738e-06,0.00248380944939,0.986537676314,3.82710938782e-08,3.82710938782e-08,3.82710938909e-08,7.29169406745e-08,7.27777231032e-08,2.42012192669e-07,2.51078503121e-07,2.87925732808e-07,0.0109199979039,3.82710938783e-08,3.82710939174e-08,3.82710941537e-08,7.05773891363e-08,6.56174957325e-08,1.8785127585e-07,5.85681501506e-08,6.35755181123e-08,1.13335862148e-06,3.82710938783e-08,3.82710939169e-08,3.82710941654e-08,0.0
